epoch,train_loss,valid_loss,has_train_loss_improved,has_valid_loss_improved,duration
0,1.00713,0.998017787933,1,1,26.7153670788
1,1.00065,0.996057629585,1,1,26.6372461319
2,0.996363,0.988044440746,1,1,26.8027238846
3,0.982271,0.971062064171,1,1,27.1197888851
4,0.960779,0.944025158882,1,1,26.9192991257
5,0.929481,0.909935951233,1,1,27.1356520653
6,0.887785,0.864757537842,1,1,27.0778260231
7,0.847397,0.822721481323,1,1,27.0776751041
8,0.808051,0.786551773548,1,1,27.0693612099
9,0.772852,0.757107853889,1,1,26.9693911076
10,0.741712,0.733685731888,1,1,27.0026772022
11,0.718718,0.712751090527,1,1,27.0276708603
12,0.7011,0.696186602116,1,1,27.0777521133
13,0.68733,0.680394291878,1,1,27.0611710548
14,0.674535,0.673962831497,1,1,27.0371620655
15,0.664083,0.656427919865,1,1,27.2846770287
16,0.652061,0.649527966976,1,1,26.8446450233
17,0.641291,0.640710890293,1,1,26.9037230015
18,0.630806,0.628791749477,1,1,27.7612650394
19,0.621196,0.621234893799,1,1,28.1088039875
20,0.611822,0.611282229424,1,1,27.6289479733
21,0.603929,0.603522539139,1,1,28.1606240273
22,0.595653,0.60105162859,1,1,28.2427699566
23,0.589616,0.588920891285,1,1,28.0598139763
24,0.581707,0.587490737438,1,1,28.4079539776
25,0.575594,0.578637182713,1,1,27.8302659988
26,0.569572,0.571232020855,1,1,28.1528658867
27,0.563219,0.569363951683,1,1,28.0594170094
28,0.55885,0.567338347435,1,1,27.396914959
29,0.554247,0.555977702141,1,1,27.2413609028
30,0.548954,0.555305242538,1,1,27.2024080753
31,0.544836,0.547789871693,1,1,27.9189279079
32,0.541459,0.544364929199,1,1,28.2754471302
33,0.53717,0.545213699341,1,0,28.216727972
34,0.532312,0.537911236286,1,1,28.3142728806
35,0.529633,0.533648788929,1,1,27.3609359264
36,0.526561,0.532154738903,1,1,28.1363201141
37,0.52256,0.529657125473,1,1,28.1481509209
38,0.519163,0.52470600605,1,1,28.3068108559
39,0.516415,0.522764503956,1,1,27.903386116
40,0.513243,0.519447267056,1,1,28.0155100822
41,0.510061,0.514508187771,1,1,27.6528768539
42,0.507255,0.509874880314,1,1,28.1867489815
43,0.505014,0.510357379913,1,0,28.3171110153
44,0.501632,0.50845938921,1,1,28.1185998917
45,0.499091,0.50363099575,1,1,28.0366070271
46,0.496546,0.502651393414,1,1,27.8844330311
47,0.493681,0.498117864132,1,1,28.5375409126
48,0.491822,0.498613297939,1,0,27.6255800724
49,0.488556,0.498245596886,1,0,28.1553390026
50,0.48628,0.493906974792,1,1,28.2332241535
51,0.483839,0.493602007627,1,1,28.3184850216
52,0.482561,0.492346704006,1,1,28.0759789944
53,0.479327,0.485748708248,1,1,27.6689560413
54,0.477275,0.484430581331,1,1,28.2090079784
55,0.475292,0.483484178782,1,1,28.0202720165
56,0.47333,0.480217516422,1,1,27.5454649925
57,0.471336,0.476824969053,1,1,27.8275930882
58,0.469294,0.475852459669,1,1,28.010748148
59,0.467013,0.474110633135,1,1,27.8184070587
60,0.465803,0.47528424859,1,0,28.1798009872
61,0.463797,0.470968186855,1,1,28.1098549366
62,0.46117,0.470059424639,1,1,27.3073120117
63,0.460423,0.466310918331,1,1,28.1937642097
64,0.457927,0.466018587351,1,1,28.293710947
65,0.456133,0.46354341507,1,1,27.4027121067
66,0.454536,0.468620061874,1,0,28.188783884
67,0.453505,0.460667550564,1,1,27.8649120331
68,0.451182,0.458159476519,1,1,28.3044500351
69,0.449636,0.461225688457,1,0,27.7387449741
70,0.447963,0.456651598215,1,1,27.4225301743
71,0.44655,0.453987598419,1,1,27.6199622154
72,0.44493,0.449400395155,1,1,27.6425821781
73,0.443418,0.451939254999,1,0,27.6063001156
74,0.442146,0.44979339838,1,0,27.7613759041
75,0.440162,0.451020538807,1,0,28.0291240215
76,0.439408,0.45031362772,1,0,27.9508469105
77,0.437904,0.447068154812,1,1,28.2306120396
78,0.436311,0.445968300104,1,1,28.1766588688
79,0.43519,0.445860505104,1,1,27.7289819717
80,0.433827,0.441921681166,1,1,28.2514281273
81,0.432175,0.439766079187,1,1,27.7428879738
82,0.431076,0.438087821007,1,1,28.1956369877
83,0.42956,0.439523637295,1,0,28.2149631977
84,0.429035,0.43633082509,1,1,27.7790949345
85,0.427282,0.435502588749,1,1,27.0793728828
86,0.425659,0.435459315777,1,1,28.3938210011
87,0.425158,0.433309853077,1,1,28.1099429131
88,0.423886,0.432547450066,1,1,27.6509530544
89,0.422825,0.431483149529,1,1,27.8773829937
90,0.421761,0.428576260805,1,1,27.7283909321
91,0.420115,0.427750229836,1,1,27.6273498535
92,0.41957,0.429857581854,1,0,27.3995230198
93,0.418382,0.425709664822,1,1,27.7705640793
94,0.416958,0.424841403961,1,1,28.0294439793
95,0.416189,0.424408435822,1,1,27.6915729046
96,0.415162,0.42350590229,1,1,27.4274499416
97,0.413968,0.421139895916,1,1,28.1275918484
98,0.413032,0.41859087348,1,1,27.6836209297
99,0.411989,0.4208522439,1,0,27.2519481182
100,0.410963,0.420323491096,1,0,27.4797940254
101,0.409968,0.414884090424,1,1,28.0451309681
102,0.408724,0.419767737389,1,0,27.9947330952
103,0.408385,0.416543841362,1,0,28.272133112
104,0.407399,0.415918678045,1,0,28.0240139961
105,0.405507,0.415006250143,1,0,27.9825901985
106,0.405244,0.416149318218,1,0,28.0888540745
107,0.404474,0.412925451994,1,1,27.5931539536
108,0.403365,0.411569356918,1,1,28.4433979988
109,0.402715,0.412016123533,1,0,27.9643208981
110,0.401527,0.409148901701,1,1,27.9315989017
111,0.400647,0.407909542322,1,1,28.2251861095
112,0.400052,0.406633645296,1,1,27.3878519535
113,0.3989,0.410530298948,1,0,27.4449970722
114,0.39807,0.405883938074,1,1,28.0739929676
115,0.397089,0.4085277915,1,0,27.8540968895
116,0.396768,0.40481826663,1,1,28.2500779629
117,0.395674,0.405768662691,1,0,27.7966918945
118,0.394546,0.405889987946,1,0,27.1980359554
119,0.394278,0.403553366661,1,1,27.960916996
120,0.393124,0.402458250523,1,1,28.1275839806
121,0.392592,0.402496933937,1,0,27.8347239494
122,0.392042,0.401500493288,1,1,27.3360519409
123,0.390533,0.399272352457,1,1,27.9104371071
124,0.390115,0.400975584984,1,0,27.9011518955
125,0.389311,0.397451132536,1,1,28.1216409206
126,0.388995,0.397274911404,1,1,28.1072800159
127,0.388126,0.398700326681,1,0,27.9157590866
128,0.387194,0.39700755477,1,1,28.1663198471
129,0.38677,0.396889150143,1,1,27.9510340691
130,0.385571,0.394984692335,1,1,28.352875948
131,0.385376,0.394682466984,1,1,28.3080379963
132,0.384108,0.394495159388,1,1,28.5627808571
133,0.383905,0.392395704985,1,1,27.5846059322
134,0.383332,0.394244104624,1,0,27.5318601131
135,0.381941,0.392219811678,1,1,28.1659460068
136,0.382148,0.391140311956,0,1,28.0174179077
137,0.380578,0.391988366842,1,0,27.5952398777
138,0.380757,0.389891535044,0,1,28.2176568508
139,0.379874,0.387921661139,1,1,28.2305078506
140,0.378668,0.389152318239,1,0,27.9099500179
141,0.378653,0.391894102097,1,0,27.1915800571
142,0.378185,0.389025747776,1,0,28.3224041462
143,0.377233,0.389095336199,1,0,28.115790844
144,0.376359,0.386191040277,1,1,28.2949399948
145,0.375954,0.386214524508,1,0,27.9918870926
146,0.375313,0.391236066818,1,0,27.9965379238
147,0.374844,0.383563429117,1,1,28.2493391037
148,0.374072,0.384298861027,1,0,27.6224160194
149,0.373773,0.38364341855,1,0,28.0704021454
150,0.373224,0.382811844349,1,1,28.3801789284
151,0.372222,0.383013188839,1,0,28.1785099506
152,0.371774,0.379955977201,1,1,28.069092989
153,0.371109,0.381215780973,1,0,27.9209799767
154,0.371147,0.382407218218,0,0,28.2194340229
155,0.370054,0.381553560495,1,0,28.1710300446
156,0.369227,0.38033336401,1,0,28.0732929707
157,0.369171,0.379018515348,1,1,28.0657458305
158,0.368638,0.37966811657,1,0,28.010571003
159,0.368008,0.378279745579,1,1,27.9607691765
160,0.36736,0.379545778036,1,0,27.4458761215
161,0.366841,0.376063257456,1,1,27.9667620659
162,0.366389,0.377179414034,1,0,27.5483949184
163,0.365396,0.377234607935,1,0,27.8993871212
164,0.365328,0.374705463648,1,1,28.4256899357
165,0.364443,0.374172121286,1,1,27.3045339584
166,0.364918,0.376205444336,0,0,28.1233799458
167,0.363235,0.375137895346,1,0,28.1357390881
168,0.363472,0.372412055731,0,1,28.054461956
169,0.362367,0.373478144407,1,0,27.9340360165
170,0.362047,0.37370762229,1,0,27.5990719795
171,0.361762,0.376054435968,1,0,27.5755820274
172,0.361609,0.374384135008,1,0,27.8257009983
173,0.360451,0.368822157383,1,1,28.3094320297
174,0.360345,0.37120449543,1,0,27.295183897
175,0.359469,0.370736062527,1,0,28.3056638241
176,0.359427,0.370113223791,1,0,28.1097609997
177,0.358608,0.369469940662,1,0,27.8689169884
178,0.358694,0.369447767735,0,0,28.1633369923
179,0.357648,0.370398253202,1,0,27.892206192
180,0.357149,0.366843760014,1,1,28.0213110447
181,0.35693,0.368110656738,1,0,26.8783371449
182,0.356241,0.370455116034,1,0,28.1441049576
183,0.356188,0.368337929249,1,0,28.1440839767
184,0.35534,0.366017460823,1,1,27.9528288841
185,0.35515,0.367116302252,1,0,28.0797860622
186,0.354588,0.364292681217,1,1,27.9729681015
187,0.354303,0.365386486053,1,0,27.9285349846
188,0.353239,0.363119453192,1,1,28.4921400547
189,0.35336,0.365209519863,0,0,27.7217581272
190,0.352757,0.364820212126,1,0,28.0927560329
191,0.352087,0.364067465067,1,0,28.1748671532
192,0.351784,0.363579750061,1,0,27.9173259735
193,0.351678,0.361839920282,1,1,28.2792999744
194,0.350965,0.363765239716,1,0,26.9406659603
195,0.350552,0.362216889858,1,0,28.0175380707
196,0.35034,0.361264437437,1,1,28.3985080719
197,0.349756,0.36261755228,1,0,27.53561306
198,0.349402,0.361009448767,1,1,27.9270598888
199,0.348917,0.362002909184,1,0,27.9895689487
200,0.348348,0.36009901762,1,1,27.4236168861
201,0.348172,0.359322160482,1,1,27.6937010288
202,0.347856,0.358189702034,1,1,27.8608269691
203,0.347366,0.358955293894,1,0,27.7546331882
204,0.347057,0.359550207853,1,0,27.7262210846
205,0.346677,0.357296317816,1,1,27.719730854
206,0.345799,0.359206497669,1,0,27.8159902096
207,0.345815,0.359309315681,0,0,27.9814469814
208,0.345182,0.358091562986,1,0,27.8736782074
209,0.345114,0.356632083654,1,1,27.2049889565
210,0.344416,0.357016980648,1,0,28.4013590813
211,0.344504,0.356038212776,0,1,28.275728941
212,0.343514,0.35392037034,1,1,28.1200251579
213,0.343722,0.354465126991,0,0,28.091547966
214,0.342642,0.354033619165,1,0,27.6258909702
215,0.342408,0.354923933744,1,0,27.7786738873
216,0.342161,0.35509288311,1,0,28.1725728512
217,0.341907,0.354380816221,1,0,27.9058799744
218,0.341848,0.353872418404,1,1,27.9703531265
219,0.340836,0.354762375355,1,0,26.9056441784
220,0.340938,0.351629108191,0,1,27.6332731247
221,0.340279,0.35057964921,1,1,27.877065897
222,0.340398,0.353934049606,0,0,27.8844761848
223,0.339687,0.352200984955,1,0,28.2438259125
224,0.339773,0.352646708488,0,0,28.3340289593
225,0.338769,0.350238442421,1,1,27.7966229916
226,0.338547,0.350727468729,1,0,27.851733923
227,0.338656,0.351808845997,0,0,27.7865920067
228,0.337796,0.349841415882,1,1,28.3119158745
229,0.337677,0.34944280982,1,1,28.1843829155
230,0.337616,0.349094867706,1,1,27.7043209076
231,0.336775,0.352082282305,1,0,28.0604360104
232,0.336438,0.349647045135,1,0,28.0395607948
233,0.336723,0.350090503693,0,0,28.2052152157
234,0.336046,0.350046575069,1,0,28.226733923
235,0.335476,0.34693479538,1,1,27.950548172
236,0.335421,0.34865167737,1,0,27.7071518898
237,0.334878,0.346857607365,1,1,27.9057090282
238,0.334221,0.346733987331,1,1,26.9609031677
239,0.334555,0.347872406244,0,0,27.3279838562
240,0.33388,0.347184926271,1,0,27.8621170521
241,0.33378,0.347554057837,1,0,27.9685900211
242,0.333486,0.347259700298,1,0,28.4250879288
243,0.333339,0.346303254366,1,1,27.6274311543
244,0.332444,0.345607250929,1,1,27.7024679184
245,0.332413,0.345575869083,1,1,27.793918848
246,0.332294,0.345507264137,1,1,28.178126812
247,0.331582,0.345504373312,1,1,27.9511790276
248,0.331641,0.346539407969,0,0,27.7538228035
249,0.331435,0.34432631731,1,1,28.4175078869
250,0.330928,0.343906790018,1,1,28.2683110237
251,0.330501,0.347520828247,1,0,27.9298560619
252,0.330461,0.34291306138,1,1,28.2851359844
253,0.329924,0.344375610352,1,0,28.2446138859
254,0.329822,0.342059582472,1,1,28.3630809784
255,0.329338,0.344957470894,1,0,28.182199955
256,0.329071,0.343748629093,1,0,28.1866168976
257,0.329022,0.343694835901,1,0,27.923648119
258,0.328658,0.341194629669,1,1,28.1774427891
259,0.328447,0.34344637394,1,0,27.807541132
260,0.327706,0.342537999153,1,0,28.2444918156
261,0.328,0.340682864189,0,1,27.4045128822
262,0.327336,0.339255928993,1,1,28.0542609692
263,0.32692,0.339474022388,1,0,27.797039032
264,0.327053,0.341559946537,0,0,26.9450080395
265,0.326343,0.340734541416,1,0,26.9665901661
266,0.326438,0.339939415455,0,0,28.2146608829
267,0.325907,0.338977247477,1,1,28.178196907
268,0.325881,0.340401381254,1,0,27.6688899994
269,0.325473,0.340711057186,1,0,28.3338301182
270,0.325037,0.33818385005,1,1,28.0556998253
271,0.32491,0.338289529085,1,0,27.8600158691
272,0.324425,0.337252110243,1,1,27.67572999
273,0.324294,0.338057219982,1,0,28.2043728828
274,0.324106,0.338536977768,1,0,27.9261338711
275,0.323816,0.337411910295,1,0,28.2062010765
276,0.323744,0.337556451559,1,0,27.2051980495
277,0.322919,0.337040692568,1,1,28.0206260681
278,0.32294,0.336895138025,0,1,27.8677399158
279,0.322516,0.335245281458,1,1,28.1451721191
280,0.322439,0.336789041758,1,0,27.8407649994
281,0.322598,0.335865885019,0,0,28.1041769981
282,0.321951,0.335829883814,1,0,28.0938279629
283,0.321206,0.335910111666,1,0,28.0429019928
284,0.321423,0.334628671408,0,1,27.3615510464
285,0.321264,0.335350751877,0,0,28.113286972
286,0.320982,0.337013304234,1,0,28.3037149906
287,0.320517,0.335050225258,1,0,28.0420949459
288,0.320123,0.333168715239,1,1,28.1407539845
289,0.320414,0.335157960653,0,0,26.755218029
290,0.319811,0.333988457918,1,0,27.1414110661
291,0.319549,0.332992762327,1,1,28.2112028599
292,0.319286,0.332542479038,1,1,28.2126829624
293,0.319106,0.333580672741,1,0,27.7652168274
294,0.318694,0.332073122263,1,1,28.2618510723
295,0.318613,0.333146810532,1,0,27.9506089687
296,0.318105,0.332874566317,1,0,28.4179899693
297,0.318379,0.332988619804,0,0,28.2582099438
298,0.317768,0.333546072245,1,0,27.5099830627
299,0.317421,0.334053575993,1,0,27.2344679832
300,0.317132,0.332258164883,1,0,27.750565052
301,0.317713,0.330756187439,0,1,27.9685509205
302,0.316415,0.332516729832,1,0,27.6395850182
303,0.3164,0.330259859562,1,1,28.0231721401
304,0.316429,0.332469880581,0,0,27.9186911583
305,0.315715,0.330280631781,1,0,28.3037388325
306,0.315667,0.329402297735,1,1,27.0595629215
307,0.316087,0.330357164145,0,0,27.5616700649
308,0.315594,0.330213338137,1,0,28.0950708389
309,0.315236,0.329600989819,1,0,28.3803749084
310,0.314929,0.328843176365,1,1,28.2798838615
311,0.314455,0.330264896154,1,0,28.1172468662
312,0.314558,0.328062713146,0,1,28.1949050426
313,0.314058,0.329259097576,1,0,27.972495079
314,0.314113,0.328937679529,0,0,28.2642278671
315,0.31351,0.328470438719,1,0,27.962774992
316,0.313663,0.330111265182,0,0,28.13773489
317,0.313204,0.32731962204,1,1,27.8438510895
318,0.312931,0.328428685665,1,0,28.1773889065
319,0.312512,0.324412643909,1,1,28.1318469048
320,0.312475,0.3274987638,1,0,27.8773670197
321,0.312484,0.326628535986,0,0,28.0122439861
322,0.3121,0.327050238848,1,0,28.1309728622
323,0.31196,0.325848996639,1,0,28.0655128956
324,0.31184,0.32612991333,1,0,27.9919149876
325,0.311157,0.327016055584,1,0,27.1095941067
326,0.311049,0.324778348207,1,0,27.927740097
327,0.311017,0.325604707003,1,0,28.2252869606
328,0.310631,0.326560497284,1,0,27.7105898857
329,0.31062,0.326638698578,1,0,27.9762468338
330,0.310479,0.326017260551,1,0,27.4045858383
331,0.310018,0.324577867985,1,0,28.141149044
332,0.309452,0.326915353537,1,0,28.4486498833
333,0.309828,0.324968934059,0,0,27.5022969246
334,0.309585,0.323998242617,0,1,28.0944731236
335,0.309012,0.322821766138,1,1,27.6169271469
336,0.309071,0.323458105326,0,0,27.9469189644
337,0.308674,0.323153764009,1,0,28.0866620541
338,0.308264,0.324454903603,1,0,27.7912678719
339,0.308504,0.322330415249,0,1,28.284209013
340,0.307893,0.322550237179,1,0,28.1405699253
341,0.308196,0.323738515377,0,0,27.5226371288
342,0.307659,0.322153538465,1,1,27.6102390289
343,0.307457,0.323217391968,1,0,28.1745231152
344,0.307505,0.323115199804,0,0,28.2461519241
345,0.306885,0.323775559664,1,0,28.2105588913
346,0.306914,0.3204895854,0,1,28.1527318954
347,0.30632,0.321400135756,1,0,28.0111079216
348,0.306183,0.320727288723,1,0,27.7375609875
349,0.306186,0.321972221136,0,0,27.8506629467
350,0.305907,0.320673048496,1,0,27.6540389061
351,0.305656,0.319857656956,1,1,28.1984610558
352,0.305548,0.322159141302,1,0,27.7789721489
353,0.305509,0.320513308048,1,0,28.0313808918
354,0.305164,0.32183393836,1,0,28.3326900005
355,0.304739,0.320547640324,1,0,27.6723680496
356,0.304558,0.320905029774,1,0,28.0478620529
357,0.304473,0.32108849287,1,0,28.1584789753
358,0.304326,0.320215374231,1,0,27.895056963
359,0.30392,0.320373147726,1,0,27.8372709751
360,0.303673,0.319446146488,1,1,28.1921617985
361,0.303623,0.319171011448,1,1,28.2432689667
362,0.303626,0.319045931101,0,1,27.7196068764
363,0.303311,0.318085819483,1,1,27.4190471172
364,0.303125,0.318672388792,1,0,28.0989849567
365,0.302858,0.318590342999,1,0,28.3169708252
366,0.302748,0.319314956665,1,0,28.4955079556
367,0.302629,0.316412180662,1,1,27.8867509365
368,0.301957,0.318287760019,1,0,27.4117000103
369,0.301946,0.317657440901,1,0,28.1718599796
370,0.301671,0.316976338625,1,0,28.3533270359
371,0.302232,0.317845404148,0,0,28.2754468918
372,0.301427,0.315728634596,1,1,28.2313318253
373,0.301299,0.315542072058,1,1,27.01040411
374,0.301106,0.318832010031,1,0,28.0403089523
375,0.300636,0.315844476223,1,0,28.0100009441
376,0.300696,0.315499961376,0,1,28.0247020721
377,0.300621,0.315807729959,1,0,27.4584310055
378,0.300389,0.31527107954,1,1,27.9618458748
379,0.299508,0.315796375275,1,0,27.6467249393
380,0.299548,0.31650236249,0,0,28.380934
381,0.299565,0.316362380981,0,0,27.7932450771
382,0.299893,0.315816670656,0,0,28.0031940937
383,0.299427,0.316056519747,1,0,28.0841591358
384,0.299146,0.314458698034,1,1,27.8718149662
385,0.29895,0.314497292042,1,0,27.4350221157
386,0.298819,0.31352943182,1,1,28.3086230755
387,0.29857,0.314503967762,1,0,28.3354449272
388,0.298732,0.314474821091,0,0,28.0258510113
389,0.298152,0.312983840704,1,1,28.2806148529
390,0.297972,0.314114183187,1,0,28.2243981361
391,0.297786,0.312651693821,1,1,27.9379639626
392,0.297659,0.315504431725,1,0,27.4569251537
393,0.297432,0.312924653292,1,0,28.0196518898
394,0.296961,0.312605798244,1,1,28.080242157
395,0.297173,0.312844336033,0,0,27.7119448185
396,0.296906,0.31261998415,1,0,28.3467519283
397,0.296688,0.312011897564,1,1,28.2890310287
398,0.296722,0.311263650656,0,1,28.3511579037
399,0.295894,0.312804341316,1,0,27.4916729927
400,0.296256,0.312474042177,0,0,28.1497311592
401,0.295947,0.311596751213,0,0,27.7179100513
402,0.295661,0.312543928623,1,0,27.6116571426
403,0.295812,0.31234613061,0,0,27.9130151272
404,0.295279,0.312040030956,1,0,27.8890500069
405,0.295628,0.311320483685,0,0,28.2753460407
406,0.295167,0.311870008707,1,0,27.0404171944
407,0.294673,0.311296194792,1,0,27.0211310387
408,0.295042,0.310247510672,0,1,27.0760519505
409,0.294612,0.312053143978,1,0,26.9730730057
410,0.294525,0.311193585396,1,0,27.0727171898
411,0.29418,0.312138408422,1,0,27.2076170444
412,0.294132,0.311806291342,1,0,27.1105229855
413,0.294027,0.308470159769,1,1,28.0872490406
414,0.293536,0.308896034956,1,0,27.8022499084
415,0.293399,0.310073554516,1,0,27.6942400932
416,0.29318,0.308614552021,1,0,27.7944672108
417,0.293028,0.311204820871,1,0,27.9963121414
418,0.293362,0.307939261198,0,1,28.1929709911
419,0.293258,0.307709187269,0,1,27.9308650494
420,0.292353,0.306705862284,1,1,28.4700489044
421,0.292512,0.308111459017,0,0,27.5381560326
422,0.292115,0.309032291174,1,0,27.6046359539
423,0.292235,0.309051126242,0,0,28.235462904
424,0.292084,0.309334874153,1,0,27.8181488514
425,0.292057,0.309730440378,1,0,28.2199838161
426,0.291277,0.307965457439,1,0,27.6824991703
427,0.291698,0.307230830193,0,0,27.9056339264
428,0.291407,0.30844438076,0,0,28.1720190048
429,0.291574,0.308452665806,0,0,28.0434339046
430,0.291142,0.306514799595,1,1,27.5550351143
431,0.290504,0.30699840188,1,0,27.9284460545
432,0.290785,0.306711405516,0,0,27.7830531597
433,0.290166,0.307621985674,1,0,27.6824059486
434,0.290499,0.306447803974,0,1,28.0885288715
435,0.290516,0.305636376143,0,1,27.9765560627
436,0.289823,0.305921494961,1,0,27.9511120319
437,0.289967,0.307099997997,0,0,27.4443669319
438,0.289744,0.307621866465,1,0,27.9365348816
439,0.289893,0.306359499693,0,0,28.2289071083
440,0.289114,0.308124005795,1,0,28.2172031403
441,0.289564,0.305924624205,0,0,28.2349629402
442,0.289268,0.30542960763,0,1,27.9451429844
443,0.288688,0.305181771517,1,1,27.7134261131
444,0.288847,0.304887622595,0,1,28.0421290398
445,0.288439,0.304497718811,1,1,27.9338710308
446,0.288354,0.305197298527,1,0,27.9716949463
447,0.288404,0.306301653385,0,0,27.6677260399
448,0.288378,0.303796350956,0,1,28.3069369793
449,0.288021,0.303777247667,1,1,27.8700511456
450,0.287747,0.304669469595,1,0,27.8599059582
451,0.287672,0.304386824369,1,0,27.1401720047
452,0.287434,0.303910642862,1,0,27.6020898819
453,0.287514,0.302980691195,0,1,27.9744739532
454,0.287155,0.302306383848,1,1,27.7164530754
455,0.286828,0.303348332644,1,0,27.2311880589
456,0.287257,0.303967177868,0,0,27.7206799984
457,0.286699,0.305021524429,1,0,28.0107150078
458,0.286853,0.302919477224,0,0,28.1192910671
459,0.286381,0.302480727434,1,0,28.0542562008
460,0.286361,0.303542524576,1,0,28.1354651451
461,0.286094,0.302114725113,1,1,28.3866269588
462,0.285913,0.302747577429,1,0,28.2437579632
463,0.285769,0.302139908075,1,0,28.0184519291
464,0.285748,0.304005861282,1,0,27.5511031151
465,0.285815,0.304005414248,0,0,27.8007969856
466,0.285276,0.302040845156,1,1,26.8908028603
467,0.285278,0.302304387093,0,0,27.6762371063
468,0.285155,0.303585737944,1,0,28.363077879
469,0.284916,0.304226577282,1,0,27.7722761631
470,0.28501,0.302421212196,0,0,27.691683054
471,0.28498,0.301388591528,0,1,28.1309561729
472,0.284886,0.303720325232,1,0,27.2108559608
473,0.284496,0.302286177874,1,0,27.9220650196
474,0.283948,0.302349030972,1,0,28.030025959
475,0.284028,0.303323447704,0,0,28.0206389427
476,0.284134,0.300454169512,0,1,28.1441259384
477,0.284057,0.302111327648,0,0,28.0255100727
478,0.283755,0.299855619669,1,1,28.313575983
479,0.283483,0.300061047077,1,0,27.8731160164
480,0.283536,0.300039976835,0,0,27.9846100807
481,0.283144,0.299616336823,1,1,28.1140699387
482,0.283084,0.299308955669,1,1,28.0875790119
483,0.283155,0.300185263157,0,0,28.0003700256
484,0.283044,0.299153774977,1,1,28.2885379791
485,0.282588,0.302060723305,1,0,27.9203910828
486,0.28272,0.300600469112,0,0,27.9987571239
487,0.282462,0.300944745541,1,0,27.6521861553
488,0.282602,0.299848049879,0,0,28.188421011
489,0.282166,0.299892634153,1,0,27.4247970581
490,0.28169,0.29724407196,1,1,28.0935690403
491,0.281962,0.300070017576,0,0,27.2492439747
492,0.281505,0.300291240215,1,0,27.7709028721
493,0.281628,0.297358036041,0,0,27.4347457886
494,0.281686,0.299100190401,0,0,27.5500669479
495,0.281226,0.298379838467,1,0,28.0061509609
496,0.281198,0.29804712534,1,0,28.0611698627
497,0.281538,0.297550350428,0,0,27.9652600288
498,0.280864,0.298622727394,1,0,28.1288030148
499,0.28082,0.297923147678,1,0,27.8181579113
500,0.280869,0.298711001873,0,0,28.2936761379
501,0.280547,0.297844231129,1,0,27.3659360409
502,0.280688,0.297963678837,0,0,28.0461630821
503,0.280323,0.298772722483,1,0,28.0989220142
504,0.280099,0.297244131565,1,0,27.8326640129
505,0.280005,0.29716232419,1,1,27.4614610672
506,0.279801,0.296924710274,1,1,27.9940299988
507,0.280142,0.297004967928,0,0,27.8220570087
508,0.279833,0.297520518303,0,0,27.8346400261
509,0.279212,0.297302424908,1,0,28.3276598454
510,0.2795,0.29656675458,0,1,28.1815760136
511,0.279237,0.299955517054,0,0,27.2111349106
512,0.27918,0.297384649515,1,0,28.0866448879
513,0.278779,0.295938014984,1,1,28.1770319939
514,0.278964,0.29629611969,0,0,28.0623791218
515,0.278764,0.29639595747,1,0,28.2581341267
516,0.278694,0.296193063259,1,0,27.4702870846
517,0.278525,0.294978708029,1,1,28.4245300293
518,0.27847,0.296557277441,1,0,27.9106559753
519,0.277955,0.296229034662,1,0,28.4680800438
520,0.278351,0.295576840639,0,0,27.8254699707
521,0.278285,0.295952916145,0,0,27.8784611225
522,0.277937,0.294616371393,1,1,28.014291048
523,0.277333,0.296365559101,1,0,28.1988449097
524,0.277817,0.296936690807,0,0,27.5676999092
525,0.27755,0.296788811684,0,0,27.8307871819
526,0.277343,0.294895708561,0,0,27.7014269829
527,0.277054,0.295211225748,1,0,28.2079679966
528,0.277559,0.295361489058,0,0,27.6942741871
529,0.277227,0.293869137764,0,1,27.7953538895
530,0.276687,0.296595841646,1,0,27.8558349609
531,0.276598,0.293972164392,1,0,28.0036449432
532,0.276581,0.293943047523,1,0,28.3050918579
533,0.277033,0.295712798834,0,0,28.2105519772
534,0.276225,0.293048620224,1,1,27.3275120258
535,0.276195,0.293977379799,1,0,27.4362318516
536,0.276258,0.295700848103,0,0,27.8286778927
537,0.276112,0.292617917061,1,1,28.0943179131
538,0.27581,0.294585853815,1,0,27.7373058796
539,0.275632,0.294889867306,1,0,27.6424870491
540,0.275689,0.295424431562,0,0,27.7694871426
541,0.276101,0.293055266142,0,0,27.584569931
542,0.274974,0.293225437403,1,0,27.5344879627
543,0.27523,0.29477083683,0,0,27.4969859123
544,0.275208,0.29410982132,0,0,27.9822127819
545,0.275174,0.292800992727,0,0,27.8980519772
546,0.27465,0.292865753174,1,0,27.4266719818
547,0.274821,0.293300777674,0,0,27.6603839397
548,0.274744,0.292920351028,0,0,27.3958771229
549,0.274683,0.292555510998,0,1,27.1474990845
550,0.274518,0.292335569859,1,1,27.8520400524
551,0.274164,0.293568819761,1,0,28.0108790398
552,0.27415,0.292498499155,1,0,28.2734789848
553,0.274061,0.292043060064,1,1,27.9970359802
554,0.274026,0.291483044624,1,1,27.419000864
555,0.274052,0.292109012604,0,0,27.5052349567
556,0.27379,0.291294366121,1,1,27.8580238819
557,0.273402,0.292625278234,1,0,27.2893118858
558,0.273545,0.291769862175,0,0,28.1617839336
559,0.273409,0.291915953159,0,0,27.2775409222
560,0.273356,0.292256623507,1,0,27.8382117748
561,0.27308,0.291447371244,1,0,28.2923328876
562,0.272854,0.29106348753,1,1,28.1276810169
563,0.273238,0.290401875973,0,1,28.0224328041
564,0.2728,0.290994495153,1,0,28.2150740623
565,0.272747,0.291074633598,1,0,27.7609629631
566,0.272702,0.290125012398,1,1,27.3870961666
567,0.272494,0.290193378925,1,0,28.0013840199
568,0.272236,0.29108196497,1,0,28.2292618752
569,0.272239,0.290121763945,0,1,27.9756350517
570,0.272267,0.288694143295,0,1,27.9210340977
571,0.271542,0.290127962828,1,0,27.771239996
572,0.271984,0.291964650154,0,0,28.0903029442
573,0.272079,0.288870990276,0,0,27.5425920486
574,0.271847,0.289890825748,0,0,27.0875298977
575,0.271423,0.290411323309,1,0,26.9049258232
576,0.271526,0.292084544897,0,0,27.2866230011
577,0.271608,0.289608687162,0,0,27.6903369427
578,0.270815,0.290799677372,1,0,28.2023189068
579,0.271456,0.290160536766,0,0,27.8852210045
580,0.270866,0.289045333862,0,0,27.3272399902
581,0.270664,0.292206674814,1,0,28.2052140236
582,0.270998,0.288499563932,0,1,28.15853405
583,0.270866,0.288834303617,0,0,27.8217749596
584,0.270396,0.289612025023,1,0,27.9047989845
585,0.270561,0.288423329592,0,1,28.2845780849
586,0.270461,0.289982914925,0,0,27.4915640354
587,0.270125,0.288219422102,1,1,28.294519186
588,0.270306,0.287329047918,0,1,28.3157970905
589,0.269959,0.288051694632,1,0,28.1891820431
590,0.269873,0.289004027843,1,0,28.096072197
591,0.269906,0.288738697767,0,0,27.9801108837
592,0.269622,0.288060456514,1,0,27.9199659824
593,0.269482,0.291229009628,1,0,28.2778301239
594,0.269684,0.289622187614,0,0,28.2153890133
595,0.269503,0.289603829384,0,0,27.6731381416
596,0.26923,0.287905693054,1,0,27.6418809891
597,0.269371,0.287228494883,0,1,28.05879879
598,0.26902,0.287675231695,1,0,27.3026781082
599,0.269335,0.286112546921,0,1,28.0589330196
600,0.26902,0.286888390779,0,0,28.1364920139
601,0.268843,0.286946088076,1,0,27.0187089443
602,0.268572,0.28683128953,1,0,27.6869750023
603,0.268557,0.287146478891,1,0,27.7914690971
604,0.268078,0.286778509617,1,0,27.4733810425
605,0.268598,0.288373231888,0,0,27.1282789707
606,0.268317,0.287612140179,0,0,28.0800681114
607,0.268082,0.286408573389,0,0,28.1477890015
608,0.267828,0.288647681475,1,0,28.088367939
609,0.267867,0.285691469908,0,1,27.9883708954
610,0.267853,0.288158625364,0,0,28.0085000992
611,0.268083,0.285755604506,0,0,27.6738619804
612,0.267559,0.28510376811,1,1,28.1078209877
613,0.267372,0.286651819944,1,0,27.7307329178
614,0.267461,0.28619402647,0,0,27.9939479828
615,0.267761,0.286516338587,0,0,28.2573521137
616,0.26699,0.285999029875,1,0,27.9920649529
617,0.267297,0.285164266825,0,0,27.3935389519
618,0.267261,0.286182284355,0,0,28.0072479248
619,0.266519,0.288334280252,1,0,28.1983561516
620,0.267108,0.285319983959,0,0,27.886934042
621,0.266629,0.286455750465,0,0,28.1276319027
622,0.266473,0.28543946147,1,0,27.7185330391
623,0.266684,0.286611050367,0,0,28.0783231258
624,0.266517,0.285542547703,0,0,28.0906851292
625,0.266267,0.287053912878,1,0,28.1772041321
626,0.266196,0.284710377455,1,1,27.9869868755
627,0.26578,0.28447702527,1,1,27.9948120117
628,0.266151,0.284358203411,0,1,27.7521159649
629,0.266056,0.285327851772,0,0,28.2433109283
630,0.265748,0.284452825785,1,0,28.2162468433
631,0.265761,0.286111950874,0,0,27.5031740665
632,0.265932,0.28518974781,0,0,28.1313049793
633,0.265811,0.2854424119,0,0,27.9958400726
634,0.265278,0.286194652319,1,0,28.1593780518
635,0.26543,0.284137815237,0,1,28.2915210724
636,0.265027,0.284621596336,1,0,28.1475660801
637,0.265225,0.285123497248,0,0,27.7000598907
638,0.265047,0.284664958715,0,0,27.3493030071
639,0.264896,0.284438818693,1,0,27.9591710567
640,0.264637,0.284070283175,1,1,27.3281509876
641,0.265352,0.285157769918,0,0,28.0521190166
642,0.264466,0.28504255414,1,0,27.8378219604
643,0.264635,0.284444123507,0,0,28.1648519039
644,0.264542,0.284409016371,0,0,28.1711890697
645,0.264691,0.283550798893,0,1,27.9513590336
646,0.26425,0.28379535675,1,0,28.12023592
647,0.263969,0.284048914909,1,0,28.2003550529
648,0.26403,0.284991085529,0,0,27.1752250195
649,0.264431,0.285225123167,0,0,27.73716712
650,0.263809,0.282953709364,1,1,27.7213931084
651,0.263877,0.283414214849,0,0,27.843515873
652,0.263584,0.283237934113,1,0,27.8668999672
653,0.263741,0.284568578005,0,0,27.99249506
654,0.26345,0.283026337624,1,0,27.7909388542
655,0.263651,0.282267868519,0,1,27.6159830093
656,0.263413,0.283605366945,1,0,27.474864006
657,0.263503,0.282322257757,0,0,27.6880040169
658,0.263114,0.281702637672,1,1,27.6026082039
659,0.263453,0.283104389906,0,0,26.895015955
660,0.262912,0.282038480043,1,0,27.3717269897
661,0.262626,0.283190429211,1,0,28.1764500141
662,0.262915,0.281099975109,0,1,28.4597699642
663,0.262642,0.282935082912,0,0,28.4090001583
664,0.262888,0.282747924328,0,0,27.1864840984
665,0.262954,0.284723997116,0,0,28.1888558865
666,0.262096,0.280474901199,1,1,27.8162851334
667,0.26261,0.282891094685,0,0,27.9975488186
668,0.262245,0.281778275967,0,0,27.1608071327
669,0.261941,0.282322525978,1,0,28.024433136
670,0.262136,0.282170891762,0,0,27.5414340496
671,0.262047,0.282478511333,0,0,28.2702419758
672,0.261914,0.282832115889,1,0,28.2116529942
673,0.261649,0.280819863081,1,0,28.1989789009
674,0.261738,0.281326830387,0,0,28.3398430347
675,0.261465,0.281630843878,1,0,27.7528889179
676,0.261507,0.280828326941,0,0,28.3073611259
677,0.261439,0.282394498587,1,0,28.466657877
678,0.261484,0.282769173384,0,0,27.3962659836
679,0.261634,0.280592888594,0,0,27.0428090096
680,0.261463,0.282531261444,0,0,27.4566869736
681,0.261466,0.280618160963,0,0,27.9403409958
682,0.260977,0.280403792858,1,1,27.3838560581
683,0.260697,0.280984848738,1,0,27.0356669426
684,0.260684,0.281405925751,1,0,26.7450871468
685,0.260549,0.280111521482,1,1,28.1936480999
686,0.260791,0.281341820955,0,0,27.2982339859
687,0.260741,0.281086117029,0,0,28.0923650265
688,0.26062,0.281599938869,0,0,28.118833065
689,0.260324,0.280945241451,1,0,27.4634990692
690,0.260315,0.279598414898,1,1,27.7743980885
691,0.260289,0.279117554426,1,1,28.0405900478
692,0.260291,0.280927449465,0,0,27.855050087
693,0.260028,0.279579550028,1,0,28.4133381844
694,0.260163,0.279727250338,0,0,27.7720758915
695,0.259609,0.279634892941,1,0,27.0972640514
696,0.260039,0.279732346535,0,0,27.8594830036
697,0.259791,0.279515951872,0,0,28.1110749245
698,0.25938,0.279632300138,1,0,28.0841870308
699,0.259638,0.278472751379,0,1,27.6189169884
700,0.259582,0.279371917248,0,0,27.1530890465
701,0.25942,0.281077861786,0,0,27.682295084
702,0.259738,0.27915123105,0,0,26.8766160011
703,0.258734,0.279828995466,1,0,27.7700810432
704,0.259143,0.278945833445,0,0,27.663285017
705,0.259342,0.278042793274,0,1,28.3028950691
706,0.258587,0.279512524605,1,0,27.353222847
707,0.259238,0.278467237949,0,0,28.1557228565
708,0.25877,0.278028994799,0,1,27.9734389782
709,0.258708,0.277961909771,0,1,27.666549921
710,0.258515,0.277985841036,1,0,27.3377540112
711,0.258553,0.279382914305,0,0,28.1985509396
712,0.258769,0.278922796249,0,0,28.2884488106
713,0.258401,0.278297930956,1,0,27.9257631302
714,0.257991,0.279283463955,1,0,28.0714280605
715,0.258057,0.279147833586,0,0,28.114964962
716,0.25807,0.279352664948,0,0,27.3754611015
717,0.25821,0.279625207186,0,0,27.7958219051
718,0.258342,0.277936339378,0,1,27.6706368923
719,0.257842,0.277049928904,1,1,26.9855799675
720,0.257939,0.277819752693,0,0,27.5383911133
721,0.257737,0.278181672096,1,0,28.0434510708
722,0.257742,0.278130173683,0,0,27.9966480732
723,0.257422,0.278291910887,1,0,27.9113278389
724,0.25764,0.277834802866,0,0,27.8569359779
725,0.25782,0.27787193656,0,0,28.2654688358
726,0.257418,0.277377575636,1,0,27.8069190979
727,0.257316,0.277162432671,1,0,28.3423781395
728,0.257047,0.277557849884,1,0,26.9636781216
729,0.256954,0.277026295662,1,1,27.6166009903
730,0.257137,0.278275698423,0,0,27.8654799461
731,0.256974,0.276735812426,0,1,28.3030390739
732,0.256571,0.277358978987,1,0,28.1314809322
733,0.256679,0.277528762817,0,0,27.7919199467
734,0.256949,0.277759671211,0,0,28.3027980328
735,0.256895,0.276859879494,0,0,27.8649640083
736,0.256619,0.277158766985,0,0,27.8216161728
737,0.256596,0.275834202766,0,1,28.2672519684
738,0.256305,0.277045041323,1,0,27.3283290863
739,0.256581,0.275603890419,0,1,27.7267270088
740,0.256007,0.275446295738,1,1,28.3431799412
741,0.256092,0.276242256165,0,0,27.1171021461
742,0.256331,0.277245730162,0,0,28.0023169518
743,0.25596,0.276041775942,1,0,28.2381410599
744,0.256279,0.274802744389,0,1,27.8655619621
745,0.255664,0.27719143033,1,0,28.2042040825
746,0.255895,0.277031332254,0,0,28.022851944
747,0.255635,0.275545179844,1,0,28.1013009548
748,0.255527,0.27629455924,1,0,28.3466310501
749,0.255388,0.276510030031,1,0,27.5287399292
750,0.255557,0.275513350964,0,0,27.8458409309
751,0.25552,0.274528712034,0,1,28.094025135
752,0.255351,0.274002581835,1,1,28.0201580524
753,0.255161,0.275539040565,1,0,28.1555287838
754,0.255135,0.274561733007,1,0,27.7830250263
755,0.255142,0.276936471462,0,0,27.5844509602
756,0.254539,0.275386929512,1,0,26.8435947895
757,0.255696,0.274684041739,0,0,27.9243681431
758,0.255744,0.276179105043,0,0,27.9099040031
759,0.25455,0.275627344847,0,0,28.2404539585
760,0.254582,0.276243805885,0,0,27.1925201416
761,0.254749,0.276357352734,0,0,28.3152139187
762,0.254475,0.274415254593,1,0,27.5149769783
763,0.254419,0.275381714106,1,0,27.8623199463
764,0.254579,0.27464184165,0,0,28.0849649906
765,0.253769,0.275365263224,1,0,27.5635340214
766,0.254579,0.276388972998,0,0,27.5766098499
767,0.254355,0.275232464075,0,0,28.5014839172
768,0.254211,0.27549931407,0,0,28.0981180668
769,0.254149,0.275726646185,0,0,27.7925679684
770,0.253961,0.274491041899,0,0,28.1513941288
771,0.254043,0.274831116199,0,0,27.8278081417
772,0.25376,0.273097425699,1,1,27.7977879047
773,0.253853,0.274607598782,0,0,28.2981910706
774,0.253793,0.274925768375,0,0,28.0100011826
775,0.253218,0.273728072643,1,0,27.6350588799
776,0.253645,0.273770779371,0,0,27.663061142
777,0.25366,0.273565888405,0,0,27.9780988693
778,0.253345,0.275024294853,0,0,27.2964010239
779,0.253044,0.275043517351,1,0,28.0439419746
780,0.254042,0.273628920317,0,0,27.952008009
781,0.253258,0.273290574551,0,0,27.7234170437
782,0.253315,0.274010390043,0,0,27.9953660965
783,0.252952,0.275292724371,1,0,27.7704851627
784,0.253157,0.273561656475,0,0,27.9507029057
785,0.252687,0.272954493761,1,1,28.4427719116
786,0.252767,0.274197310209,0,0,27.434664011
787,0.252849,0.277008980513,0,0,27.6199100018
788,0.252706,0.273714721203,0,0,27.5334749222
789,0.252506,0.274997889996,1,0,27.8178608418
790,0.252958,0.275168299675,0,0,28.2359991074
791,0.252531,0.27373072505,0,0,28.2647800446
792,0.252385,0.273442387581,1,0,27.9584560394
793,0.252394,0.274564474821,0,0,27.5354480743
794,0.25212,0.275390028954,1,0,28.1175749302
795,0.252207,0.272103577852,0,1,28.2226128578
796,0.252185,0.273755252361,0,0,27.9344468117
797,0.252228,0.271826267242,0,1,27.41928792
798,0.252215,0.272967398167,0,0,27.2009510994
799,0.252102,0.271444290876,1,1,28.2542860508
800,0.251881,0.273549467325,1,0,27.7159590721
801,0.251649,0.274625450373,1,0,27.9390070438
802,0.25158,0.271934628487,1,0,28.261534214
803,0.251535,0.273011773825,1,0,27.5705049038
804,0.251703,0.272981971502,0,0,27.8914141655
805,0.251707,0.273405522108,0,0,28.1001608372
806,0.250994,0.273866385221,1,0,28.0318090916
807,0.251402,0.273698836565,0,0,28.0771179199
808,0.251392,0.272168010473,0,0,27.6756980419
809,0.251218,0.272240102291,0,0,28.1338591576
810,0.251173,0.272388756275,0,0,28.2421720028
811,0.251284,0.272949904203,0,0,27.6487088203
812,0.251365,0.271481692791,0,0,28.0423440933
813,0.250879,0.272231042385,1,0,28.1648950577
814,0.250817,0.271849066019,1,0,28.2382349968
815,0.251123,0.272801607847,0,0,27.8447160721
816,0.250931,0.273238420486,0,0,28.3236079216
817,0.250521,0.273340076208,1,0,28.2492179871
818,0.250434,0.271535336971,1,0,27.3195381165
819,0.250756,0.273305505514,0,0,28.3085379601
820,0.250728,0.271301448345,0,1,28.208054781
821,0.250567,0.270489394665,0,1,27.8838300705
822,0.249995,0.271360963583,1,0,27.9761021137
823,0.250463,0.271579235792,0,0,27.931194067
824,0.250412,0.271670252085,0,0,27.9864299297
825,0.250068,0.270857602358,0,0,28.0711331367
826,0.250282,0.271561741829,0,0,27.6801328659
827,0.250443,0.271406918764,0,0,27.8183019161
828,0.249774,0.271993488073,1,0,28.2452120781
829,0.250005,0.276586741209,0,0,27.5199480057
830,0.250488,0.271875977516,0,0,28.1208109856
831,0.249925,0.271719515324,0,0,27.6341359615
832,0.249611,0.270927220583,1,0,28.1893699169
833,0.249623,0.270235955715,0,1,28.3023641109
834,0.249569,0.271515101194,1,0,27.9151101112
835,0.249503,0.272013902664,1,0,28.2409000397
836,0.249432,0.271491855383,1,0,28.2395980358
837,0.249336,0.271038860083,1,0,27.9958531857
838,0.249348,0.272005945444,0,0,27.4963159561
839,0.249329,0.270818561316,1,0,27.7239670753
840,0.249127,0.270297944546,1,0,27.4475438595
841,0.249115,0.271226912737,1,0,28.1895952225
842,0.249736,0.277014911175,0,0,28.1281869411
843,0.248783,0.270836055279,1,0,28.3920989037
844,0.2488,0.272120088339,0,0,28.0356969833
845,0.2489,0.272482126951,0,0,28.1838269234
846,0.248945,0.270124584436,0,1,28.3669190407
847,0.24874,0.270813405514,1,0,27.8512518406
848,0.249132,0.269235819578,0,1,27.8516509533
849,0.248328,0.270051211119,1,0,28.2744309902
850,0.24826,0.270768254995,1,0,28.0388879776
851,0.24859,0.269729316235,0,0,27.3571619987
852,0.248502,0.269779920578,0,0,28.006870985
853,0.248211,0.269621342421,1,0,28.2724759579
854,0.248582,0.270764380693,0,0,27.9424729347
855,0.248182,0.270939946175,1,0,28.2949230671
856,0.248164,0.269863665104,1,0,27.5192980766
857,0.248039,0.27234056592,1,0,28.189852953
858,0.248447,0.268731743097,0,1,28.3037381172
859,0.247686,0.268951058388,1,0,28.2297730446
860,0.248243,0.269727349281,0,0,28.1197419167
861,0.247926,0.269671350718,0,0,28.08167696
862,0.247738,0.270514905453,0,0,27.4314079285
863,0.2477,0.269607067108,0,0,28.3502750397
864,0.247939,0.268968969584,0,0,27.6928520203
865,0.247201,0.269884228706,1,0,27.8540198803
866,0.247881,0.268573909998,0,1,28.1792898178
867,0.24757,0.269512116909,0,0,27.9989700317
868,0.247191,0.269012570381,1,0,27.7589991093
869,0.247513,0.270540833473,0,0,27.9454748631
870,0.247319,0.269062578678,0,0,28.2822208405
871,0.247178,0.269734084606,1,0,27.4275939465
872,0.247358,0.269539892673,0,0,28.0963737965
873,0.246906,0.268249303102,1,1,28.5886449814
874,0.247128,0.270341038704,0,0,27.8609650135
875,0.247126,0.268651068211,0,0,27.4829411507
876,0.24701,0.269710123539,0,0,27.6670861244
877,0.247191,0.269841313362,0,0,28.1048109531
878,0.246642,0.26932272315,1,0,28.0847599506
879,0.246724,0.268489003181,0,0,27.6878769398
880,0.246714,0.268400013447,0,0,28.164812088
881,0.247079,0.269165933132,0,0,28.2573590279
882,0.246547,0.268172204494,1,1,28.3020830154
883,0.2466,0.268774092197,0,0,27.7495970726
884,0.24641,0.269021660089,1,0,28.1895570755
885,0.246399,0.268665909767,1,0,28.0226809978
886,0.246242,0.267473220825,1,1,27.7875602245
887,0.246456,0.267844974995,0,0,28.2682960033
888,0.246141,0.268576741219,1,0,27.3259980679
889,0.24626,0.268938392401,0,0,27.8088431358
890,0.246271,0.26764023304,0,0,27.9514610767
891,0.246859,0.268202841282,0,0,28.1181979179
892,0.24599,0.267117768526,1,1,28.000633955
893,0.245664,0.270556181669,1,0,27.8072891235
894,0.246071,0.269161552191,0,0,28.3127000332
895,0.245813,0.267448604107,0,0,28.4073879719
896,0.245655,0.268183499575,1,0,27.8967149258
897,0.245469,0.268671482801,1,0,27.2350299358
898,0.245617,0.266959011555,0,1,28.1194398403
899,0.245319,0.267849594355,1,0,28.1315889359
900,0.245971,0.268823087215,0,0,28.0728650093
901,0.245792,0.266759157181,0,1,28.0844600201
902,0.245504,0.268828719854,0,0,27.3284480572
903,0.245103,0.267754256725,1,0,28.0047478676
904,0.245368,0.268046468496,0,0,28.0834658146
905,0.245284,0.267221659422,0,0,27.374450922
906,0.245269,0.268313139677,0,0,27.3381440639
907,0.247536,0.267935752869,0,0,27.7443168163
908,0.245102,0.266699165106,1,1,27.7512288094
909,0.244975,0.267637073994,1,0,27.6377179623
910,0.244745,0.266564518213,1,1,27.5250351429
911,0.245009,0.26743710041,0,0,27.8966929913
912,0.244738,0.268679887056,1,0,27.9343500137
913,0.244845,0.267190098763,0,0,28.2776968479
914,0.24484,0.266696035862,0,0,28.1155879498
915,0.244544,0.267310887575,1,0,27.8855087757
916,0.244628,0.267147034407,0,0,27.9874918461
917,0.244655,0.267552554607,0,0,27.884403944
918,0.244367,0.266973137856,1,0,27.7328341007
919,0.244585,0.266118019819,0,1,27.288944006
