epoch,train_loss,valid_loss,has_train_loss_improved,has_valid_loss_improved,duration
0,0.0141541,0.0141085060313,1,1,5.9088511467
1,0.0141526,0.0141067383811,1,1,5.89172697067
2,0.0141459,0.014105129987,1,1,5.87800693512
3,0.0141455,0.0141036594287,1,1,5.5834197998
4,0.0141507,0.0141022242606,0,1,5.84840798378
5,0.0141501,0.01410088595,0,1,5.8506000042
6,0.0141435,0.0140996091068,1,1,5.80435800552
7,0.0141468,0.0140983443707,0,1,5.72898793221
8,0.0141356,0.014097109437,1,1,5.8453130722
9,0.0141429,0.0140959108248,0,1,5.83973884583
10,0.0141462,0.0140947801992,0,1,5.76532196999
11,0.0141309,0.0140936719254,1,1,5.84460711479
12,0.0141411,0.0140925906599,0,1,5.77507710457
13,0.0141352,0.0140915131196,0,1,5.85401988029
14,0.0141355,0.0140904569998,0,1,5.71648192406
15,0.0141344,0.0140894204378,0,1,5.8227918148
16,0.0141261,0.0140884034336,1,1,5.77286410332
17,0.0141203,0.0140873938799,1,1,5.84288477898
18,0.0141422,0.0140864085406,0,1,5.83752179146
19,0.0141311,0.0140854064375,0,1,5.78166484833
20,0.0141294,0.0140843847767,0,1,5.84871196747
21,0.0141333,0.0140833742917,0,1,5.78220796585
22,0.0141309,0.0140824103728,0,1,5.85642910004
23,0.0141376,0.0140814343467,0,1,5.78216409683
24,0.0141321,0.0140804452822,0,1,5.755838871
25,0.0141133,0.014079448767,1,1,5.78052616119
26,0.0141312,0.0140784597024,0,1,5.8831949234
27,0.0141223,0.0140774557367,0,1,5.8520450592
28,0.0141181,0.0140764452517,0,1,5.78424715996
29,0.0141216,0.0140754170716,0,1,5.85383605957
30,0.0141246,0.01407440193,0,1,5.64406204224
31,0.0141132,0.0140733383596,1,1,5.85821199417
32,0.0141178,0.0140722692013,0,1,5.68096494675
33,0.0141124,0.0140711963177,1,1,5.85355901718
34,0.0141097,0.0140700899065,1,1,5.69644188881
35,0.0141167,0.0140689844266,0,1,5.59953594208
36,0.0141157,0.0140678575262,0,1,5.66777205467
37,0.0141116,0.0140666803345,0,1,5.85894107819
38,0.0140996,0.0140654472634,1,1,5.76643896103
39,0.0141037,0.0140642235056,0,1,5.87111997604
40,0.0141071,0.0140629373491,0,1,5.85347294807
41,0.0141002,0.0140616316348,0,1,5.8556060791
42,0.0141005,0.0140602588654,0,1,5.78243803978
43,0.0140994,0.0140588730574,1,1,5.84685206413
44,0.0140946,0.0140574555844,1,1,5.77860999107
45,0.0141028,0.0140559701249,0,1,5.84946990013
46,0.0141062,0.0140544483438,0,1,5.73054599762
47,0.0140953,0.0140528427437,0,1,5.85464715958
48,0.0140927,0.0140511859208,1,1,5.84629583359
49,0.014098,0.0140495160595,0,1,5.84942793846
50,0.0140875,0.0140477512032,1,1,5.84922504425
51,0.0141018,0.0140459211543,0,1,5.72408890724
52,0.0140856,0.0140440193936,1,1,5.86971688271
53,0.0140792,0.0140420384705,1,1,5.77554416656
54,0.0140856,0.0140399634838,0,1,5.84955382347
55,0.0140902,0.0140377674252,0,1,5.77772188187
56,0.0140876,0.0140355695039,0,1,5.85031795502
57,0.0140823,0.0140332207084,0,1,5.78201413155
58,0.0140804,0.0140308523551,0,1,5.84660601616
59,0.0140734,0.014028346166,1,1,5.78941488266
60,0.0140622,0.014025747776,1,1,5.8530600071
61,0.0140737,0.0140230618417,0,1,5.77923297882
62,0.0140647,0.0140202771872,0,1,5.85049390793
63,0.0140425,0.0140174021944,1,1,5.77965188026
64,0.0140705,0.014014438726,0,1,5.85410094261
65,0.0140518,0.0140113597736,0,1,5.78319001198
66,0.0140613,0.0140081653371,0,1,5.85547685623
67,0.0140526,0.0140048172325,0,1,5.78202605247
68,0.0140443,0.0140014458448,0,1,5.85300898552
69,0.0140607,0.0139979245141,0,1,5.79193305969
70,0.0140372,0.01399435848,1,1,5.85517597198
71,0.0140462,0.0139907328412,0,1,5.78534007072
72,0.0140276,0.0139869358391,1,1,5.85241985321
73,0.0140196,0.0139831108972,1,1,5.78822898865
74,0.0140274,0.0139792291448,0,1,5.78731989861
75,0.0140315,0.0139752617106,0,1,5.8543920517
76,0.0140187,0.0139712877572,1,1,5.85292410851
77,0.014017,0.0139672579244,1,1,5.77906084061
78,0.0140115,0.0139631014317,1,1,5.79343914986
79,0.0140065,0.0139589868486,1,1,5.85584998131
80,0.0139995,0.0139548154548,1,1,5.85759592056
81,0.0139919,0.0139506747946,1,1,5.78093194962
82,0.0139936,0.0139465807006,0,1,5.78074502945
83,0.0139939,0.0139425005764,0,1,5.74646997452
84,0.0139921,0.0139383720234,0,1,5.78650999069
85,0.0139846,0.0139343431219,1,1,5.85214591026
86,0.0139717,0.0139303058386,1,1,5.77984905243
87,0.0139749,0.0139262778684,0,1,5.85092592239
88,0.0139747,0.0139223849401,0,1,5.67189407349
89,0.0139619,0.013918498531,1,1,5.84825015068
90,0.0139666,0.0139146195725,0,1,5.8654999733
91,0.0139568,0.0139109445736,1,1,5.88362503052
92,0.0139652,0.0139073198661,0,1,5.78368806839
93,0.0139433,0.0139036746696,1,1,5.85021114349
94,0.0139459,0.0139001542702,0,1,5.73612689972
95,0.013953,0.0138966850936,0,1,5.84981417656
96,0.0139397,0.013893310912,1,1,5.81601500511
97,0.0139308,0.0138900121674,1,1,5.84825491905
98,0.0139292,0.0138868968934,1,1,5.78241205215
99,0.0139286,0.0138838337734,1,1,5.84863686562
100,0.0139332,0.0138807669282,0,1,5.69514513016
101,0.0139313,0.0138778723776,0,1,5.61705803871
102,0.0139199,0.0138750011101,1,1,5.8507809639
103,0.0139114,0.0138722164556,1,1,5.87601399422
104,0.0139149,0.0138695146888,0,1,5.78451895714
105,0.0139146,0.0138668799773,0,1,5.77662110329
106,0.0139204,0.0138643439859,0,1,5.78062486649
107,0.0139042,0.0138617809862,1,1,5.81034779549
108,0.0139042,0.0138593073934,1,1,5.84725403786
109,0.0139078,0.0138569576666,0,1,5.53757810593
110,0.0139038,0.0138546572998,1,1,5.85206198692
111,0.0138909,0.0138523932546,1,1,5.81121277809
112,0.0138877,0.01385019999,1,1,5.85121488571
113,0.0138895,0.0138480076566,0,1,5.73043608665
114,0.0138966,0.0138459205627,0,1,5.85697698593
115,0.0138855,0.0138439917937,1,1,5.69874882698
116,0.0138869,0.0138418460265,0,1,5.87649297714
117,0.0138888,0.0138398632407,0,1,5.72462081909
118,0.0138881,0.013837993145,0,1,5.84967684746
119,0.0138739,0.013836203143,1,1,5.85722303391
120,0.0138749,0.0138342827559,0,1,5.85427880287
121,0.0138807,0.0138325048611,0,1,5.72402501106
122,0.0138631,0.0138307036832,1,1,5.80347514153
123,0.0138726,0.0138290133327,0,1,5.76986503601
124,0.0138659,0.0138271944597,0,1,5.85667014122
125,0.01386,0.0138255609199,1,1,5.70146393776
126,0.0138632,0.0138238454238,0,1,5.84954500198
127,0.0138748,0.0138222370297,0,1,5.75357985497
128,0.0138669,0.0138205671683,0,1,5.851541996
129,0.013861,0.0138188768178,0,1,5.8203561306
130,0.0138565,0.0138172032312,1,1,5.7710108757
131,0.013855,0.0138156665489,1,1,5.84904098511
132,0.0138535,0.0138140944764,1,1,5.78189587593
133,0.0138487,0.0138124804944,1,1,5.77950811386
134,0.0138486,0.0138109605759,1,1,5.7789170742
135,0.013862,0.0138092469424,0,1,5.78231596947
136,0.0138513,0.013807813637,0,1,5.66242599487
137,0.0138394,0.0138062452897,1,1,5.65721392632
138,0.0138445,0.0138047700748,0,1,5.85245299339
139,0.013847,0.0138031467795,0,1,5.67163896561
140,0.0138385,0.0138017004356,1,1,5.84979319572
141,0.0138444,0.0138000594452,0,1,5.77710103989
142,0.0138476,0.0137985739857,0,1,5.8612279892
143,0.0138333,0.0137969534844,1,1,5.85903191566
144,0.0138262,0.0137954689562,1,1,5.85579395294
145,0.0138328,0.0137938912958,0,1,5.67980909348
146,0.0138379,0.0137923052534,0,1,5.85051608086
147,0.0138391,0.0137908132747,0,1,5.78733301163
148,0.0138319,0.013789226301,0,1,5.78458094597
149,0.0138263,0.0137876374647,0,1,5.7800860405
150,0.0138302,0.0137861287221,0,1,5.7867538929
151,0.013833,0.0137844290584,0,1,5.77867698669
152,0.0138223,0.0137828961015,1,1,5.85034298897
153,0.01382,0.0137812756002,1,1,5.78220701218
154,0.0138232,0.0137796374038,0,1,5.85350704193
155,0.0138075,0.0137780401856,1,1,5.79433202744
156,0.0138175,0.0137764262035,0,1,5.84570288658
157,0.0138059,0.0137747246772,1,1,5.59639382362
158,0.0137923,0.0137730455026,1,1,5.72410297394
159,0.0138053,0.013771340251,0,1,5.78478193283
160,0.0138067,0.0137696852908,0,1,5.7297539711
161,0.0138111,0.0137679968029,0,1,5.77342200279
162,0.0137979,0.0137663697824,0,1,5.78510904312
163,0.0138087,0.0137645509094,0,1,5.78483891487
164,0.0138003,0.0137628084049,0,1,5.84442305565
165,0.0138087,0.0137610770762,0,1,5.78236508369
166,0.0137941,0.0137593233958,0,1,5.84976100922
167,0.0138002,0.0137576078996,0,1,5.80133295059
168,0.0137816,0.0137558206916,1,1,5.79557085037
169,0.013782,0.013753997162,0,1,5.77984380722
170,0.0137904,0.0137523151934,0,1,5.85777401924
171,0.0137853,0.0137505419552,0,1,5.85424804688
172,0.0137786,0.0137486411259,1,1,5.68886709213
173,0.0137851,0.0137467626482,0,1,5.85373806953
174,0.0137816,0.0137449856848,0,1,5.78258705139
175,0.0137833,0.0137431621552,0,1,5.85340881348
176,0.0137789,0.0137413972989,0,1,5.7844581604
177,0.0137684,0.0137395812199,1,1,5.85312581062
178,0.0137622,0.0137376878411,1,1,5.75432610512
179,0.0137789,0.0137356920168,0,1,5.80100607872
180,0.0137727,0.0137338992208,0,1,5.81017398834
181,0.0137581,0.013732063584,1,1,5.85392403603
182,0.0137595,0.0137301664799,0,1,5.78227996826
183,0.0137675,0.0137282963842,0,1,5.84758901596
184,0.0137486,0.0137264411896,1,1,5.85127496719
185,0.0137527,0.0137245003134,0,1,5.85595703125
186,0.0137585,0.0137226516381,0,1,5.71451711655
187,0.0137571,0.0137206846848,0,1,5.85537195206
188,0.01375,0.013718791306,0,1,5.54603600502
189,0.0137448,0.0137169649825,1,1,5.85047411919
190,0.0137551,0.0137150781229,0,1,5.66565799713
191,0.013749,0.0137131400406,0,1,5.66694998741
192,0.0137376,0.0137112122029,1,1,5.54363393784
193,0.0137389,0.0137093514204,0,1,5.8825609684
194,0.0137324,0.01370742172,1,1,5.7801630497
195,0.0137379,0.0137055665255,0,1,5.689193964
196,0.0137282,0.0137036349624,1,1,5.824696064
197,0.0137317,0.0137017117813,0,1,5.84697198868
198,0.0137306,0.0136998537928,0,1,5.84966015816
199,0.0137368,0.0136979231611,0,1,5.71238589287
200,0.0137329,0.0136960251257,0,1,5.85512900352
201,0.0137231,0.0136940823868,1,1,5.78260803223
202,0.0137316,0.0136922607198,0,1,5.85449695587
203,0.0137349,0.0136903077364,0,1,5.7642390728
204,0.013718,0.0136884180829,1,1,5.85281705856
205,0.0137267,0.0136865600944,0,1,5.7717590332
206,0.0137178,0.0136846294627,1,1,5.78287315369
207,0.0137156,0.0136828646064,1,1,5.70884299278
208,0.0137095,0.0136808855459,1,1,5.71714401245
209,0.0137152,0.0136790527031,0,1,5.70979595184
210,0.0137012,0.0136771854013,1,1,5.849203825
211,0.013702,0.013675278984,0,1,5.8463871479
212,0.0136917,0.0136734843254,1,1,5.84809994698
213,0.0137019,0.013671589084,0,1,5.41980099678
214,0.0136941,0.013669680804,0,1,5.7064230442
215,0.0136969,0.0136679010466,0,1,5.64804697037
216,0.0136927,0.0136660328135,0,1,5.82070088387
217,0.0136936,0.0136642456055,0,1,5.84911489487
218,0.0136853,0.0136624090374,1,1,5.74718999863
219,0.013688,0.0136605091393,0,1,5.69596385956
220,0.0136813,0.0136586278677,1,1,5.69379901886
221,0.0136825,0.0136567987502,0,1,5.38883495331
222,0.0136815,0.0136548718438,0,1,5.53645801544
223,0.0136902,0.0136530660093,0,1,5.69061303139
224,0.0136851,0.0136512974277,0,1,5.54451179504
225,0.0136793,0.0136493854225,1,1,5.57355690002
226,0.0136816,0.0136475833133,0,1,5.69459986687
227,0.0136761,0.0136456303298,1,1,5.58650803566
228,0.0136652,0.0136439483613,1,1,5.67168402672
229,0.0136759,0.0136420782655,0,1,5.54892206192
230,0.013668,0.013640220277,0,1,5.45490407944
231,0.0136559,0.0136383334175,1,1,5.4786221981
232,0.0136571,0.0136365210637,0,1,5.72510790825
233,0.0136569,0.0136346882209,0,1,5.44115996361
234,0.0136485,0.013632803224,1,1,5.77739906311
235,0.0136578,0.0136311436072,0,1,5.80950403214
236,0.013651,0.0136291729286,0,1,5.64744400978
237,0.0136479,0.0136273410171,1,1,5.81656312943
238,0.0136455,0.0136254969984,1,1,5.78629207611
239,0.0136512,0.0136236092076,0,1,5.85229706764
240,0.0136484,0.0136217968538,0,1,5.78436112404
241,0.0136509,0.0136200021952,0,1,5.8544459343
242,0.013641,0.0136181619018,1,1,5.77952098846
243,0.0136414,0.0136162387207,0,1,5.85088300705
244,0.0136414,0.01361444965,0,1,5.75802397728
245,0.0136456,0.0136125385761,0,1,5.81883406639
246,0.0136374,0.0136106861755,1,1,5.71969389915
247,0.0136434,0.0136087797582,0,1,5.83930110931
248,0.0136315,0.0136069683358,1,1,5.73403310776
249,0.0136258,0.0136051271111,1,1,5.71496510506
250,0.0136258,0.0136030735448,0,1,5.85293793678
251,0.0136281,0.0136013608426,0,1,5.76206612587
252,0.0136163,0.013599392958,1,1,5.81116008759
253,0.0136177,0.013597519137,0,1,5.60929203033
254,0.0136203,0.013595527038,0,1,5.53889298439
255,0.0136043,0.0135936494917,1,1,5.85780310631
256,0.0136156,0.0135917337611,0,1,5.77909898758
257,0.0136174,0.0135898254812,0,1,5.84227108955
258,0.0136069,0.0135877784342,0,1,5.78702402115
259,0.0136033,0.0135858301073,1,1,5.84904503822
260,0.0136062,0.0135838454589,0,1,5.77847790718
261,0.0136074,0.0135819287971,0,1,5.85004806519
262,0.0136078,0.0135798947886,0,1,5.76795291901
263,0.0136102,0.0135778672993,0,1,5.85110402107
264,0.0135917,0.013575900346,1,1,5.78863310814
265,0.0135942,0.0135739259422,0,1,5.85307812691
266,0.0135961,0.0135720046237,0,1,5.7791261673
267,0.0135726,0.0135699249804,1,1,5.85058498383
268,0.0135782,0.0135678816587,0,1,5.70907092094
269,0.0135755,0.0135657796636,0,1,5.85832500458
270,0.0135814,0.0135636571795,0,1,5.87673997879
271,0.0135873,0.0135616287589,0,1,5.84996199608
272,0.01357,0.0135594177991,1,1,5.78251314163
273,0.0135808,0.0135572785512,0,1,5.85258102417
274,0.0135736,0.0135552221909,0,1,5.77472400665
275,0.0135653,0.0135530261323,1,1,5.7822830677
276,0.0135781,0.0135509110987,0,1,5.77529811859
277,0.0135628,0.0135486721992,1,1,5.72431302071
278,0.0135603,0.0135464360937,1,1,5.627628088
279,0.0135635,0.013544219546,0,1,5.67796111107
280,0.0135547,0.0135419555008,1,1,5.65439105034
281,0.0135441,0.0135396150872,1,1,5.52647399902
282,0.0135535,0.0135374180973,0,1,5.463545084
283,0.0135493,0.0135350534692,0,1,5.64104604721
284,0.0135425,0.013532734476,1,1,5.67560601234
285,0.0135496,0.0135303102434,0,1,5.61562991142
286,0.0135418,0.0135279521346,1,1,5.59555912018
287,0.0135476,0.0135255567729,0,1,5.85503315926
288,0.0135252,0.0135231185704,1,1,5.7496008873
289,0.013539,0.0135205667466,0,1,5.67866420746
290,0.0135293,0.0135180419311,0,1,5.77851104736
291,0.0135397,0.0135154537857,0,1,5.780189991
292,0.0135201,0.0135128917173,1,1,5.8538069725
293,0.0135214,0.0135103454813,0,1,5.6722381115
294,0.0135217,0.0135076325387,0,1,5.85574388504
295,0.0135195,0.0135049605742,1,1,5.80970406532
296,0.0135185,0.0135022606701,1,1,5.76860284805
297,0.0135164,0.0134995561093,1,1,5.60161280632
298,0.0135073,0.0134968459606,1,1,5.78621792793
299,0.0134985,0.0134940063581,1,1,5.85035896301
300,0.0134948,0.013491101563,1,1,5.78878498077
301,0.0134961,0.0134882181883,0,1,5.85216999054
302,0.0134919,0.0134853329509,1,1,5.77610087395
303,0.0134878,0.0134825780988,1,1,5.78278493881
304,0.0134913,0.0134794386104,0,1,5.77872490883
305,0.0134798,0.0134763848037,1,1,5.85361719131
306,0.0134902,0.0134733663872,0,1,5.78449106216
307,0.0134737,0.0134702660143,1,1,5.85560107231
308,0.013476,0.0134669831023,0,1,5.79802298546
309,0.0134627,0.0134637895972,1,1,5.87979888916
310,0.0134732,0.0134604563937,0,1,5.78033089638
311,0.0134637,0.0134572396055,0,1,5.85078501701
312,0.0134629,0.013453935273,0,1,5.86332392693
313,0.0134601,0.0134505592287,1,1,5.85605597496
314,0.013456,0.0134471338242,1,1,5.64332604408
315,0.0134503,0.0134436497465,1,1,5.85169696808
316,0.0134502,0.0134402019903,1,1,5.70802688599
317,0.0134391,0.0134365875274,1,1,5.854585886
318,0.013439,0.0134329134598,1,1,5.78979086876
319,0.0134422,0.0134293846786,0,1,5.85021090508
320,0.0134304,0.0134257283062,1,1,5.57785391808
321,0.0134251,0.0134219992906,1,1,5.56142783165
322,0.0134179,0.0134183214977,1,1,5.85807490349
323,0.013414,0.0134144676849,1,1,5.78018808365
324,0.0134112,0.0134106567129,1,1,5.85712313652
325,0.0134237,0.0134068215266,0,1,5.78284788132
326,0.0134141,0.0134029574692,0,1,5.85684490204
327,0.0133956,0.0133993653581,1,1,5.85452103615
328,0.0133985,0.013395210728,0,1,5.76994800568
329,0.0133996,0.013391234912,0,1,5.85127186775
330,0.0133884,0.0133871780708,1,1,5.77920889854
331,0.0133811,0.0133832031861,1,1,5.85766601562
332,0.0133805,0.0133790932596,1,1,5.78127288818
333,0.0133701,0.0133750587702,1,1,5.85276699066
334,0.0133688,0.013371036388,1,1,5.8089761734
335,0.0133805,0.0133668901399,0,1,5.81667995453
336,0.0133597,0.0133628929034,1,1,5.85310697556
337,0.0133534,0.0133588602766,1,1,5.77372789383
338,0.0133563,0.0133547838777,0,1,5.83839607239
339,0.0133542,0.0133506823331,0,1,5.75942492485
340,0.0133469,0.0133467214182,1,1,5.85898685455
341,0.0133422,0.0133425220847,1,1,5.59496092796
342,0.0133423,0.0133384652436,0,1,5.8510248661
343,0.0133273,0.0133343264461,1,1,5.65922021866
344,0.0133174,0.0133303813636,1,1,5.84390091896
345,0.0133244,0.0133263291791,0,1,5.85117578506
346,0.0133202,0.0133224120364,0,1,5.80420398712
347,0.0133191,0.0133183412254,0,1,5.82818412781
348,0.0133083,0.0133145144209,1,1,5.85142111778
349,0.0133151,0.0133104836568,0,1,5.72435808182
350,0.0132943,0.0133067965508,1,1,5.84521794319
351,0.0132885,0.013302847743,1,1,5.85369801521
352,0.0132923,0.0132989976555,0,1,5.859126091
353,0.0132982,0.0132953310385,0,1,5.84090781212
354,0.0132811,0.0132913356647,1,1,5.85580897331
355,0.0132785,0.0132877472788,1,1,5.8134970665
356,0.0132777,0.0132839474827,1,1,5.8501200676
357,0.0132645,0.0132803590968,1,1,5.69849705696
358,0.0132684,0.0132766794413,0,1,5.85603404045
359,0.0132547,0.0132729439065,1,1,5.7367079258
360,0.0132547,0.0132694831118,1,1,5.85688304901
361,0.0132511,0.0132658137009,1,1,5.73398399353
362,0.0132432,0.0132623612881,1,1,5.8525249958
363,0.0132489,0.0132588362321,0,1,5.84906816483
364,0.0132428,0.0132553484291,1,1,5.84497880936
365,0.0132384,0.0132519099861,1,1,5.78134489059
366,0.0132342,0.0132486112416,1,1,5.75705289841
367,0.0132361,0.0132453003898,0,1,5.68574810028
368,0.0132244,0.0132419802248,1,1,5.68495607376
369,0.013224,0.0132386945188,1,1,5.8091840744
370,0.0132202,0.0132353371009,1,1,5.77275395393
371,0.0132057,0.013232037425,1,1,5.74104499817
372,0.0132169,0.0132288951427,0,1,5.83259797096
373,0.0132058,0.0132257090881,0,1,5.86430907249
374,0.0132152,0.0132227055728,0,1,5.56037807465
375,0.0132022,0.0132195558399,1,1,5.84902691841
376,0.0131966,0.0132164778188,1,1,5.71326208115
377,0.0132029,0.0132134249434,0,1,5.84772706032
378,0.0131911,0.0132106104866,1,1,5.81685709953
379,0.0131835,0.0132074756548,1,1,5.84996199608
380,0.0131863,0.0132044386119,0,1,5.70284509659
381,0.0131745,0.0132014527917,1,1,5.85390996933
382,0.0131793,0.0131983943284,0,1,5.71150994301
383,0.0131761,0.0131955109537,0,1,5.78210902214
384,0.0131711,0.0131927346811,1,1,5.72058987617
385,0.0131665,0.0131897758693,1,1,5.80923104286
386,0.01317,0.013186997734,0,1,5.87878704071
387,0.0131642,0.0131840920076,1,1,5.84976601601
388,0.0131548,0.0131812766194,1,1,5.84650707245
389,0.0131538,0.0131785888225,1,1,5.83617281914
390,0.0131482,0.0131759261712,1,1,5.77567911148
391,0.0131465,0.0131729645655,1,1,5.77479290962
392,0.0131438,0.0131702888757,1,1,5.47002792358
393,0.0131315,0.0131676094607,1,1,5.77117681503
394,0.0131381,0.0131650371477,0,1,5.49305701256
395,0.0131362,0.0131622496992,0,1,5.63534617424
396,0.0131346,0.0131596270949,0,1,5.77681493759
397,0.0131318,0.01315687038,0,1,5.32186198235
398,0.0131318,0.0131542831659,0,1,5.6961350441
399,0.013113,0.0131515190005,1,1,5.59251689911
400,0.0131156,0.0131490901113,0,1,5.46614694595
401,0.0131141,0.0131463622674,0,1,5.62504196167
402,0.0131163,0.0131437378004,0,1,5.46955299377
403,0.0131196,0.0131411422044,0,1,5.84935283661
404,0.013106,0.013138669543,1,1,5.84742379189
405,0.0131033,0.0131360152736,1,1,5.84265208244
406,0.013108,0.0131334941834,0,1,5.58051490784
407,0.0130964,0.0131308501586,1,1,5.71193790436
408,0.0130926,0.013128454797,1,1,5.7828950882
409,0.0130875,0.0131257763132,1,1,5.77659583092
410,0.0130902,0.0131231471896,0,1,5.77859282494
411,0.0130879,0.0131207080558,0,1,5.68830418587
412,0.013082,0.0131181376055,1,1,5.78744316101
413,0.013077,0.0131156286225,1,1,5.7559940815
414,0.0130792,0.0131133114919,0,1,5.71220898628
415,0.0130766,0.0131105240434,1,1,5.64028406143
416,0.0130741,0.0131080895662,1,1,5.68168187141
417,0.0130747,0.0131054725498,0,1,5.66518783569
418,0.0130588,0.0131029905751,1,1,5.47807502747
419,0.013056,0.0131006306037,1,1,5.68509101868
420,0.0130679,0.0130982538685,0,1,5.68036103249
421,0.0130555,0.0130954999477,1,1,5.60919499397
422,0.013054,0.0130929695442,1,1,5.67554402351
423,0.0130498,0.0130904894322,1,1,5.67911696434
424,0.0130499,0.0130878444761,0,1,5.70392918587
425,0.0130391,0.013085372746,1,1,5.64105916023
426,0.0130436,0.013082806021,0,1,5.58904409409
427,0.0130381,0.0130804497749,1,1,5.48408198357
428,0.0130373,0.0130779808387,1,1,5.61728811264
429,0.0130299,0.0130753973499,1,1,5.61037802696
430,0.0130265,0.0130729330704,1,1,5.57548117638
431,0.013025,0.013070223853,1,1,5.67618489265
432,0.0130263,0.0130677912384,0,1,5.51099801064
433,0.0130198,0.0130652831867,1,1,5.43257498741
434,0.013016,0.01306269411,1,1,5.6164829731
435,0.0130227,0.0130602009594,0,1,5.67460083961
436,0.0130154,0.0130577431992,1,1,5.63278889656
437,0.013014,0.0130553487688,1,1,5.63711881638
438,0.0130049,0.0130525147542,1,1,5.51217293739
439,0.0130073,0.0130500821397,0,1,5.67380404472
440,0.0130061,0.0130475191399,0,1,5.61738920212
441,0.0130002,0.0130448238924,1,1,5.61306905746
442,0.0129945,0.0130423093215,1,1,5.60989904404
443,0.0129929,0.013039778918,1,1,5.67412996292
444,0.012993,0.0130372140557,0,1,5.60791707039
445,0.0129874,0.013034556061,1,1,5.67766904831
446,0.0129806,0.0130320414901,1,1,5.60786604881
447,0.012967,0.0130292847753,1,1,5.6117939949
448,0.0129809,0.0130266742781,0,1,5.42087602615
449,0.0129729,0.0130241531879,0,1,5.43674993515
450,0.0129697,0.0130214262754,0,1,5.5345659256
451,0.0129614,0.0130187654868,1,1,5.54177188873
452,0.0129662,0.0130162872374,0,1,5.56300091743
453,0.0129545,0.0130135975778,1,1,5.5689060688
454,0.0129519,0.0130106639117,1,1,5.43275594711
455,0.0129511,0.013008242473,1,1,5.41854810715
456,0.0129547,0.0130054615438,0,1,5.25040698051
457,0.0129437,0.0130025679246,1,1,5.48119187355
458,0.0129413,0.0130000300705,1,1,5.16311693192
459,0.0129366,0.0129974093288,1,1,5.15871310234
460,0.0129412,0.0129945902154,0,1,5.34658193588
461,0.0129356,0.0129921948537,1,1,5.30860996246
462,0.0129306,0.0129891596735,1,1,5.24585485458
463,0.0129338,0.0129863666371,0,1,5.24891591072
464,0.0129312,0.0129836704582,0,1,5.40586709976
465,0.0129286,0.0129809463397,1,1,5.31325697899
466,0.0129226,0.0129781803116,1,1,5.46057987213
467,0.0129169,0.0129753667861,1,1,5.16435289383
468,0.0129124,0.0129724629223,1,1,5.16661405563
469,0.0129012,0.0129695627838,1,1,5.16764903069
470,0.0129081,0.0129666784778,0,1,5.52562499046
471,0.0128983,0.0129640409723,1,1,5.16475510597
472,0.012897,0.0129611734301,1,1,5.169713974
473,0.0129053,0.0129584502429,0,1,5.16600489616
474,0.0128967,0.012955494225,1,1,5.43609404564
475,0.012888,0.0129527878016,1,1,5.33185696602
476,0.0128789,0.0129498392344,1,1,5.16607022285
477,0.0128887,0.0129467165098,0,1,5.16565394402
478,0.0128691,0.0129439989105,1,1,5.16539502144
479,0.0128792,0.0129409963265,0,1,5.55293893814
480,0.0128834,0.0129381995648,0,1,5.35928606987
481,0.0128708,0.0129353348166,0,1,5.68061590195
482,0.0128591,0.0129325669259,1,1,5.60940384865
483,0.0128616,0.012929385528,0,1,5.54089903831
484,0.0128631,0.0129266306758,0,1,5.61196088791
485,0.0128478,0.0129234744236,1,1,5.68031191826
486,0.012852,0.012920784764,0,1,5.52775502205
487,0.0128495,0.0129174664617,0,1,5.59537386894
488,0.0128487,0.0129149518907,0,1,5.63957095146
489,0.0128469,0.01291149389,1,1,5.60757994652
490,0.012836,0.0129085863009,1,1,5.67921209335
491,0.0128394,0.0129053946584,0,1,5.61049604416
492,0.0128337,0.0129023855552,1,1,5.67433404922
493,0.0128264,0.0128995962441,1,1,5.67237901688
494,0.0128313,0.0128963366151,0,1,5.64147305489
495,0.0128204,0.0128934495151,1,1,5.61145687103
496,0.0128128,0.0128903808072,1,1,5.68050408363
497,0.0128175,0.012887429446,0,1,5.60790991783
498,0.0128108,0.0128846950829,1,1,5.6140229702
499,0.0128051,0.0128813190386,1,1,5.56872797012
500,0.0127941,0.012878340669,1,1,5.66871118546
501,0.0127989,0.0128752468154,0,1,5.61668109894
502,0.0127985,0.012871994637,0,1,5.60366892815
503,0.0128009,0.0128689128906,0,1,5.60293912888
504,0.0128033,0.0128656057641,0,1,5.67099905014
505,0.0127798,0.0128625407815,1,1,5.60057592392
506,0.0127738,0.0128601063043,1,1,5.66536188126
507,0.0127839,0.0128564899787,0,1,5.60650992393
508,0.0127802,0.012853346765,0,1,5.52209591866
509,0.0127814,0.0128499912098,0,1,5.51028013229
510,0.0127729,0.0128467893228,1,1,5.60334014893
511,0.0127803,0.0128436973318,0,1,5.41021203995
512,0.0127729,0.012840510346,0,1,5.50966095924
513,0.0127492,0.0128379771486,1,1,5.58210587502
514,0.0127635,0.0128343235701,0,1,5.26304602623
515,0.0127544,0.0128310890868,0,1,5.50257301331
516,0.0127501,0.0128279132769,0,1,5.66169095039
517,0.0127448,0.0128246992826,1,1,5.65880012512
518,0.0127425,0.0128212664276,1,1,5.66274404526
519,0.0127333,0.0128182079643,1,1,5.66661405563
520,0.0127382,0.0128150898963,0,1,5.60036993027
521,0.012722,0.012811915949,1,1,5.66281914711
522,0.0127266,0.0128085184842,0,1,5.59371900558
523,0.0127224,0.012805451639,0,1,5.59596300125
524,0.0127181,0.0128021733835,1,1,5.59574389458
525,0.0127166,0.0127988485619,1,1,5.59549117088
526,0.0127127,0.0127952182665,1,1,5.67360806465
527,0.0127051,0.0127920918167,1,1,5.68738508224
528,0.0127061,0.0127888219431,0,1,5.66450095177
529,0.0126998,0.0127853797749,1,1,5.62252092361
530,0.0126928,0.0127821359783,1,1,5.66288805008
531,0.0126866,0.0127788390964,1,1,5.59099888802
532,0.0126811,0.0127754630521,1,1,5.58971595764
533,0.0126807,0.0127723608166,1,1,5.59571099281
534,0.0126845,0.0127687091008,0,1,5.49410605431
535,0.0126768,0.0127653293312,1,1,5.57345604897
536,0.0126769,0.0127620957792,0,1,5.59798502922
537,0.0126671,0.01275885012,1,1,5.40095210075
538,0.0126605,0.0127552431077,1,1,5.37350296974
539,0.0126694,0.0127516631037,0,1,5.3854598999
540,0.0126562,0.012748606503,1,1,5.49712514877
541,0.0126506,0.0127449836582,1,1,5.50151801109
542,0.0126529,0.0127415498719,0,1,5.25525093079
543,0.0126433,0.0127380043268,1,1,5.34079098701
544,0.0126476,0.0127346450463,0,1,5.14697194099
545,0.0126442,0.0127311348915,0,1,5.1491727829
546,0.0126298,0.0127276461571,1,1,5.14724588394
547,0.012641,0.0127241490409,0,1,5.297290802
548,0.0126304,0.0127205420285,0,1,5.61962080002
549,0.0126141,0.0127172544599,1,1,5.65508294106
550,0.0126125,0.0127135654911,1,1,5.65544295311
551,0.0126158,0.0127096008509,0,1,5.65828680992
552,0.0126132,0.0127062294632,0,1,5.55217289925
553,0.012614,0.0127026615664,0,1,5.66393017769
554,0.0126019,0.0126989586279,1,1,5.59133195877
555,0.0125914,0.0126957176253,1,1,5.5919919014
556,0.0125867,0.0126917026937,1,1,5.55148410797
557,0.0125768,0.0126882623881,1,1,5.65707397461
558,0.0125869,0.012684430927,0,1,5.59829807281
559,0.0125766,0.0126804336905,1,1,5.65911316872
560,0.0125752,0.0126766720787,1,1,5.63063001633
561,0.0125713,0.0126729058102,1,1,5.59288191795
562,0.0125709,0.0126693500206,1,1,5.66844010353
563,0.0125651,0.0126658417284,1,1,5.59053206444
564,0.0125671,0.0126617122442,0,1,5.59544301033
565,0.012557,0.0126579841599,1,1,5.55848002434
566,0.0125542,0.0126546109095,1,1,5.66496300697
567,0.0125457,0.0126503296196,1,1,5.5936319828
568,0.012531,0.012646349147,1,1,5.65946412086
569,0.0125449,0.0126427169889,0,1,5.65910410881
570,0.0125238,0.0126390522346,1,1,5.66299796104
571,0.0125305,0.0126351574436,0,1,5.66352105141
572,0.0125262,0.0126313371584,0,1,5.50628495216
573,0.0125158,0.0126272775233,1,1,5.65952897072
574,0.0125148,0.0126231787726,1,1,5.65995407104
575,0.0125071,0.0126194898039,1,1,5.66557598114
576,0.0125101,0.0126158595085,0,1,5.60029816628
577,0.0125084,0.0126115139574,0,1,5.60053491592
578,0.0125016,0.0126081136987,1,1,5.6096098423
579,0.0124904,0.0126043949276,1,1,5.48311901093
580,0.0124854,0.0125999748707,1,1,5.59757304192
581,0.012492,0.012596251443,0,1,5.66920495033
582,0.0124731,0.0125921797007,1,1,5.65935897827
583,0.0124755,0.0125884702429,0,1,5.65839195251
584,0.0124557,0.0125846900046,1,1,5.66144585609
585,0.0124644,0.0125814536586,0,1,5.48395514488
586,0.0124611,0.0125771220773,0,1,5.37339496613
587,0.0124503,0.0125733017921,1,1,5.35704493523
588,0.0124498,0.0125696510077,1,1,5.48617982864
589,0.0124435,0.0125659452751,1,1,5.4523460865
590,0.0124406,0.0125618409365,1,1,5.21346402168
591,0.0124347,0.0125579088926,1,1,5.36746501923
592,0.0124297,0.0125543251634,1,1,5.56807494164
593,0.0124229,0.0125509724021,1,1,5.65971016884
594,0.0124266,0.0125475581735,0,1,5.51831293106
595,0.012413,0.0125435041264,1,1,5.3597779274
596,0.0124081,0.0125401495025,1,1,5.54513096809
597,0.0124191,0.0125360842794,0,1,5.66272306442
598,0.0124069,0.0125330742449,1,1,5.66092205048
599,0.0124046,0.0125285517424,1,1,5.43216705322
600,0.0124055,0.0125247975811,0,1,5.2138478756
601,0.012394,0.012521257624,1,1,5.37281513214
602,0.0123943,0.0125179700553,0,1,5.21641087532
603,0.0123884,0.0125140286982,1,1,5.59684300423
604,0.0123813,0.0125102354214,1,1,5.23812818527
605,0.012378,0.0125066898763,1,1,5.35832500458
606,0.0123778,0.0125041333959,1,1,5.2144651413
607,0.012369,0.0124991741031,1,1,5.21131896973
608,0.0123641,0.0124960551038,1,1,5.21475601196
609,0.0123635,0.012492752634,1,1,5.4242401123
610,0.0123591,0.0124886166304,1,1,5.52409410477
611,0.012358,0.0124854408205,1,1,5.60475802422
612,0.0123452,0.0124817574397,1,1,5.55894398689
613,0.0123434,0.0124781122431,1,1,5.60432696342
614,0.0123386,0.0124743171036,1,1,5.59171009064
615,0.0123459,0.0124708376825,0,1,5.5902929306
616,0.012333,0.0124673685059,1,1,5.6225669384
617,0.0123321,0.0124636944383,1,1,5.62289214134
618,0.0123308,0.0124600995332,1,1,5.66192603111
619,0.0123194,0.0124565903097,1,1,5.65700984001
620,0.0123198,0.0124536063522,0,1,5.59211707115
621,0.0123035,0.0124491639435,1,1,5.45801591873
622,0.0123062,0.0124454731122,0,1,5.59602212906
623,0.0123065,0.0124416854233,0,1,5.64585709572
624,0.0122942,0.0124390758574,1,1,5.58939790726
625,0.0122947,0.0124347042292,0,1,5.59457802773
626,0.0122907,0.0124317677692,1,1,5.53072094917
627,0.0122973,0.0124271474779,0,1,5.48924517632
628,0.012286,0.0124237667769,1,1,5.50777506828
629,0.0122868,0.0124199809507,0,1,5.6210129261
630,0.012276,0.0124159771949,1,1,5.66059994698
631,0.012265,0.0124128144234,1,1,5.49560809135
632,0.0122712,0.0124091310427,0,1,5.37765908241
633,0.0122643,0.0124051300809,1,1,5.50114989281
634,0.0122598,0.0124018108472,1,1,5.65764498711
635,0.0122607,0.0123971356079,0,1,5.65501403809
636,0.0122496,0.012393925339,1,1,5.66021513939
637,0.0122409,0.0123904086649,1,1,5.65879106522
638,0.012235,0.0123859615996,1,1,5.66498613358
639,0.0122377,0.0123821841553,0,1,5.66253495216
640,0.0122331,0.0123779736459,1,1,5.59831500053
641,0.012213,0.0123740602285,1,1,5.59402489662
642,0.012228,0.0123699810356,0,1,5.61849594116
643,0.012227,0.0123659865931,0,1,5.65840196609
644,0.0122267,0.0123624773696,0,1,5.59278297424
645,0.012206,0.0123577732593,1,1,5.65923500061
646,0.01221,0.0123538188636,0,1,5.66157197952
647,0.0122038,0.0123501867056,1,1,5.66409277916
648,0.0122,0.0123452050611,1,1,5.60012102127
649,0.0121931,0.012341116555,1,1,5.66127800941
650,0.0121797,0.0123370531946,1,1,5.59832906723
651,0.0121885,0.0123329078779,0,1,5.65987992287
652,0.0121773,0.0123289935291,1,1,5.53413796425
653,0.0121718,0.0123247466981,1,1,5.66088700294
654,0.0121626,0.0123205585405,1,1,5.53643488884
655,0.012154,0.0123156243935,1,1,5.60058093071
656,0.012162,0.0123114343733,0,1,5.21604990959
657,0.0121596,0.0123074278235,0,1,5.37408900261
658,0.0121459,0.012302685529,1,1,5.21348810196
659,0.0121377,0.0122981732711,1,1,5.21509695053
660,0.0121285,0.0122927036136,1,1,5.21413707733
661,0.0121383,0.0122893629596,0,1,5.52873110771
662,0.0121235,0.0122847529128,1,1,5.21635603905
663,0.0121146,0.0122801810503,1,1,5.21598100662
664,0.0121048,0.0122748492286,1,1,5.40990614891
665,0.01211,0.0122705576941,0,1,5.21632695198
666,0.0121006,0.0122649148107,1,1,5.21774196625
667,0.0121055,0.0122612966225,0,1,5.21364784241
668,0.0120938,0.0122563559562,1,1,5.50362801552
669,0.0120776,0.0122517067939,1,1,5.63437104225
670,0.0120839,0.0122472792864,0,1,5.60715198517
671,0.0120776,0.0122417639941,0,1,5.55459880829
672,0.012074,0.0122371613979,1,1,5.21620202065
673,0.0120772,0.0122326491401,0,1,5.36094999313
674,0.0120666,0.012228471227,1,1,5.2168879509
675,0.0120619,0.0122247617692,1,1,5.62483501434
676,0.0120497,0.0122180134058,1,1,5.60055589676
677,0.0120443,0.0122134704143,1,1,5.40729284286
678,0.0120458,0.0122093763202,0,1,5.21730995178
679,0.0120465,0.0122040333226,0,1,5.21433115005
680,0.0120376,0.0121996793896,1,1,5.23421406746
681,0.0120224,0.01219439134,1,1,5.29002308846
682,0.0120211,0.0121901016682,1,1,5.52481484413
683,0.0120133,0.0121857142076,1,1,5.49703907967
684,0.0120103,0.0121806748211,1,1,5.36522912979
685,0.0120005,0.0121768740937,1,1,5.365224123
686,0.0120014,0.0121715385467,0,1,5.21933293343
687,0.0119901,0.0121677825227,1,1,5.36462688446
688,0.0119912,0.0121634555981,0,1,5.21905589104
689,0.0119816,0.0121581880376,1,1,5.52424883842
690,0.0119819,0.0121533712372,0,1,5.22043895721
691,0.0119784,0.012149498798,1,1,5.54277300835
692,0.0119617,0.0121446028352,1,1,5.21812701225
693,0.0119712,0.0121406605467,0,1,5.50422596931
694,0.0119622,0.0121367275715,0,1,5.21615481377
695,0.0119601,0.0121314451098,1,1,5.37596106529
696,0.0119574,0.0121272243559,1,1,5.21771979332
697,0.0119472,0.0121244834736,1,1,5.42955589294
698,0.0119468,0.0121195521206,1,1,5.21707010269
699,0.0119276,0.0121149644256,1,1,5.21889305115
700,0.0119323,0.0121100237593,0,1,5.39277386665
701,0.0119358,0.0121061941609,0,1,5.37762403488
702,0.0119221,0.0121017796919,1,1,5.46543097496
703,0.0119228,0.0120982062072,0,1,5.36141204834
704,0.0119198,0.0120946727693,1,1,5.22057795525
705,0.0119119,0.0120901288465,1,1,5.37576293945
706,0.0119059,0.0120861874893,1,1,5.24401283264
707,0.0118978,0.0120811900124,1,1,5.36063098907
708,0.0118969,0.0120778409764,1,1,5.22045016289
709,0.0118877,0.0120754456148,1,1,5.51825690269
710,0.0118926,0.0120701314881,0,1,5.47247719765
711,0.0118841,0.012065956369,1,1,5.37845206261
712,0.0118745,0.0120621640235,1,1,5.22009110451
713,0.0118632,0.0120580699295,1,1,5.21952700615
714,0.011868,0.0120544303209,0,1,5.21952700615
715,0.011871,0.0120506361127,0,1,5.36182498932
716,0.0118632,0.0120460446924,1,1,5.2199640274
717,0.0118588,0.0120429676026,1,1,5.38610386848
718,0.0118479,0.0120396381244,1,1,5.22032809258
719,0.0118604,0.0120343109593,0,1,5.38301992416
720,0.0118338,0.0120310541242,1,1,5.22008681297
721,0.0118443,0.0120272925124,0,1,5.41309785843
722,0.0118307,0.0120250573382,1,1,5.36203598976
723,0.0118325,0.0120204593986,0,1,5.3613409996
724,0.0118332,0.0120164044201,0,1,5.21551609039
725,0.0118181,0.0120120709762,1,1,5.21588897705
726,0.0118245,0.0120091568679,0,1,5.21880197525
727,0.0118225,0.012005883269,0,1,5.35884213448
728,0.0118122,0.0120014119893,1,1,5.21290802956
729,0.0118029,0.0119978422299,1,1,5.21713399887
730,0.0117938,0.0119944065809,1,1,5.35616207123
731,0.0118004,0.0119921825826,0,1,5.21416187286
732,0.0117912,0.0119873257354,1,1,5.21488881111
733,0.0117934,0.0119840437546,0,1,5.38038706779
734,0.0117965,0.0119813801721,0,1,5.36060810089
735,0.0117917,0.0119768613949,0,1,5.56497621536
736,0.0117899,0.0119736120105,1,1,5.36286211014
737,0.0117801,0.011969845742,1,1,5.49084711075
738,0.0117733,0.011966843158,1,1,5.37257695198
739,0.0117722,0.0119626950473,1,1,5.56539797783
740,0.0117573,0.0119600016624,1,1,5.37601518631
741,0.0117608,0.0119558563456,0,1,5.37305188179
742,0.0117541,0.0119524439797,1,1,5.21528887749
743,0.0117532,0.011949615553,1,1,5.57336115837
744,0.0117549,0.0119450371712,0,1,5.46303415298
745,0.0117567,0.0119420811534,0,1,5.40395402908
746,0.0117321,0.0119390692562,1,1,5.5318441391
747,0.011736,0.0119363320991,0,1,5.35948204994
748,0.0117275,0.0119330221787,1,1,5.3755209446
749,0.0117258,0.0119295110926,1,1,5.35750293732
750,0.0117309,0.0119248786941,0,1,5.21427702904
751,0.0117227,0.0119225671515,1,1,5.21478486061
752,0.0117118,0.0119183557108,1,1,5.38774895668
753,0.0117129,0.0119158951566,0,1,5.46089291573
754,0.0117057,0.0119114182889,1,1,5.21472787857
755,0.0117088,0.0119083756581,0,1,5.35892701149
756,0.0116898,0.0119060287252,1,1,5.21835899353
757,0.0116981,0.0119012231007,0,1,5.41285300255
758,0.0116952,0.0118988873437,0,1,5.21189308167
759,0.0116916,0.0118957227096,0,1,5.2169778347
760,0.0116848,0.0118919424713,1,1,5.35740113258
761,0.0116928,0.0118890749291,0,1,5.21751999855
762,0.0116791,0.0118845235556,1,1,5.21388792992
763,0.0116732,0.0118822474033,1,1,5.41746902466
764,0.0116674,0.0118787959218,1,1,5.53915286064
765,0.0116789,0.0118750398979,0,1,5.2382080555
766,0.0116753,0.0118723819032,0,1,5.21449899673
767,0.0116502,0.0118683734909,1,1,5.42828392982
768,0.0116564,0.0118640847504,0,1,5.49345612526
769,0.0116481,0.0118607385084,1,1,5.21297287941
770,0.0116576,0.0118582500145,0,1,5.23836088181
771,0.011649,0.0118549577892,0,1,5.47089099884
772,0.0116426,0.0118518043309,1,1,5.55625200272
773,0.0116343,0.0118479179218,1,1,5.59708499908
774,0.0116338,0.0118479048833,1,1,5.21625900269
775,0.0116305,0.0118411295116,1,1,5.21371912956
776,0.0116234,0.0118386726826,1,1,5.37479615211
777,0.0116172,0.0118350684643,1,1,5.51792502403
778,0.0116239,0.0118330828846,0,1,5.21561813354
779,0.0116146,0.0118287298828,1,1,5.63128805161
780,0.0116168,0.0118252905086,0,1,5.36030197144
781,0.0116131,0.011822831817,1,1,5.37189793587
782,0.0116049,0.0118182897568,1,1,5.48741388321
783,0.0116062,0.0118157686666,0,1,5.23668479919
784,0.0115926,0.0118127651513,1,1,5.50831389427
785,0.0115831,0.0118087111041,1,1,5.57266306877
786,0.0115844,0.0118054822087,0,1,5.5511879921
787,0.0115872,0.0118012269959,0,1,5.3580019474
788,0.0115784,0.0118008824065,1,1,5.21259498596
789,0.0115712,0.0117960320786,1,1,5.21454000473
790,0.0115808,0.0117916418239,0,1,5.2128610611
791,0.0115636,0.0117897000164,1,1,5.21438908577
792,0.0115563,0.0117855509743,1,1,5.21214699745
793,0.0115615,0.0117842238396,0,1,5.37456989288
794,0.0115506,0.0117799341679,1,1,5.21612119675
795,0.0115544,0.0117757702246,0,1,5.46330904961
796,0.0115532,0.0117736039683,0,1,5.37413477898
797,0.011544,0.011768839322,1,1,5.55806517601
798,0.0115394,0.0117669403553,1,1,5.36145877838
799,0.0115345,0.0117623601109,1,1,5.50504684448
800,0.011531,0.0117599964142,1,1,5.21218705177
801,0.0115379,0.0117559852079,0,1,5.35782599449
802,0.0115271,0.0117524480447,1,1,5.21391296387
803,0.0115229,0.0117492489517,1,1,5.21576499939
804,0.0115243,0.0117459408939,0,1,5.21233415604
805,0.0115108,0.0117435557768,1,1,5.2155020237
806,0.0115119,0.0117396749556,0,1,5.21527314186
807,0.0115193,0.0117372609675,0,1,5.21671581268
808,0.011508,0.0117329265922,1,1,5.361754179
809,0.0114924,0.0117307305336,1,1,5.22002196312
810,0.0114852,0.0117264185101,1,1,5.37436699867
811,0.0114927,0.0117255654186,0,1,5.21581816673
812,0.0114917,0.0117191579193,0,1,5.21501398087
813,0.0114849,0.0117179863155,1,1,5.35548114777
814,0.0114685,0.0117125418037,1,1,5.21255517006
815,0.0114653,0.0117101762444,1,1,5.21463108063
816,0.0114739,0.0117079373449,0,1,5.21445584297
817,0.0114751,0.0117042558268,0,1,5.36089086533
818,0.011461,0.0117000518367,1,1,5.36173796654
819,0.0114603,0.0116980215535,1,1,5.21446800232
820,0.011451,0.0116925276816,1,1,5.21542906761
821,0.011445,0.011690990068,1,1,5.22849297523
822,0.0114494,0.0116862663999,0,1,5.27457284927
823,0.0114347,0.0116825522855,1,1,5.31682991982
824,0.0114458,0.0116798290983,0,1,5.45236110687
825,0.0114415,0.0116754565388,0,1,5.37298703194
826,0.0114306,0.011674801819,1,1,5.37211513519
827,0.0114328,0.0116701107472,0,1,5.36202001572
828,0.0114167,0.0116677200422,1,1,5.53460597992
829,0.0114181,0.0116645516828,0,1,5.5909371376
830,0.0114206,0.0116612687707,0,1,5.21383690834
831,0.0114166,0.0116551890969,1,1,5.21410417557
832,0.0114095,0.0116538470611,1,1,5.21619606018
833,0.0114022,0.011649819091,1,1,5.49999499321
834,0.0114009,0.011645231396,1,1,5.2366900444
835,0.0113883,0.0116423228756,1,1,5.21323299408
836,0.0113927,0.011639113538,0,1,5.21593904495
837,0.0113796,0.0116346441209,1,1,5.36031007767
838,0.0113823,0.0116375731304,0,0,5.19619083405
839,0.0113831,0.0116282394156,0,1,5.21423101425
840,0.0113774,0.0116247860715,1,1,5.21442198753
841,0.0113714,0.0116223469377,1,1,5.44325995445
842,0.0113667,0.0116199245676,1,1,5.38040089607
843,0.0113733,0.0116139082238,0,1,5.21325302124
844,0.0113529,0.0116134658456,1,1,5.37471103668
845,0.0113555,0.01160771586,0,1,5.37656617165
846,0.0113551,0.0116038415581,0,1,5.54962515831
847,0.0113471,0.0115990946069,1,1,5.38318419456
848,0.0113303,0.0115968761966,1,1,5.51655387878
849,0.0113413,0.0115940719843,0,1,5.2148399353
850,0.0113461,0.0115904705599,0,1,5.21537208557
851,0.0113366,0.0115861436352,0,1,5.21351408958
852,0.0113228,0.0115823065862,1,1,5.37180900574
853,0.0113323,0.0115795191377,0,1,5.21358299255
854,0.0113227,0.0115769347176,1,1,5.37203812599
855,0.0113187,0.0115738036111,1,1,5.21768403053
856,0.0113178,0.0115692680702,1,1,5.21419692039
857,0.0113033,0.0115679753944,1,1,5.21476197243
858,0.0113,0.0115619441494,1,1,5.6184630394
859,0.0113068,0.0115575352684,0,1,5.25681591034
860,0.0112881,0.0115554071963,1,1,5.38111591339
861,0.011293,0.0115508250892,0,1,5.21658110619
862,0.0112834,0.0115473838523,1,1,5.21177101135
863,0.0112953,0.0115454839543,0,1,5.21566796303
864,0.011285,0.0115408282727,0,1,5.49303007126
865,0.0112714,0.011537887156,1,1,5.41963100433
866,0.0112622,0.011532603763,1,1,5.41192293167
867,0.0112713,0.0115298451856,0,1,5.37253499031
868,0.0112577,0.0115280430764,1,1,5.47388911247
869,0.0112483,0.0115243028849,1,1,5.39846396446
870,0.0112586,0.0115187587216,0,1,5.21286511421
871,0.0112508,0.0115151954815,0,1,5.21315193176
872,0.0112464,0.0115112774074,1,1,5.35662794113
873,0.0112426,0.0115077840164,1,1,5.22211790085
874,0.0112302,0.0115047097206,1,1,5.21383690834
875,0.0112328,0.0115000922233,0,1,5.21361899376
876,0.0112307,0.011502305977,0,0,5.19612693787
877,0.0112261,0.0114933988079,1,1,5.21788811684
878,0.0112268,0.0114898364991,0,1,5.21434187889
879,0.0112174,0.0114862183109,1,1,5.21613407135
880,0.0112082,0.0114886267111,1,0,5.19761919975
881,0.0112082,0.0114811472595,1,1,5.37342000008
882,0.0112025,0.0114779248834,1,1,5.21214914322
883,0.0111956,0.0114726657048,1,1,5.2139570713
884,0.0111865,0.0114722400904,1,1,5.21606302261
885,0.0111966,0.0114691397175,0,1,5.21391201019
886,0.0111802,0.0114651694894,1,1,5.22818207741
887,0.0111822,0.0114616779611,0,1,5.21275210381
888,0.01118,0.0114574031904,1,1,5.39248895645
889,0.0111729,0.0114528555423,1,1,5.21663618088
890,0.0111802,0.0114513123408,0,1,5.42340302467
891,0.0111688,0.0114499153569,1,1,5.21020293236
892,0.0111596,0.0114446049556,1,1,5.21447706223
893,0.0111601,0.0114421425387,0,1,5.36006093025
894,0.0111504,0.0114378919825,1,1,5.37286090851
895,0.0111502,0.0114339655265,1,1,5.51783800125
896,0.0111525,0.0114312050864,0,1,5.21378302574
897,0.01115,0.0114291831851,1,1,5.37400197983
898,0.0111465,0.0114251589403,1,1,5.2316069603
899,0.0111456,0.0114224059507,1,1,5.23607802391
900,0.0111335,0.0114197712392,1,1,5.21333909035
901,0.0111313,0.0114157553762,1,1,5.50860619545
902,0.0111355,0.0114122806117,0,1,5.51763606071
903,0.0111186,0.0114092165604,1,1,5.51838207245
904,0.0111201,0.0114065352827,0,1,5.35646319389
905,0.0111123,0.0114037971944,1,1,5.21499896049
906,0.0111136,0.0113997105509,0,1,5.21567606926
907,0.011107,0.0113991647959,1,1,5.21546316147
908,0.0111152,0.0113951535895,0,1,5.4942920208
909,0.0111039,0.0113909700885,1,1,5.36365699768
910,0.011088,0.0113893337548,1,1,5.35941815376
911,0.0110949,0.0113919824362,0,0,5.21653485298
912,0.0110855,0.0113832419738,1,1,5.2167570591
913,0.0110834,0.0113787828013,1,1,5.3219268322
914,0.0110733,0.0113790556788,1,0,5.47075891495
915,0.0110865,0.0113756516948,0,1,5.224132061
916,0.0110809,0.0113701298833,0,1,5.21139407158
917,0.011077,0.0113683398813,0,1,5.21379590034
918,0.0110708,0.0113655393943,1,1,5.37766885757
919,0.0110704,0.0113629437983,1,1,5.3888130188
920,0.011064,0.0113596012816,1,1,5.21736598015
921,0.0110579,0.0113596152514,1,0,5.3390250206
922,0.0110441,0.011354604736,1,1,5.2124979496
923,0.0110546,0.0113527737558,0,1,5.21372914314
924,0.0110559,0.0113513059914,0,1,5.23953509331
925,0.0110477,0.0113510293886,0,1,5.217648983
926,0.0110406,0.0113441022113,1,1,5.37382602692
927,0.0110359,0.0113441701978,1,0,5.33734703064
928,0.0110442,0.0113406432793,0,1,5.21572113037
929,0.0110348,0.0113373063505,1,1,5.21617078781
930,0.0110298,0.0113330744207,1,1,5.21859407425
931,0.0110359,0.0113306939602,0,1,5.37291502953
932,0.0110211,0.011326957494,1,1,5.21478486061
933,0.0110172,0.0113254254684,1,1,5.42034006119
934,0.0110211,0.0113210408017,0,1,5.21919703484
935,0.0110179,0.0113184479997,0,1,5.215539217
936,0.0110002,0.0113158989698,1,1,5.37827801704
937,0.0110067,0.0113133220002,0,1,5.67021512985
938,0.0110031,0.0113120488822,0,1,5.35839486122
939,0.011,0.0113104702905,1,1,5.21222686768
940,0.0109969,0.011304339394,1,1,5.21438789368
941,0.0109872,0.0113037992269,1,1,5.56643104553
942,0.0109867,0.0113017875701,1,1,5.63980388641
943,0.010998,0.0112994350493,0,1,5.51834702492
944,0.0109807,0.0112946107984,1,1,5.21679210663
945,0.0109837,0.0112926652655,0,1,5.37387418747
946,0.0109784,0.0112964753062,1,0,5.19290709496
947,0.0109782,0.011287484318,1,1,5.21365499496
948,0.0109738,0.0112854838371,1,1,5.39647603035
949,0.0109702,0.0112822223455,1,1,5.2155919075
950,0.0109718,0.0112826758996,0,0,5.34337806702
951,0.01096,0.0112762963399,1,1,5.37490296364
952,0.0109569,0.0112740602344,1,1,5.37277507782
953,0.0109575,0.011271125637,0,1,5.21510601044
954,0.0109505,0.0112720169127,1,0,5.35652112961
955,0.0109433,0.0112668806687,1,1,5.21428799629
956,0.0109525,0.0112640634179,0,1,5.21274781227
957,0.0109436,0.0112643195316,0,0,5.46144795418
958,0.0109449,0.011260853149,0,1,5.24867987633
959,0.0109223,0.0112571483478,1,1,5.3775370121
960,0.0109368,0.0112539920956,0,1,5.359416008
961,0.0109314,0.0112506654114,0,1,5.2161898613
962,0.0109277,0.0112507119775,0,0,5.19577598572
963,0.0109178,0.0112445503473,1,1,5.22764420509
964,0.0109192,0.0112430835143,0,1,5.21549296379
965,0.0109139,0.0112448576838,1,0,5.19604110718
966,0.010914,0.0112387528643,0,1,5.2166697979
967,0.0109,0.0112347761169,1,1,5.36360096931
968,0.0109062,0.0112332860008,0,1,5.51200008392
969,0.0109073,0.0112322960049,0,1,5.54938197136
970,0.0108915,0.0112286927179,1,1,5.2133231163
971,0.0108892,0.0112262349576,1,1,5.21799302101
972,0.0108912,0.0112246461213,0,1,5.21368408203
973,0.0109037,0.0112213529646,0,1,5.21269512177
974,0.0108913,0.0112216612324,0,0,5.19420218468
975,0.0108875,0.0112149789929,1,1,5.23657608032
976,0.0108811,0.011216330342,1,0,5.66613197327
977,0.0108797,0.0112117817625,1,1,5.27532196045
978,0.0108742,0.0112060634419,1,1,5.21276497841
979,0.0108747,0.0112036084756,0,1,5.36035108566
980,0.0108624,0.0112011451274,1,1,5.29528284073
981,0.0108666,0.0112014180049,0,0,5.3438770771
982,0.0108506,0.0111973779276,1,1,5.21624183655
983,0.0108549,0.0111934142187,0,1,5.21639513969
984,0.0108403,0.0111938687041,1,0,5.35767793655
985,0.0108506,0.0111910654232,0,1,5.21720600128
986,0.0108491,0.0111884893849,0,1,5.52098608017
987,0.0108375,0.0111865187064,1,1,5.50223302841
988,0.010844,0.0111812530085,0,1,5.24157500267
989,0.0108282,0.0111798048019,1,1,5.35901498795
990,0.0108354,0.0111770750955,0,1,5.21358394623
991,0.0108336,0.0111738583073,0,1,5.21532583237
992,0.0108207,0.0111712794751,1,1,5.21417212486
993,0.010823,0.0111696869135,0,1,5.21467900276
994,0.010814,0.0111725497991,1,0,5.49801397324
995,0.0108148,0.0111669842154,0,1,5.2126121521
996,0.010807,0.011161393486,1,1,5.43667697906
997,0.010806,0.0111588956788,1,1,5.37394785881
998,0.010794,0.0111550940201,1,1,5.35882997513
999,0.0107961,0.0111566958949,0,0,5.20376896858
1000,0.0107985,0.0111514916644,0,1,5.61557197571
1001,0.0107988,0.0111478567123,0,1,5.38252711296
1002,0.010784,0.0111493347213,1,0,5.19571304321
1003,0.0107867,0.0111449202523,0,1,5.37396216393
1004,0.0107915,0.0111425137147,0,1,5.35829591751
1005,0.0107892,0.0111402478069,0,1,5.21603918076
1006,0.0107858,0.0111360745504,0,1,5.4914150238
1007,0.010787,0.0111340256408,0,1,5.54463982582
1008,0.0107767,0.0111319348216,1,1,5.62334012985
1009,0.0107671,0.011129911989,1,1,5.66147994995
1010,0.0107609,0.0111256204545,1,1,5.59182906151
1011,0.0107747,0.0111223347485,0,1,5.59312486649
1012,0.0107645,0.0111207822338,0,1,5.59394812584
1013,0.0107539,0.0111165316775,1,1,5.42172813416
1014,0.0107604,0.0111183533445,0,0,5.65346312523
1015,0.0107512,0.0111144585535,1,1,5.45512986183
1016,0.0107532,0.0111088287085,0,1,5.53683805466
1017,0.0107382,0.011107227765,1,1,5.65956902504
1018,0.0107464,0.0111037716269,0,1,5.58983492851
1019,0.0107297,0.0111035890877,1,1,5.58084392548
1020,0.0107376,0.0111017357558,0,1,5.58235096931
1021,0.0107383,0.0111017273739,0,1,5.57905077934
1022,0.0107311,0.0110968407243,0,1,5.57228398323
1023,0.0107219,0.0110932011157,1,1,5.59093117714
1024,0.0107171,0.0110901826993,1,1,5.59784197807
1025,0.0107188,0.0110864993185,0,1,5.66400098801
1026,0.0107104,0.0110845137388,1,1,5.59049201012
1027,0.0107092,0.0110825756565,1,1,5.61618709564
1028,0.0107095,0.0110801290721,0,1,5.6581029892
1029,0.0107044,0.0110770873725,1,1,5.66208386421
1030,0.0107092,0.011073696427,0,1,5.59462809563
1031,0.0106968,0.0110746705905,1,0,5.63860797882
1032,0.0107003,0.0110698584467,0,1,5.66067099571
1033,0.0106904,0.0110677136108,1,1,5.64076781273
1034,0.0106876,0.0110677964985,1,0,5.63570380211
1035,0.0106809,0.0110682556406,1,0,5.58932590485
1036,0.0106842,0.0110625438392,0,1,5.6605899334
1037,0.0106896,0.011059791781,0,1,5.56915688515
1038,0.0106825,0.0110557330772,0,1,5.66084599495
1039,0.0106696,0.0110554136336,1,1,5.61028385162
1040,0.0106668,0.0110533060506,1,1,5.60052490234
1041,0.0106799,0.0110502941534,0,1,5.66020894051
1042,0.010666,0.0110470261425,1,1,5.66087913513
1043,0.010664,0.0110461907461,1,1,5.66093492508
1044,0.0106532,0.0110406205058,1,1,5.66463685036
1045,0.0106475,0.0110384374857,1,1,5.66348695755
1046,0.0106505,0.0110362367705,0,1,5.66048789024
1047,0.0106502,0.0110358512029,0,1,5.59982991219
1048,0.0106411,0.0110338646919,1,1,5.6645629406
1049,0.0106398,0.0110304299742,1,1,5.60245895386
1050,0.0106518,0.011028798297,0,1,5.55316209793
1051,0.0106357,0.0110267847776,1,1,5.51746797562
1052,0.0106367,0.0110287312418,0,0,5.49521112442
1053,0.0106375,0.0110225779936,0,1,5.37945604324
1054,0.0106274,0.0110170170665,1,1,5.47306609154
1055,0.0106194,0.011019368656,1,0,5.51458287239
1056,0.0106156,0.0110190389678,1,0,5.13264417648
1057,0.0106127,0.0110118780285,1,1,5.15146017075
1058,0.010622,0.0110087292269,0,1,5.15475511551
1059,0.0106138,0.0110072074458,0,1,5.1503341198
1060,0.0106092,0.0110048903152,1,1,5.45981788635
1061,0.010608,0.0110058262944,1,0,5.44282007217
1062,0.0106122,0.0110016651452,0,1,5.41199111938
1063,0.0106014,0.0110060917214,1,0,5.20436787605
1064,0.0106036,0.0110140331089,0,0,5.13360095024
1065,0.0105949,0.0109972814098,1,1,5.5317440033
1066,0.0105882,0.0109924646094,1,1,5.59705281258
1067,0.0105856,0.0109909102321,1,1,5.59455895424
1068,0.0105836,0.0109877958894,1,1,5.44759297371
1069,0.0105841,0.0109913060442,0,0,5.35731291771
1070,0.0105861,0.0109847420827,0,1,5.2393040657
1071,0.0105741,0.01098474022,1,1,5.50371098518
1072,0.0105671,0.0109813036397,1,1,5.44836688042
1073,0.0105746,0.0109787592664,0,1,5.58246707916
1074,0.0105594,0.0109810354188,1,0,5.52994799614
1075,0.010575,0.010973924771,0,1,5.30835294724
1076,0.0105698,0.0109740942717,0,0,5.41615605354
1077,0.0105584,0.0109759569168,1,0,5.30823302269
1078,0.0105672,0.0109695214778,0,1,5.40261793137
1079,0.0105564,0.0109673887491,1,1,5.29927277565
1080,0.0105468,0.0109647344798,1,1,5.33729887009
1081,0.010546,0.0109668308869,1,0,5.49086403847
1082,0.0105527,0.0109688341618,0,0,5.32582402229
1083,0.0105396,0.0109587945044,1,1,5.15047693253
1084,0.0105301,0.0109605528414,1,0,5.13364386559
1085,0.0105341,0.0109560089186,0,1,5.1539940834
1086,0.0105372,0.010952888988,0,1,5.2965760231
1087,0.0105297,0.010949363932,1,1,5.14977908134
1088,0.010533,0.0109492707998,0,1,5.47211289406
1089,0.0105385,0.0109472600743,0,1,5.23198509216
1090,0.0105219,0.0109474221244,1,0,5.43948698044
1091,0.0105134,0.0109451981261,1,1,5.16536402702
1092,0.0105092,0.0109495511279,1,0,5.27989602089
1093,0.0105189,0.0109382523224,0,1,5.14989209175
1094,0.0105145,0.010940332897,0,0,5.294080019
1095,0.0105216,0.0109442602843,0,0,5.1324968338
1096,0.0105061,0.0109406337142,1,0,5.13366913795
1097,0.010505,0.0109364585951,1,1,5.15397906303
1098,0.0105089,0.0109296217561,0,1,5.15310001373
1099,0.0104987,0.0109313819557,1,0,5.29308700562
1100,0.0105013,0.0109280515462,0,1,5.24345993996
1101,0.0104844,0.0109291328117,1,0,5.27857899666
1102,0.0104835,0.010926916264,1,1,5.15346693993
1103,0.0104911,0.0109201911837,0,1,5.29780387878
1104,0.0104836,0.0109217986465,0,0,5.28762197495
1105,0.010481,0.0109185054898,1,1,5.15426898003
1106,0.0104766,0.0109152253717,1,1,5.29511809349
1107,0.0104825,0.0109171262011,0,0,5.133893013
1108,0.0104812,0.0109103918076,0,1,5.15068888664
1109,0.0104819,0.0109103964642,0,0,5.13799595833
1110,0.0104709,0.010911767371,1,0,5.13433003426
1111,0.0104708,0.0109065501019,1,1,5.15112781525
1112,0.0104631,0.0109086874872,1,0,5.29431200027
1113,0.0104647,0.0109044136479,0,1,5.15210986137
1114,0.0104617,0.0109028350562,1,1,5.32989120483
1115,0.0104564,0.0109068090096,1,0,5.27628087997
1116,0.0104539,0.0109013393521,1,1,5.16714215279
1117,0.0104517,0.0108974045143,1,1,5.17453217506
1118,0.0104471,0.0108969639987,1,1,5.31131196022
1119,0.010442,0.0108938012272,1,1,5.31329798698
1120,0.0104412,0.0108920773491,1,1,5.29898500443
1121,0.0104353,0.0108965979889,1,0,5.43934082985
1122,0.0104376,0.0108920652419,0,1,5.15320801735
1123,0.0104412,0.0108866393566,0,1,5.29502606392
1124,0.0104381,0.0108855096623,0,1,5.15229892731
1125,0.0104387,0.0108835492283,0,1,5.29859399796
1126,0.0104351,0.0108846062794,1,0,5.57566714287
1127,0.0104238,0.0108799962327,1,1,5.15358686447
1128,0.010431,0.0108794616535,0,1,5.29701685905
1129,0.010424,0.0108799459413,0,0,5.15622806549
1130,0.0104194,0.0108765559271,1,1,5.15547895432
1131,0.0104196,0.0108735887334,0,1,5.29825401306
1132,0.0104203,0.0108776651323,0,0,5.4455537796
1133,0.0104031,0.0108714951202,1,1,5.15454101562
1134,0.0104131,0.0108697572723,0,1,5.45630097389
1135,0.0103999,0.0108699314296,1,0,5.13180994987
1136,0.0104031,0.0108666475862,0,1,5.1524579525
1137,0.010394,0.0108629912138,1,1,5.1513030529
1138,0.0103959,0.0108620319515,0,1,5.15369391441
1139,0.0103942,0.0108620431274,0,0,5.28220796585
1140,0.0104033,0.010861963965,0,1,5.15040588379
1141,0.0103952,0.0108614536002,0,1,5.1535718441
1142,0.0103918,0.010855843313,1,1,5.32174015045
1143,0.0103894,0.0108560044318,1,0,5.13264393806
1144,0.010397,0.010857633315,0,0,5.13374209404
1145,0.0103744,0.0108604757115,1,0,5.13447809219
1146,0.0103838,0.0108528807759,0,1,5.1514570713
1147,0.0103742,0.0108503103256,1,1,5.15018200874
1148,0.0103739,0.0108452327549,1,1,5.29918503761
1149,0.0103714,0.0108486460522,1,0,5.36070799828
1150,0.0103717,0.0108452066779,0,1,5.15443205833
1151,0.0103672,0.010851140134,1,0,5.27822494507
1152,0.0103696,0.0108445463702,0,1,5.15296196938
1153,0.0103729,0.0108416974545,0,1,5.15474414825
1154,0.0103602,0.01084242668,1,0,5.27582001686
1155,0.0103494,0.0108402129263,1,1,5.1803290844
1156,0.0103557,0.0108347730711,0,1,5.30092597008
1157,0.0103433,0.0108330966905,1,1,5.30062699318
1158,0.0103595,0.0108290864155,0,1,5.4748609066
1159,0.0103556,0.0108306510374,0,0,5.13193416595
1160,0.0103456,0.0108291050419,0,0,5.13398790359
1161,0.0103554,0.0108277658001,0,1,5.31115198135
1162,0.0103391,0.0108318831772,1,0,5.55567288399
1163,0.0103413,0.0108286272734,0,0,5.54057002068
1164,0.0103504,0.0108239986002,0,1,5.18495988846
1165,0.0103402,0.0108202183619,0,1,5.45871305466
1166,0.0103416,0.0108319846913,0,0,5.39469099045
1167,0.0103222,0.0108241187409,1,0,5.25636601448
1168,0.010329,0.0108180753887,0,1,5.16056990623
1169,0.010324,0.0108158625662,0,1,5.15384912491
1170,0.0103266,0.0108164558187,0,0,5.27814602852
1171,0.0103253,0.0108136264607,0,1,5.15096116066
1172,0.0103233,0.0108116446063,0,1,5.1507370472
1173,0.0103136,0.010811984539,1,0,5.13557386398
1174,0.0103132,0.0108144767582,1,0,5.13209104538
1175,0.0103213,0.0108049074188,0,1,5.15130591393
1176,0.0103071,0.0108091104776,1,0,5.13210988045
1177,0.0103118,0.0108076790348,0,0,5.13322901726
1178,0.0102989,0.0108056226745,1,0,5.13511610031
1179,0.010307,0.0107994992286,0,1,5.14890193939
1180,0.0102987,0.0108028370887,1,0,5.27950382233
1181,0.0102977,0.0107986321673,1,1,5.16165089607
1182,0.0102894,0.0107979979366,1,1,5.29857397079
1183,0.0102957,0.0107957618311,0,1,5.15229320526
1184,0.0102885,0.0107989599928,1,0,5.2948949337
1185,0.0102965,0.010797932744,0,0,5.13148117065
1186,0.010285,0.0107924360782,1,1,5.15643596649
1187,0.0102958,0.0107947029173,0,0,5.52587294579
1188,0.0102983,0.0107904998586,0,1,5.28719592094
1189,0.0102774,0.0107850851491,1,1,5.2986240387
1190,0.010271,0.0107901832089,1,0,5.12776017189
1191,0.0102698,0.0107892751694,1,0,5.12823486328
1192,0.0102843,0.0107882767916,0,0,5.12968683243
1193,0.0102688,0.010788875632,1,0,5.14459204674
1194,0.0102685,0.0107824457809,1,1,5.16916513443
1195,0.0102651,0.0107824914157,1,0,5.27646589279
1196,0.0102696,0.0107764462009,0,1,5.30983185768
1197,0.0102548,0.0107765495777,1,0,5.12878012657
1198,0.0102515,0.0107831414789,1,0,5.12838697433
1199,0.010254,0.0107764732093,0,0,5.12717580795
1200,0.0102468,0.0107736280188,1,1,5.14724111557
1201,0.0102545,0.0107702435926,0,1,5.14831399918
1202,0.010256,0.0107715455815,0,0,5.12887215614
1203,0.0102532,0.0107736224309,0,0,5.28994488716
1204,0.0102456,0.010773091577,1,0,5.128510952
1205,0.0102513,0.0107648912817,0,1,5.14805197716
1206,0.0102421,0.0107757570222,1,0,5.15211892128
1207,0.010246,0.0107669588178,0,0,5.12766504288
1208,0.0102397,0.0107662091032,1,0,5.12901210785
1209,0.0102442,0.0107630258426,0,1,5.14783191681
1210,0.0102389,0.0107594113797,1,1,5.1460750103
1211,0.0102267,0.0107654631138,1,0,5.12704706192
1212,0.0102242,0.0107590407133,1,1,5.14674806595
1213,0.0102358,0.0107582733035,0,1,5.2928647995
1214,0.0102214,0.0107629448175,1,0,5.12648105621
1215,0.010235,0.0107677094638,0,0,5.12768793106
1216,0.0102205,0.010756874457,1,1,5.14645195007
1217,0.0102168,0.0107576139271,1,0,5.12957406044
1218,0.0102142,0.0107511933893,1,1,5.14679098129
1219,0.0102239,0.0107508422807,0,1,5.41694808006
1220,0.0102085,0.0107512678951,1,0,5.28666305542
1221,0.0102172,0.0107499295846,0,1,5.14902186394
1222,0.0102146,0.0107474569231,0,1,5.29147100449
1223,0.0101982,0.0107464073226,1,1,5.14492797852
1224,0.0102023,0.0107492199168,0,0,5.12814497948
1225,0.0102071,0.0107394885272,0,1,5.14632606506
1226,0.0102017,0.0107420859858,0,0,5.29011011124
1227,0.0102059,0.0107419267297,0,0,5.12782502174
1228,0.0102028,0.010737253353,0,1,5.14579510689
1229,0.0101877,0.0107396859676,1,0,5.28661298752
1230,0.0102101,0.0107367401943,0,1,5.15262508392
1231,0.0101916,0.0107425432652,0,0,5.26527500153
1232,0.0101905,0.0107371425256,0,0,5.15183901787
1233,0.0101853,0.0107334833592,1,1,5.14535617828
1234,0.0101805,0.0107389912009,1,0,5.12855792046
1235,0.0101806,0.0107302935794,0,1,5.1468539238
1236,0.0101798,0.0107343615964,1,0,5.1284160614
1237,0.0101778,0.0107289319858,1,1,5.14713382721
1238,0.0101832,0.010731363669,0,0,5.43217682838
1239,0.0101747,0.0107281440869,1,1,5.14709711075
1240,0.0101715,0.0107283862308,1,0,5.28817391396
1241,0.0101715,0.0107299014926,1,0,5.12757706642
1242,0.0101681,0.010721180588,1,1,5.14672899246
1243,0.0101777,0.0107224676758,0,0,5.12917804718
1244,0.0101638,0.0107224853709,1,0,5.12813401222
1245,0.010159,0.0107173137367,1,1,5.14869022369
1246,0.0101563,0.0107228765264,1,0,5.12711191177
1247,0.0101575,0.0107200499624,0,0,5.12805700302
1248,0.0101576,0.0107138985768,0,1,5.14815592766
1249,0.0101536,0.0107149705291,1,0,5.5531938076
1250,0.0101484,0.010718270205,1,0,5.15462994576
1251,0.0101638,0.0107115348801,0,1,5.26540017128
1252,0.010154,0.0107116512954,0,0,5.27693486214
1253,0.0101453,0.0107082715258,1,1,5.14492702484
1254,0.0101418,0.0107100252062,1,0,5.39223408699
1255,0.0101544,0.0107042985037,0,1,5.14338088036
1256,0.0101359,0.010703029111,1,1,5.14427900314
1257,0.0101513,0.0107019962743,0,1,5.4041531086
1258,0.0101352,0.010706375353,1,0,5.29135012627
1259,0.01013,0.0107029015198,1,0,5.12905812263
1260,0.0101239,0.0107070207596,1,0,5.12526392937
1261,0.0101334,0.0106976348907,0,1,5.14800405502
1262,0.0101291,0.0106998812407,0,0,5.12908816338
1263,0.0101268,0.0107059963048,0,0,5.12784099579
1264,0.0101228,0.0106954090297,1,1,5.14735507965
1265,0.0101184,0.010699659586,1,0,5.12914586067
1266,0.0101253,0.0106947077438,0,1,5.14524888992
1267,0.0101128,0.0106982691213,1,0,5.12937498093
1268,0.0101182,0.010692439042,0,1,5.14795184135
1269,0.0101183,0.0106892492622,0,1,5.14745783806
1270,0.0101123,0.0106984386221,1,0,5.14808988571
1271,0.0101136,0.0106979953125,0,0,5.12958502769
1272,0.0101065,0.0106865074486,1,1,5.14789390564
1273,0.0101067,0.0106925517321,0,0,5.41248989105
1274,0.0101073,0.0106858657673,0,1,5.1533639431
1275,0.0101009,0.0106857353821,1,1,5.45138502121
1276,0.010087,0.0106842434034,1,1,5.14491796494
1277,0.0100931,0.010683442466,0,1,5.14781212807
1278,0.0101027,0.0106817660853,0,1,5.30608081818
1279,0.0100879,0.0106810033321,0,1,5.14507603645
1280,0.0100892,0.0106890881434,0,0,5.12613010406
1281,0.010085,0.0107009485364,1,0,5.12558698654
1282,0.0100938,0.0106761371717,0,1,5.14717006683
1283,0.0100762,0.0106825083494,1,0,5.30856204033
1284,0.010083,0.0106741795316,0,1,5.14654707909
1285,0.0100897,0.010673600249,0,1,5.51549005508
1286,0.0100712,0.01067172084,1,1,5.30953288078
1287,0.0100837,0.010676337406,0,0,5.44099593163
1288,0.0100804,0.0106685385108,0,1,5.39970707893
1289,0.0100681,0.0106666488573,1,1,5.45833897591
1290,0.010071,0.0106702670455,0,0,5.56884717941
1291,0.0100656,0.0106659457088,1,1,5.48792600632
1292,0.0100636,0.0106770815328,1,0,5.42754888535
1293,0.0100676,0.0106615470722,0,1,5.22339391708
1294,0.0100637,0.0106646027416,0,0,5.39069795609
1295,0.0100777,0.0106677338481,0,0,5.12974095345
1296,0.0100637,0.0106632113457,0,0,5.14913916588
1297,0.0100556,0.0106652006507,1,0,5.12618517876
1298,0.0100551,0.0106678297743,1,0,5.12939095497
1299,0.0100617,0.0106575312093,0,1,5.14667510986
1300,0.0100641,0.0106645748019,0,0,5.27543306351
1301,0.0100515,0.0106585947797,1,0,5.12804484367
1302,0.0100401,0.0106552513316,1,1,5.14592409134
1303,0.0100433,0.0106568392366,0,0,5.12899589539
1304,0.0100433,0.0106527386233,0,1,5.1479268074
1305,0.0100409,0.0106528466567,0,0,5.12866210938
1306,0.0100482,0.0106622772291,0,0,5.12960410118
1307,0.0100339,0.0106542911381,1,0,5.12874412537
1308,0.010035,0.0106473146006,0,1,5.1495988369
1309,0.0100475,0.0106750763953,0,0,5.40989613533
1310,0.0100434,0.0106485737488,0,0,5.28979492188
1311,0.0100318,0.0106487721205,1,0,5.1284968853
1312,0.010025,0.0106487255543,1,0,5.12864089012
1313,0.0100257,0.0106428749859,0,1,5.14907717705
1314,0.0100214,0.0106439888477,1,0,5.27304291725
1315,0.0100257,0.0106424158439,0,1,5.14513897896
1316,0.0100251,0.0106410617009,0,1,5.29363298416
1317,0.0100224,0.0106488587335,0,0,5.27364802361
1318,0.0100148,0.0106427166611,1,0,5.12769412994
1319,0.0100304,0.0106392120942,0,1,5.14723992348
1320,0.0100149,0.0106337405741,0,1,5.41766905785
1321,0.0100166,0.0106310332194,0,1,5.29584598541
1322,0.0100094,0.0106506291777,1,0,5.27848482132
1323,0.0100222,0.0106427073479,0,0,5.12772607803
1324,0.0100057,0.0106334034353,1,0,5.12746691704
1325,0.0100193,0.0106362700462,0,0,5.2884478569
1326,0.010003,0.0106325000525,1,0,5.12796998024
1327,0.0100075,0.0106284469366,0,1,5.14642286301
1328,0.00999908,0.0106329992414,1,0,5.12913489342
1329,0.00999403,0.0106310863048,1,0,5.1309440136
1330,0.00998911,0.0106291407719,1,0,5.28825592995
1331,0.0100036,0.010626363568,0,1,5.14558315277
1332,0.00997786,0.0106226177886,1,1,5.14607596397
1333,0.00998576,0.0106284534559,0,0,5.12693691254
1334,0.00999358,0.0106225376949,0,1,5.31579995155
1335,0.00998965,0.0106241796166,0,0,5.29724407196
1336,0.00997978,0.0106229865924,0,0,5.1308619976
1337,0.00998797,0.0106160836294,0,1,5.14917993546
1338,0.00996942,0.0106159821153,1,1,5.44970417023
1339,0.00997867,0.0106163872406,0,0,5.12653017044
1340,0.00998756,0.0106213241816,0,0,5.28129792213
1341,0.00996884,0.0106213586405,1,0,5.52146315575
1342,0.00997606,0.0106163620949,0,0,5.39538288116
1343,0.00996936,0.0106158442795,0,1,5.57596302032
1344,0.00996429,0.0106145748869,1,1,5.65791106224
1345,0.00996896,0.0106144780293,0,1,5.5894639492
1346,0.00996948,0.0106202866882,0,0,5.58925294876
1347,0.00996647,0.0106121441349,0,1,5.6752550602
1348,0.00997053,0.0106150628999,0,0,5.63763403893
1349,0.00995291,0.0106211481616,1,0,5.60899186134
1350,0.00995307,0.0106073627248,0,1,5.65795397758
1351,0.00996278,0.0106040108949,0,1,5.58940196037
1352,0.00994756,0.0106108626351,1,0,5.57190704346
1353,0.00995355,0.0106103112921,0,0,5.55972695351
1354,0.00995106,0.0106024341658,0,1,5.43883490562
1355,0.00994768,0.0105981584638,0,1,5.65569400787
1356,0.00995333,0.010598199442,0,0,5.61646318436
1357,0.00994291,0.0105964848772,1,1,5.21237802505
1358,0.00994433,0.0106021929532,0,0,5.63458800316
1359,0.00993551,0.0106011023745,1,0,5.6153960228
1360,0.00993763,0.0105982869864,0,0,5.37501311302
1361,0.00994165,0.0105926897377,0,1,5.37263607979
1362,0.00994182,0.0105968341231,0,0,5.56898093224
1363,0.00992777,0.0105951232836,1,0,5.315335989
1364,0.00993099,0.0105948522687,0,0,5.19228482246
1365,0.00993482,0.0105894673616,0,1,5.26960706711
1366,0.0099233,0.0106005491689,1,0,5.49556589127
1367,0.00993289,0.0106017487124,0,0,5.18948221207
1368,0.00992963,0.0105919204652,0,0,5.19356489182
1369,0.00992474,0.0105993244797,0,0,5.19508600235
1370,0.00991714,0.0106026353315,1,0,5.19310283661
1371,0.00992491,0.0105866231024,0,1,5.37161016464
1372,0.00991428,0.0105865821242,1,1,5.53350687027
1373,0.0099172,0.0105818370357,0,1,5.60863494873
1374,0.00991818,0.0105809727684,0,1,5.44213199615
1375,0.00991884,0.0105827348307,0,0,5.41436886787
1376,0.00991328,0.010592116043,1,0,5.34911513329
1377,0.00990941,0.010578119196,1,1,5.21028900146
1378,0.00989509,0.0105920964852,1,0,5.19173789024
1379,0.0099042,0.0105803441256,0,0,5.19187402725
1380,0.00990928,0.0105792209506,0,0,5.1928319931
1381,0.00990581,0.0105809448287,0,0,5.50954389572
1382,0.00990237,0.0105749396607,0,1,5.35615801811
1383,0.00989223,0.0105759836733,1,0,5.46920704842
1384,0.00989725,0.0105720534921,0,1,5.21293902397
1385,0.00989139,0.0105701293796,1,1,5.65780305862
1386,0.00989219,0.0105702541769,0,0,5.50768089294
1387,0.00989008,0.0105674210936,1,1,5.37131690979
1388,0.00988947,0.0105639509857,1,1,5.35571908951
1389,0.00988228,0.0105703165755,1,0,5.25906801224
1390,0.00988112,0.0105752618983,1,0,5.26838803291
1391,0.00987445,0.0105710094795,1,0,5.19018888474
1392,0.00988467,0.0105638979003,0,1,5.21167898178
1393,0.00988039,0.0105634815991,0,1,5.51092410088
1394,0.00988376,0.0105637377128,0,0,5.63863801956
1395,0.00987927,0.0105623817071,0,1,5.65695786476
1396,0.00987924,0.0105677591637,0,0,5.63511490822
1397,0.00987855,0.0105598503724,0,1,5.50194001198
1398,0.00986228,0.0105635840446,1,0,5.55034303665
1399,0.0098652,0.0105575677007,0,1,5.22002601624
1400,0.00987055,0.010558529757,0,0,5.62155818939
1401,0.0098647,0.0105575341731,0,1,5.38688206673
1402,0.00986915,0.0105599071831,0,0,5.35231804848
1403,0.00985789,0.0105533311144,1,1,5.25009083748
1404,0.00986833,0.0105624450371,0,0,5.38491606712
1405,0.00985603,0.0105569455773,1,0,5.19617414474
1406,0.00985778,0.0105619002134,0,0,5.20124316216
1407,0.00985179,0.0105569148436,1,0,5.32558703423
1408,0.00985379,0.0105523178354,0,1,5.21360898018
1409,0.00985279,0.0105492053553,0,1,5.35813593864
1410,0.00984452,0.010548459366,1,1,5.35659980774
1411,0.00985334,0.010547154583,0,1,5.47985911369
1412,0.00983852,0.0105510642752,1,0,5.35969996452
1413,0.00985177,0.0105465445668,0,1,5.21608090401
1414,0.00984097,0.0105556771159,0,0,5.33531594276
1415,0.0098407,0.0105556007475,0,0,5.19224905968
1416,0.00983287,0.0105559052899,1,0,5.19316911697
1417,0.00984651,0.0105425082147,0,1,5.21151995659
1418,0.00983113,0.0105444155633,1,0,5.60904216766
1419,0.0098433,0.010545482859,0,0,5.37813997269
1420,0.00982657,0.0105379885063,1,1,5.21112298965
1421,0.00983889,0.0105383815244,0,0,5.1943230629
1422,0.00982942,0.010542364791,0,0,5.19404411316
1423,0.00982621,0.010542197153,1,0,5.18965005875
1424,0.00982195,0.0105478903279,1,0,5.21464490891
1425,0.00982461,0.010537719354,0,1,5.21538090706
1426,0.00981801,0.0105390697718,1,0,5.38193178177
1427,0.00982509,0.0105325486511,0,1,5.21214604378
1428,0.00982643,0.0105288298801,0,1,5.21305799484
1429,0.00981396,0.0105360494927,1,0,5.35068392754
1430,0.00981075,0.0105448365211,1,0,5.19030690193
1431,0.00981422,0.0105281043798,0,1,5.21438002586
1432,0.00982307,0.0105247255415,0,1,5.64281511307
1433,0.00980779,0.0105293309316,1,0,5.59920096397
1434,0.00981358,0.0105241658166,0,1,5.65664386749
1435,0.00981345,0.0105233080685,0,1,5.65541505814
1436,0.00981039,0.0105282031,0,0,5.63836598396
1437,0.00979549,0.0105289025232,1,0,5.55777692795
1438,0.00979108,0.0105274869129,1,0,5.42874193192
1439,0.00980072,0.0105214538053,0,1,5.60935902596
1440,0.00980796,0.0105208074674,0,1,5.65985393524
1441,0.0097916,0.0105222305283,0,0,5.5144739151
1442,0.00980415,0.0105236275122,0,0,5.19756913185
1443,0.00979466,0.0105200121179,0,1,5.21464896202
1444,0.0097894,0.010526641272,1,0,5.19742393494
1445,0.00978705,0.0105266515166,1,0,5.19752788544
1446,0.00978089,0.010515014641,1,1,5.21701002121
1447,0.00978495,0.0105245774612,0,0,5.33855009079
1448,0.00978605,0.0105339083821,0,0,5.19249081612
1449,0.0097873,0.0105213103816,0,0,5.19303798676
1450,0.00978543,0.0105146737769,0,1,5.23384189606
1451,0.00978324,0.0105066457763,0,1,5.2125890255
1452,0.00977306,0.0105132432655,1,0,5.34007406235
1453,0.00978009,0.0105090774596,0,0,5.19374513626
1454,0.00977434,0.0105071822181,0,0,5.18911290169
1455,0.00977273,0.0105049069971,1,1,5.21086597443
1456,0.00976913,0.0105105200782,1,0,5.19193911552
1457,0.00975786,0.0105025386438,1,1,5.21098184586
1458,0.00976653,0.0105068720877,0,0,5.33816313744
1459,0.00975771,0.0105038164183,1,0,5.1908249855
1460,0.00975106,0.0105149764568,1,0,5.19104194641
1461,0.00975891,0.0105122579262,0,0,5.18969607353
1462,0.00976284,0.0105075892061,0,0,5.19170999527
1463,0.00975768,0.0105026755482,0,0,5.20030999184
1464,0.00975299,0.0104998694733,0,1,5.21188807487
1465,0.00976457,0.0104983439669,0,1,5.35746002197
1466,0.00974931,0.010503330268,1,0,5.33543086052
1467,0.00975083,0.0105019528419,0,0,5.35110187531
1468,0.00975297,0.0104942116886,0,1,5.37030506134
1469,0.00975527,0.0104966200888,0,0,5.46114611626
1470,0.0097428,0.0104943718761,1,0,5.38561677933
1471,0.00974257,0.0104980701581,1,0,5.19302105904
1472,0.00975006,0.0104929907247,0,1,5.21432805061
1473,0.00974137,0.0104920286685,1,1,5.65750288963
1474,0.00973647,0.0104997670278,1,0,5.63864684105
1475,0.00974029,0.0104862777516,0,1,5.64622187614
1476,0.00972679,0.0104930317029,1,0,5.58673787117
1477,0.00972595,0.0104876961559,1,0,5.57209420204
1478,0.00972267,0.0104909641668,1,0,5.54690313339
1479,0.00973445,0.0104831671342,0,1,5.53200793266
1480,0.0097236,0.0104882689193,0,0,5.57076001167
1481,0.00972533,0.0104917725548,0,0,5.57471990585
1482,0.00972214,0.0104872565717,1,0,5.57046890259
1483,0.00972463,0.0104920687154,0,0,5.46821212769
1484,0.00972157,0.0104826809838,1,1,5.54568791389
1485,0.0097224,0.0104829128832,0,0,5.38998889923
1486,0.00970993,0.0104797966778,1,1,5.30462479591
1487,0.0097192,0.0104778949171,0,1,5.23082304001
1488,0.00971526,0.0104797165841,0,0,5.4227411747
1489,0.00971686,0.0104748243466,0,1,5.52555203438
1490,0.00971338,0.0104880481958,0,0,5.4933450222
1491,0.00970775,0.0105006201193,1,0,5.12693500519
1492,0.00970675,0.010475913994,1,0,5.28579902649
1493,0.00971358,0.0104705588892,0,1,5.30528998375
1494,0.00970468,0.0104735577479,1,0,5.12752008438
1495,0.00970762,0.0104744518176,0,0,5.12609505653
1496,0.00969761,0.0104760499671,1,0,5.12817192078
1497,0.00970145,0.0104706529528,0,0,5.12702703476
1498,0.00969895,0.0104717388749,0,0,5.12663912773
1499,0.00969306,0.0104814814404,1,0,5.12445902824
1500,0.00969189,0.0104674445465,1,1,5.30766487122
1501,0.00968887,0.0104716848582,1,0,5.1499581337
1502,0.00968597,0.0104701807722,1,0,5.28727197647
1503,0.0096873,0.0104650594294,0,1,5.28237509727
1504,0.00968436,0.0104743801057,1,0,5.32126522064
1505,0.0096955,0.0104646869004,0,1,5.31092309952
1506,0.00968968,0.0104655111209,0,0,5.37286782265
1507,0.00968499,0.0104592032731,0,1,5.18837213516
1508,0.00968059,0.0104589657858,1,1,5.29331111908
1509,0.00968012,0.0104625625536,1,0,5.27525496483
1510,0.00968071,0.010466741398,0,0,5.12590098381
1511,0.00967532,0.0104583529755,1,1,5.14693403244
1512,0.00966989,0.0104605704546,1,0,5.12694692612
1513,0.00967294,0.0104587050155,0,0,5.13041400909
1514,0.00966298,0.0104724308476,1,0,5.15118789673
1515,0.009676,0.0104586845264,0,0,5.12796998024
1516,0.00965407,0.0104577587917,1,1,5.14775514603
1517,0.00966436,0.010461429134,0,0,5.12704801559
1518,0.00966336,0.0104567743838,0,1,5.14466786385
1519,0.00965607,0.0104530183598,0,1,5.14609980583
1520,0.00966258,0.0104460902512,0,1,5.30461502075
1521,0.00965432,0.0104555357248,0,0,5.12782001495
1522,0.00965638,0.0104488972574,0,0,5.12923288345
1523,0.00966337,0.0104522304609,0,0,5.12642288208
1524,0.00966443,0.0104461079463,0,0,5.12728190422
1525,0.00965495,0.0104456804693,0,1,5.14673399925
1526,0.0096451,0.0104507450014,1,0,5.27311205864
1527,0.00964957,0.0104541704059,0,0,5.14856100082
1528,0.00964548,0.010450896807,0,0,5.1259970665
1529,0.00964573,0.0104430746287,0,1,5.31005215645
1530,0.00964451,0.0104451626539,1,0,5.27332806587
1531,0.00964291,0.0104459067807,1,0,5.12800502777
1532,0.00964181,0.0104367248714,1,1,5.14752602577
1533,0.00962859,0.0104378750548,1,0,5.29041004181
1534,0.00963138,0.0104394853115,0,0,5.12900185585
1535,0.00963643,0.0104433232918,0,0,5.13167214394
1536,0.00964512,0.0104380948469,0,0,5.12863302231
1537,0.00962451,0.0104513503611,1,0,5.12763500214
1538,0.00962876,0.0104368263856,0,0,5.12978410721
1539,0.00961928,0.0104456115514,1,0,5.12691497803
1540,0.00963287,0.0104387812316,0,0,5.35025405884
1541,0.00962273,0.0104333208874,0,1,5.23072290421
1542,0.00962321,0.010433152318,0,1,5.30450296402
1543,0.00961794,0.0104376142845,1,0,5.36208581924
1544,0.00961503,0.0104371281341,1,0,5.32349491119
1545,0.0096154,0.0104360636324,0,0,5.20273780823
1546,0.00960914,0.0104284938425,1,1,5.1462430954
1547,0.00960889,0.0104321949184,1,0,5.27153086662
1548,0.00962057,0.0104245636612,0,1,5.14709806442
1549,0.00961051,0.0104271415621,0,0,5.12737083435
1550,0.0096151,0.0104236286134,0,1,5.1492831707
1551,0.00960137,0.010430816561,1,0,5.27550792694
1552,0.00959852,0.0104295024648,1,0,5.29201483727
1553,0.00961387,0.0104272235185,0,0,5.31479597092
1554,0.00960006,0.0104287872091,0,0,5.12900805473
1555,0.00960129,0.0104266665876,0,0,5.12808418274
1556,0.00959843,0.0104213682935,1,1,5.31087899208
1557,0.0095925,0.0104245087132,1,0,5.27404379845
1558,0.00958659,0.0104238782078,1,0,5.12825012207
1559,0.00959965,0.0104187903926,0,1,5.14511799812
1560,0.00960324,0.010428330861,0,0,5.42445707321
1561,0.00958693,0.0104286326095,0,0,5.38545703888
1562,0.00959274,0.0104157356545,0,1,5.37911319733
1563,0.00958677,0.0104140946642,0,1,5.51207208633
1564,0.00958149,0.0104180760682,1,0,5.3692150116
1565,0.00958479,0.0104248765856,0,0,5.14894199371
1566,0.00958828,0.0104128010571,0,1,5.14611911774
1567,0.00957634,0.010413187556,1,0,5.27158308029
1568,0.00957647,0.0104199647903,0,0,5.1255941391
1569,0.00958295,0.0104131354019,0,0,5.13057994843
1570,0.00957772,0.010413848795,0,0,5.12782287598
1571,0.00957205,0.0104168700054,1,0,5.12540507317
1572,0.00957322,0.0104066552594,0,1,5.14811396599
1573,0.00958165,0.0104136914015,0,0,5.46878290176
1574,0.009565,0.0104189794511,1,0,5.5510699749
1575,0.00957152,0.0104216607288,0,0,5.20192599297
1576,0.00956726,0.010407757014,0,0,5.35790610313
1577,0.00957618,0.0104093458503,0,0,5.13075208664
1578,0.00955736,0.010417252779,1,0,5.15041303635
1579,0.0095581,0.0103978877887,0,1,5.14719510078
1580,0.00955615,0.0104097109288,1,0,5.31931996346
1581,0.00956463,0.0104001965374,0,0,5.12748408318
1582,0.00956078,0.0103982314467,0,0,5.28671789169
1583,0.00955963,0.0104035800323,0,0,5.12697291374
1584,0.00955078,0.0103959972039,1,1,5.14587783813
1585,0.00955095,0.01041785907,0,0,5.4641149044
1586,0.00954779,0.0103984475136,1,0,5.24007701874
1587,0.00954213,0.0103988051414,1,0,5.15617489815
1588,0.00954419,0.0103960232809,0,0,5.12565493584
1589,0.00955996,0.0103969210759,0,0,5.12695789337
1590,0.00954533,0.0104063022882,0,0,5.12994408607
1591,0.00953246,0.0103988628834,1,0,5.1586329937
1592,0.00953141,0.0103904698044,1,1,5.27701997757
1593,0.00953969,0.0103879757226,0,1,5.29547214508
1594,0.00954017,0.0103901028633,0,0,5.27311015129
1595,0.00954274,0.0103874979541,0,1,5.14681220055
1596,0.00953472,0.0103944195434,0,0,5.28853297234
1597,0.00954753,0.0103966249153,0,0,5.12595081329
1598,0.00953952,0.0103881340474,0,0,5.12665486336
1599,0.00952227,0.0103931454942,1,0,5.28636288643
1600,0.00953935,0.010386839509,0,1,5.3082048893
1601,0.00952501,0.0103830480948,0,1,5.32207608223
1602,0.00953367,0.0103908414021,0,0,5.34334301949
1603,0.00951599,0.0103869754821,1,0,5.17213511467
1604,0.00951495,0.0103866206482,1,0,5.43743014336
1605,0.00952743,0.0103860534728,0,0,5.21025300026
1606,0.00952307,0.0103892395273,0,0,5.19987392426
1607,0.009515,0.0103798164055,0,1,5.145154953
1608,0.00952087,0.0103958481923,0,0,5.30717802048
1609,0.00951234,0.0103810671717,1,0,5.26528096199
1610,0.0095086,0.0103808352724,1,0,5.28832697868
1611,0.009496,0.0103729804978,1,1,5.14826202393
1612,0.00949957,0.0103799439967,0,0,5.31875395775
1613,0.00950001,0.0103776482865,0,0,5.12878203392
1614,0.0095058,0.0103755416349,0,0,5.12870597839
1615,0.00950396,0.0104047292843,0,0,5.12712788582
1616,0.00949426,0.0103765493259,1,0,5.12785315514
1617,0.00950158,0.0103749763221,0,0,5.13135385513
1618,0.00950106,0.0103812115267,0,0,5.12873601913
1619,0.0095025,0.0103715527803,0,1,5.14532208443
1620,0.00949896,0.0103744808584,0,0,5.12718391418
1621,0.00949842,0.0103721199557,0,0,5.12605905533
1622,0.00948993,0.0103779314086,1,0,5.13230705261
1623,0.00948497,0.0103700114414,1,1,5.14586687088
1624,0.00949103,0.010372149758,0,0,5.27313399315
1625,0.00949322,0.0103652933612,0,1,5.1492369175
1626,0.0094849,0.0103662610054,1,0,5.12615513802
1627,0.00948455,0.0103677287698,1,0,5.12689685822
1628,0.00948159,0.0103660225868,1,0,5.12780094147
1629,0.00948825,0.0103691881523,0,0,5.30197715759
1630,0.00946895,0.0103609217331,1,1,5.16958999634
1631,0.00948374,0.0103685501963,0,0,5.31984519958
1632,0.00947702,0.0103630647063,0,0,5.12718296051
1633,0.00947067,0.0103577738628,0,1,5.14736008644
1634,0.00947306,0.010362515226,0,0,5.28858494759
1635,0.00946709,0.010357266292,1,1,5.14651107788
1636,0.00946685,0.0103682242334,1,0,5.2716088295
1637,0.00946794,0.0103649711236,0,0,5.12702012062
1638,0.00946762,0.0103713171557,0,0,5.12777805328
1639,0.00947052,0.0103643145412,0,0,5.12761592865
1640,0.00946877,0.0103543391451,0,1,5.14410400391
1641,0.0094507,0.0103520350531,1,1,5.29425692558
1642,0.0094614,0.0103571824729,0,0,5.31431698799
1643,0.00945534,0.0103516131639,0,1,5.14883804321
1644,0.00945126,0.0103593254462,0,0,5.12646102905
1645,0.00944501,0.0103633580729,1,0,5.28716802597
1646,0.00944352,0.0103575317189,1,0,5.50870704651
1647,0.00945928,0.0103437388316,0,1,5.37242412567
1648,0.00944688,0.0103579778224,0,0,5.27400994301
1649,0.00944791,0.0103547312319,0,0,5.12829780579
1650,0.00944794,0.0103558711708,0,0,5.24039697647
1651,0.00943589,0.0103591699153,1,0,5.15729880333
1652,0.00944556,0.0103480638936,0,0,5.34025788307
1653,0.00943589,0.0103501752019,0,0,5.22040009499
1654,0.00942794,0.010363782756,1,0,5.12821698189
1655,0.00943358,0.0103584947065,0,0,5.30865216255
1656,0.009435,0.0103447260335,0,0,5.12732005119
1657,0.0094433,0.010354353115,0,0,5.12714791298
1658,0.00942841,0.0103508764878,0,0,5.12730789185
1659,0.00943198,0.0103527950123,0,0,5.126060009
1660,0.00943075,0.0103438068181,0,0,5.12714314461
1661,0.00942466,0.0103419860825,1,1,5.14786601067
1662,0.00942539,0.0103443292901,0,0,5.2740252018
1663,0.00942981,0.0103413751349,0,1,5.14560008049
1664,0.00941469,0.0103407846764,1,1,5.14999890327
1665,0.00942595,0.0103561561555,0,0,5.27190494537
1666,0.00941434,0.0103390291333,1,1,5.14506292343
1667,0.00942298,0.0103352535516,0,1,5.14641094208
1668,0.00942398,0.0103386091068,0,0,5.35032200813
1669,0.00942323,0.0103342607617,0,1,5.48608589172
1670,0.00941089,0.0103385783732,1,0,5.57739114761
1671,0.00941908,0.010344686918,0,0,5.57224297523
1672,0.00941102,0.010330658406,0,1,5.54098415375
1673,0.00941557,0.0103360712528,0,0,5.475730896
1674,0.00941016,0.0103300297633,1,1,5.3957400322
1675,0.00940686,0.0103277582675,1,1,5.43108892441
1676,0.00940414,0.0103299329057,1,0,5.4546751976
1677,0.00940343,0.0103453723714,1,0,5.12737488747
1678,0.00940588,0.0103386454284,0,0,5.2112429142
1679,0.00940188,0.0103333247826,1,0,5.56775808334
1680,0.00940173,0.0103435227647,1,0,5.49221611023
1681,0.00939801,0.0103359492496,1,0,5.46026706696
1682,0.00939308,0.0103277917951,1,0,5.12712097168
1683,0.00939438,0.0103248311207,0,1,5.14591813087
1684,0.00938051,0.0103382617235,1,0,5.28835606575
1685,0.00938863,0.0103289382532,0,0,5.12891888618
1686,0.00938021,0.0103364447132,1,0,5.28783798218
1687,0.00938733,0.01033204142,0,0,5.1283121109
1688,0.00937634,0.0103503149003,1,0,5.12657785416
1689,0.009384,0.0103227151558,0,1,5.14707422256
1690,0.00938938,0.0103237163275,0,0,5.12730002403
1691,0.00938947,0.0103241624311,0,0,5.12678003311
1692,0.00937686,0.0103191547096,0,1,5.14841198921
1693,0.00937031,0.0103241857141,1,0,5.27317786217
1694,0.00937476,0.0103196715936,0,0,5.13560390472
1695,0.00938099,0.0103294318542,0,0,5.2881360054
1696,0.00937501,0.0103219328448,0,0,5.12858605385
1697,0.00937737,0.0103147150949,0,1,5.1478509903
1698,0.00937074,0.0103187421337,0,0,5.2735710144
1699,0.00936353,0.0103194052354,1,0,5.12711191177
1700,0.00935742,0.0103095658123,1,1,5.30848312378
1701,0.00936515,0.0103138489649,0,0,5.3992459774
1702,0.00936744,0.0103130359203,0,0,5.16312003136
1703,0.0093574,0.0103071238846,1,1,5.14888000488
1704,0.00936138,0.0103140473366,0,0,5.43412804604
1705,0.00936236,0.0103185912594,0,0,5.1283788681
1706,0.00935526,0.0103028910235,1,1,5.16241717339
1707,0.0093506,0.0103208543733,1,0,5.29242992401
1708,0.00935443,0.0103211579844,0,0,5.12774085999
1709,0.00935415,0.010306455195,0,0,5.1279168129
1710,0.00934826,0.0103058246896,1,0,5.12920212746
1711,0.00935092,0.0103031992912,0,0,5.12398815155
1712,0.00934529,0.0103258350864,1,0,5.12823200226
1713,0.0093535,0.010320792906,0,0,5.12879014015
1714,0.00934365,0.0103115187958,1,0,5.12657690048
1715,0.00933711,0.0103216292337,1,0,5.12951183319
1716,0.00934736,0.0103100836277,0,0,5.12624192238
1717,0.00934271,0.0103084491566,0,0,5.54608798027
1718,0.00934624,0.0103006148711,0,1,5.14734101295
1719,0.00933286,0.0102988788858,1,1,5.16500997543
1720,0.00933635,0.0103133423254,0,0,5.1292579174
1721,0.00934236,0.0103243542835,0,0,5.1262960434
1722,0.00933352,0.0103003513068,0,0,5.12554001808
1723,0.00933712,0.0102950558066,0,1,5.14757704735
1724,0.00933401,0.0103015815839,0,0,5.12720894814
1725,0.00933245,0.0103010153398,1,0,5.12645697594
1726,0.00932685,0.0103079257533,1,0,5.12759399414
1727,0.009326,0.0102994097397,1,0,5.12792611122
1728,0.00932482,0.0102975415066,1,0,5.12667894363
1729,0.00931418,0.0103005012497,1,0,5.28693413734
1730,0.0093252,0.0103024570271,0,0,5.12731695175
1731,0.00931697,0.0102930245921,0,1,5.14439487457
1732,0.00932431,0.0103069674224,0,0,5.14671993256
1733,0.00931411,0.0102898459882,1,1,5.14495706558
1734,0.00932011,0.0102982362732,0,0,5.1283159256
1735,0.00930646,0.0102929640561,1,0,5.12573814392
1736,0.00930751,0.0103040225804,0,0,5.12838315964
1737,0.00931621,0.0102935386822,0,0,5.12941002846
1738,0.00931439,0.0103137372062,0,0,5.12725400925
1739,0.009313,0.0102904466912,0,0,5.1270802021
1740,0.00930964,0.0102954385802,0,0,5.12864899635
1741,0.00930469,0.0103037310764,1,0,5.12656116486
1742,0.00930163,0.010300452821,1,0,5.12671613693
1743,0.00930093,0.0102915400639,1,0,5.12544393539
1744,0.00928689,0.0102897677571,1,1,5.14783906937
1745,0.00929743,0.0102896671742,0,1,5.31724905968
1746,0.00929487,0.0102892965078,0,1,5.42701506615
1747,0.00929202,0.0102802291512,0,1,5.18963003159
1748,0.00929724,0.0102863889188,0,0,5.28878498077
1749,0.00928714,0.0102899773046,0,0,5.12824416161
1750,0.00929329,0.0102781960741,0,1,5.1476252079
1751,0.00929304,0.0102830585092,0,0,5.38393592834
1752,0.00928416,0.0102871600538,1,0,5.39613008499
1753,0.00927408,0.0102908033878,1,0,5.13021111488
1754,0.00929215,0.010281201452,0,0,5.12662601471
1755,0.00927516,0.0102906348184,0,0,5.125882864
1756,0.00928425,0.0102874310687,0,0,5.12700390816
1757,0.00929035,0.0102798966691,0,0,5.12854194641
1758,0.00928234,0.0102857397869,0,0,5.13373208046
1759,0.00927209,0.010283799842,1,0,5.12512493134
1760,0.00928021,0.0102967387065,0,0,5.12682986259
1761,0.00927071,0.0102883419022,1,0,5.12740707397
1762,0.00928105,0.0102735487744,0,1,5.30812907219
1763,0.00926991,0.0102862045169,1,0,5.12883687019
1764,0.00927317,0.0102809956297,0,0,5.12763309479
1765,0.009279,0.0102741988376,0,0,5.12724995613
1766,0.00926907,0.0102865835652,1,0,5.12850999832
1767,0.00926752,0.0102839339525,1,0,5.12716197968
1768,0.00925337,0.0102748442441,1,0,5.129114151
1769,0.00926808,0.0102955028415,0,0,5.13053894043
1770,0.0092536,0.0102802151814,0,0,5.13013911247
1771,0.0092582,0.0102725075558,0,1,5.1621491909
1772,0.00925876,0.0102712288499,0,1,5.29168510437
1773,0.00926187,0.0102789169177,0,0,5.1346309185
1774,0.00925461,0.0102781662717,0,0,5.12641096115
1775,0.00926528,0.0102779660374,0,0,5.12753605843
1776,0.00925347,0.0102768894285,0,0,5.12884283066
1777,0.00925243,0.0102775506675,1,0,5.13047909737
1778,0.00924641,0.0102693000808,1,1,5.14713716507
1779,0.0092522,0.0102726863697,0,0,5.12932801247
1780,0.00925732,0.0102681145072,0,1,5.14704489708
1781,0.00925428,0.0102917933837,0,0,5.27339887619
1782,0.00925487,0.0102738924325,0,0,5.12875986099
1783,0.00924771,0.0102670937777,0,1,5.16671299934
1784,0.00923618,0.0102684544399,1,0,5.14988017082
1785,0.00924191,0.0102792307734,0,0,5.12937998772
1786,0.00923329,0.0102640260011,1,1,5.14769506454
1787,0.00923081,0.010267960839,1,0,5.1285469532
1788,0.00923351,0.0102768484503,0,0,5.12954521179
1789,0.00923029,0.0102612143382,1,1,5.24002885818
1790,0.00924512,0.0102661801502,0,0,5.17854213715
1791,0.00923338,0.0102784000337,0,0,5.12781405449
1792,0.00922451,0.0102664064616,1,0,5.12495708466
1793,0.00922344,0.0102603510022,1,1,5.14637684822
1794,0.00922803,0.0102612776682,0,0,5.1302959919
1795,0.00922315,0.0102640502155,1,0,5.12555789948
1796,0.00921963,0.0102588878945,1,1,5.17120218277
1797,0.00922593,0.0102709373459,0,0,5.27289295197
1798,0.00922322,0.0102637782693,0,0,5.12633085251
1799,0.00921556,0.010262273252,1,0,5.12765407562
1800,0.00921686,0.0102737201378,0,0,5.12864208221
1801,0.00922585,0.0102571826428,0,1,5.14641594887
1802,0.00921069,0.0102609694004,1,0,5.27459716797
1803,0.00921414,0.010270960629,0,0,5.12656188011
1804,0.00922168,0.0102619575337,0,0,5.12721180916
1805,0.00922017,0.0102603053674,0,0,5.28765797615
1806,0.00921518,0.0102556496859,0,1,5.23511505127
1807,0.00921337,0.0102497907355,0,1,5.35820603371
1808,0.0092046,0.010262790136,1,0,5.27509307861
1809,0.00921063,0.0102820508182,0,0,5.15138292313
1810,0.00921312,0.0102665051818,0,0,5.12802600861
1811,0.00920746,0.0102667910978,0,0,5.30043888092
1812,0.00919135,0.0102604525164,1,0,5.17215108871
1813,0.00919343,0.0102569526061,0,0,5.12702798843
1814,0.00919798,0.0102689247578,0,0,5.13060593605
1815,0.00919388,0.0102568212897,0,0,5.12809705734
1816,0.00920179,0.0102626653388,0,0,5.12638902664
1817,0.00919522,0.0102559644729,0,0,5.12945103645
1818,0.00919491,0.0102542322129,0,0,5.1285738945
1819,0.00919188,0.0102582406253,0,0,5.12871313095
1820,0.00919593,0.0102505395189,0,0,5.12787389755
1821,0.00918735,0.0102704484016,1,0,5.12850594521
1822,0.00918048,0.0102529069409,1,0,5.14520597458
1823,0.00918504,0.0102490782738,0,1,5.14507389069
1824,0.00918739,0.0102483890951,0,1,5.14539599419
1825,0.00917944,0.0102496594191,1,0,5.1265399456
1826,0.00917925,0.0102429501712,1,1,5.14324617386
1827,0.0091737,0.0102543113753,1,0,5.26631093025
1828,0.0091966,0.0102448621765,0,0,5.12978219986
1829,0.0091897,0.0102526545525,0,0,5.12884712219
1830,0.00917534,0.0102566257119,0,0,5.13047099113
1831,0.0091673,0.0102440761402,1,0,5.12744402885
1832,0.00917853,0.0102575514466,0,0,5.1274561882
1833,0.00917687,0.0102603211999,0,0,5.28864192963
1834,0.00917468,0.0102493390441,0,0,5.12758898735
1835,0.00917413,0.0102455196902,0,0,5.12510514259
1836,0.00916931,0.0102585246786,0,0,5.12579798698
1837,0.00917584,0.010245770216,0,0,5.12651896477
1838,0.00915533,0.0102446498349,1,0,5.12969398499
1839,0.00916952,0.010245423764,0,0,5.12743711472
1840,0.00916039,0.0102635575458,0,0,5.1262960434
1841,0.00915757,0.0102466540411,0,0,5.1283891201
1842,0.00916165,0.0102508813143,0,0,5.12686395645
1843,0.00915693,0.0102503746748,0,0,5.12563490868
1844,0.00916141,0.0102404979989,0,1,5.14897084236
1845,0.00915833,0.0102377319708,0,1,5.29457807541
1846,0.00915763,0.0102529553697,0,0,5.27198910713
1847,0.00915651,0.0102502778172,0,0,5.13284611702
1848,0.00915681,0.0102346818894,0,1,5.17264604568
1849,0.00915302,0.0102445855737,1,0,5.55426597595
1850,0.00915081,0.0102396188304,1,0,5.31007695198
1851,0.00914317,0.0102430991828,1,0,5.29043889046
1852,0.00914609,0.0102554373443,0,0,5.2832069397
1853,0.00914902,0.0102460095659,0,0,5.25113487244
1854,0.00914456,0.0102419238538,0,0,5.28666496277
1855,0.00914932,0.010251333937,0,0,5.24736785889
1856,0.00915022,0.01023768913,0,0,5.1516149044
1857,0.00913829,0.0102395797148,1,0,5.29103302956
1858,0.00913537,0.0102424295619,1,0,5.1329460144
1859,0.00913373,0.0102389790118,1,0,5.12677192688
1860,0.00913886,0.0102497423068,0,0,5.15236210823
1861,0.00912623,0.0102372551337,1,0,5.12907314301
1862,0.00913633,0.0102447252721,0,0,5.12805581093
1863,0.00913166,0.0102431159467,0,0,5.12605714798
1864,0.00913211,0.0102411359549,0,0,5.12794685364
1865,0.00912608,0.0102368164808,1,0,5.12663292885
1866,0.00912246,0.0102402511984,1,0,5.1283159256
1867,0.00912404,0.0102410018444,0,0,5.12889099121
1868,0.00913396,0.0102487336844,0,0,5.12972903252
1869,0.00913237,0.0102368742228,0,0,5.12724494934
1870,0.0091209,0.0102378260344,1,0,5.12564587593
1871,0.00911667,0.0102440388873,1,0,5.12710189819
1872,0.00912579,0.010234429501,0,1,5.14953994751
1873,0.00911771,0.0102469362319,0,0,5.29488801956
1874,0.00911819,0.0102514689788,0,0,5.12860584259
1875,0.00911077,0.0102520994842,1,0,5.12740707397
1876,0.00911619,0.0102329812944,0,1,5.14552593231
1877,0.00911082,0.0102469362319,0,0,5.27344298363
1878,0.00912446,0.0102336416021,0,0,5.12655305862
1879,0.00910917,0.0102280881256,1,1,5.14915704727
1880,0.00910547,0.0102447178215,1,0,5.46622800827
1881,0.00910705,0.0102484533563,0,0,5.40210485458
1882,0.00910956,0.0102507527918,0,0,5.39529299736
1883,0.00911441,0.0102329961956,0,0,5.25807595253
1884,0.00910676,0.0102434903383,0,0,5.28869605064
1885,0.0091134,0.0102463886142,0,0,5.12813282013
1886,0.00910331,0.0102468943223,1,0,5.14792394638
1887,0.0091059,0.0102305198088,0,0,5.1275229454
1888,0.00910549,0.0102399736643,0,0,5.12830710411
1889,0.00910527,0.01023480203,0,0,5.12859892845
1890,0.0090931,0.0102387405932,1,0,5.12906718254
1891,0.00909556,0.0102326525375,0,0,5.12713599205
1892,0.00909861,0.010247182101,0,0,5.12888002396
1893,0.00909648,0.0102378549054,0,0,5.1292090416
1894,0.00909173,0.0102451806888,1,0,5.12815284729
1895,0.00909223,0.0102354325354,0,0,5.12555718422
1896,0.00908781,0.0102406805381,1,0,5.12705492973
1897,0.0091007,0.010247675702,0,0,5.12745308876
1898,0.00909167,0.0102369366214,0,0,5.12669491768
1899,0.009086,0.0102414814755,1,0,5.1391749382
1900,0.00907745,0.0102321887389,1,0,5.12912917137
1901,0.00907998,0.0102321337909,0,0,5.12903594971
1902,0.00908897,0.0102438014001,0,0,5.12887191772
1903,0.00908615,0.0102360229939,0,0,5.12842202187
1904,0.00908084,0.0102430647239,0,0,5.12702417374
1905,0.00907783,0.0102306390181,0,0,5.12697100639
1906,0.00908672,0.0102258017287,0,1,5.1459569931
1907,0.00907535,0.0102296527475,1,0,5.12686800957
1908,0.00907557,0.0102325426415,0,0,5.12707591057
1909,0.00908036,0.0102350451052,0,0,5.12845015526
1910,0.00906511,0.0102289775386,1,0,5.12814593315
1911,0.00907144,0.0102460663766,0,0,5.12611699104
1912,0.00906818,0.0102357082069,0,0,5.13520598412
1913,0.00906708,0.0102346874774,0,0,5.12613916397
1914,0.00906312,0.0102312080562,1,0,5.28779101372
1915,0.00906487,0.0102324774489,0,0,5.12796211243
1916,0.00906688,0.010250701569,0,0,5.12676095963
1917,0.00905198,0.0102267628536,1,0,5.1280400753
1918,0.00906114,0.0102388337255,0,0,5.12699794769
1919,0.00905516,0.0102432686836,0,0,5.12953495979
1920,0.00905625,0.010231629014,0,0,5.12701296806
1921,0.00905306,0.0102237686515,0,1,5.14862203598
1922,0.00905149,0.0102591710165,1,0,5.27457094193
1923,0.00905459,0.010227298364,0,0,5.12552905083
1924,0.00905754,0.0102251749486,0,0,5.13838100433
1925,0.0090476,0.0102350823581,1,0,5.15301299095
1926,0.00904666,0.0102670267224,1,0,5.12906193733
1927,0.00904905,0.0102279251441,0,0,5.12914896011
1928,0.00905066,0.0102274930105,0,0,5.12908816338
1929,0.00904417,0.0102299274877,1,0,5.12841701508
1930,0.00905443,0.0102343307808,0,0,5.12660312653
1931,0.00904175,0.0102353477851,1,0,5.1267080307
1932,0.00904454,0.0102327158675,0,0,5.12614703178
1933,0.00904513,0.0102350059897,0,0,5.12682104111
1934,0.00904333,0.0102498456836,0,0,5.12492895126
1935,0.00905382,0.0102446600795,0,0,5.12670493126
1936,0.00903933,0.0102335382253,1,0,5.12906098366
1937,0.00903233,0.010226437822,1,0,5.15137791634
1938,0.00903664,0.0102312611416,0,0,5.12814188004
1939,0.00904004,0.0102328220382,0,0,5.12742900848
1940,0.00903884,0.0102319074795,0,0,5.12491703033
1941,0.00903206,0.0102301202714,1,0,5.12675905228
1942,0.00903299,0.0102251349017,0,0,5.12869286537
1943,0.00903488,0.0102278795093,0,0,5.12760305405
1944,0.00902395,0.0102276662365,1,0,5.12759613991
1945,0.00902989,0.0102277304977,0,0,5.12865996361
1946,0.00901661,0.0102438312024,1,0,5.12826895714
1947,0.00902788,0.0102414591238,0,0,5.12513303757
1948,0.00903059,0.0102256210521,0,0,5.12666893005
1949,0.0090254,0.0102408751845,0,0,5.12554097176
1950,0.00901745,0.0102381072938,0,0,5.15124201775
1951,0.0090213,0.010234692134,0,0,5.1257789135
1952,0.00901939,0.0102261072025,0,0,5.12946414948
1953,0.00902792,0.0102342097089,0,0,5.12719607353
1954,0.0090063,0.0102387759835,1,0,5.12505507469
1955,0.00901868,0.0102368872613,0,0,5.12629103661
1956,0.00902082,0.0102357110009,0,0,5.12748718262
1957,0.00901878,0.0102357724681,0,0,5.12811112404
1958,0.00901797,0.010239914991,0,0,5.12806081772
1959,0.00901403,0.0102393534034,0,0,5.1279900074
1960,0.00901317,0.0102596106008,0,0,5.12609481812
1961,0.00901412,0.0102404905483,0,0,5.12793278694
1962,0.00900768,0.0102305337787,0,0,5.12773299217
1963,0.00900503,0.0102347917855,1,0,5.14728093147
1964,0.00900303,0.0102384723723,1,0,5.12716507912
1965,0.0089989,0.0102366330102,1,0,5.12908291817
1966,0.00900497,0.0102389371023,0,0,5.12731599808
1967,0.00900471,0.0102477185428,0,0,5.12738585472
1968,0.00900547,0.0102371750399,0,0,5.12753796577
1969,0.00899845,0.0102266650647,1,0,5.12740588188
1970,0.00900186,0.0102400695905,0,0,5.13008880615
1971,0.00899171,0.0102257346734,1,0,5.12555599213
1972,0.00899684,0.010242767632,0,0,5.12634301186
1973,0.00899189,0.0102285705507,0,0,5.12754511833
1974,0.00898962,0.0102330055088,1,0,5.12621212006
1975,0.00899276,0.0102396635339,0,0,5.12671089172
1976,0.00899324,0.010231805034,0,0,5.13526892662
1977,0.00899477,0.0102329123765,0,0,5.130382061
1978,0.0089871,0.0102427778766,1,0,5.12910103798
1979,0.00898294,0.0102476552129,1,0,5.1286239624
1980,0.00898704,0.0102347582579,0,0,5.12703585625
1981,0.00897735,0.0102385478094,1,0,5.12615990639
1982,0.00898072,0.010240660049,0,0,5.12664699554
1983,0.00897685,0.0102491825819,1,0,5.12819194794
1984,0.00897358,0.0102801378816,1,0,5.12675404549
1985,0.00897202,0.0102259200066,1,0,5.12756991386
1986,0.00897044,0.0102339861915,1,0,5.12805604935
1987,0.00897869,0.0102376202121,0,0,5.1280939579
1988,0.00897711,0.0102519309148,0,0,5.1301920414
1989,0.00898803,0.0102351848036,0,0,5.14014101028
1990,0.00897586,0.0102292159572,0,0,5.12724781036
1991,0.00897782,0.0102378353477,0,0,5.12505197525
1992,0.00897253,0.0102389464155,0,0,5.13084411621
1993,0.0089721,0.0102410232648,0,0,5.12665605545
1994,0.00897673,0.0102404206991,0,0,5.13013410568
1995,0.00897282,0.0102354995906,0,0,5.36803293228
1996,0.0089636,0.0102532487363,1,0,5.56601786613
1997,0.00897034,0.0102353664115,0,0,5.36002707481
1998,0.00897237,0.0102364895865,0,0,5.39833307266
1999,0.00896466,0.0102415299043,0,0,5.16080498695
