epoch,train_loss,valid_loss,has_train_loss_improved,has_valid_loss_improved,duration
0,1.00587,0.995350956917,1,1,10.3348460197
1,0.991046,0.979272305965,1,1,10.3842890263
2,0.972449,0.960452854633,1,1,10.4159610271
3,0.952256,0.941848933697,1,1,10.3198218346
4,0.933015,0.925249934196,1,1,10.2949512005
5,0.916293,0.911633551121,1,1,10.4775800705
6,0.902325,0.900679409504,1,1,10.3946061134
7,0.890611,0.891632139683,1,1,10.4018549919
8,0.880485,0.883898317814,1,1,10.3486189842
9,0.871417,0.877144753933,1,1,10.475358963
10,0.86318,0.871098220348,1,1,10.4742560387
11,0.855659,0.865605056286,1,1,10.4681310654
12,0.84871,0.860749065876,1,1,10.5608310699
13,0.842261,0.856290519238,1,1,10.5574781895
14,0.836271,0.852248489857,1,1,10.5039620399
15,0.830747,0.848669469357,1,1,10.4512760639
16,0.825521,0.845383226871,1,1,10.4914150238
17,0.820662,0.84242272377,1,1,10.4851768017
18,0.816082,0.83974480629,1,1,10.4363279343
19,0.811752,0.837186872959,1,1,10.3863711357
20,0.807689,0.834932923317,1,1,10.3415839672
21,0.803777,0.83276695013,1,1,10.4885561466
22,0.800079,0.830809414387,1,1,10.5051300526
23,0.796599,0.828959822655,1,1,10.5439560413
24,0.793266,0.827268958092,1,1,10.409487009
25,0.790038,0.825661182404,1,1,10.3838479519
26,0.787012,0.824225842953,1,1,10.3810040951
27,0.78409,0.82285130024,1,1,10.4488868713
28,0.78129,0.821525275707,1,1,10.435557127
29,0.778601,0.820448875427,1,1,10.3794119358
30,0.776075,0.819282770157,1,1,10.3834760189
31,0.773575,0.818377017975,1,1,10.3621711731
32,0.771179,0.817326426506,1,1,10.5052888393
33,0.7689,0.816548585892,1,1,10.4789450169
34,0.76668,0.815693676472,1,1,10.4635930061
35,0.764555,0.814730942249,1,1,10.411509037
36,0.762469,0.814063370228,1,1,10.3501980305
37,0.76049,0.81340944767,1,1,10.4792230129
38,0.758564,0.812864899635,1,1,10.4900209904
39,0.756647,0.812259078026,1,1,10.4155371189
40,0.754841,0.811594009399,1,1,10.4556970596
41,0.753062,0.811085760593,1,1,10.5340418816
42,0.751352,0.810559809208,1,1,10.4600520134
43,0.749695,0.810056686401,1,1,10.4243109226
44,0.7481,0.809678554535,1,1,10.4531490803
45,0.746467,0.809242784977,1,1,10.4621839523
46,0.74496,0.809005200863,1,1,10.4063780308
47,0.743478,0.808565199375,1,1,10.4268989563
48,0.74203,0.808295071125,1,1,10.4729681015
49,0.740615,0.807955682278,1,1,10.377286911
50,0.739207,0.807602524757,1,1,10.4989378452
51,0.7379,0.807275891304,1,1,10.4657599926
52,0.736546,0.807028114796,1,1,10.483383894
53,0.735278,0.806800842285,1,1,10.4046311378
54,0.734037,0.806535482407,1,1,10.4097738266
55,0.732782,0.806218504906,1,1,10.4781639576
56,0.731601,0.806168079376,1,1,10.4540300369
57,0.730428,0.805935680866,1,1,10.3707668781
58,0.729222,0.805671274662,1,1,10.4228739738
59,0.72812,0.805725991726,1,0,10.4723758698
60,0.727016,0.805323958397,1,1,10.5562520027
61,0.726,0.805161476135,1,1,10.4828460217
62,0.724875,0.804999530315,1,1,10.4721250534
63,0.723868,0.804970622063,1,1,10.4150619507
64,0.722872,0.804803907871,1,1,10.4886701107
65,0.721869,0.804761111736,1,1,10.5196177959
66,0.720867,0.804701983929,1,1,10.4436511993
67,0.719935,0.804626882076,1,1,10.3396320343
68,0.719021,0.804531276226,1,1,10.3942010403
69,0.718098,0.804418802261,1,1,10.3208611012
70,0.717215,0.804231584072,1,1,10.3123211861
71,0.716312,0.804212272167,1,1,10.3130719662
72,0.715432,0.804086327553,1,1,10.335133791
73,0.714592,0.804017484188,1,1,10.3261868954
74,0.713748,0.803951025009,1,1,10.3833761215
75,0.712903,0.804045498371,1,0,10.2435829639
76,0.712053,0.803996443748,1,0,10.1545522213
77,0.711298,0.803920209408,1,1,10.2858951092
78,0.710543,0.803940951824,1,0,10.2438900471
79,0.709749,0.803901553154,1,1,10.3523180485
80,0.708963,0.803846478462,1,1,10.3660230637
81,0.708238,0.803982257843,1,0,10.2428719997
82,0.707467,0.803812205791,1,1,10.3016760349
83,0.706731,0.80392819643,1,0,10.1494739056
84,0.706043,0.803862988949,1,0,10.1497941017
85,0.705316,0.803851425648,1,0,10.1562259197
86,0.704601,0.803843677044,1,0,10.2220859528
87,0.703874,0.803882241249,1,0,10.2584831715
88,0.703247,0.803956389427,1,0,10.3206760883
89,0.702587,0.803974449635,1,0,10.2915401459
90,0.701933,0.803842127323,1,0,10.3587920666
91,0.70131,0.803795099258,1,1,10.374707222
92,0.700621,0.803936421871,1,0,10.256207943
93,0.700042,0.803856492043,1,0,10.3684570789
94,0.699389,0.804046452045,1,0,10.3834660053
95,0.698755,0.804086089134,1,0,10.3321838379
96,0.698166,0.804083883762,1,0,10.2686169147
97,0.697571,0.804109334946,1,0,10.441163063
98,0.696974,0.804106891155,1,0,10.3884568214
99,0.696421,0.804162800312,1,0,10.3239159584
100,0.69587,0.804128706455,1,0,10.3035690784
101,0.695273,0.804315567017,1,0,10.1426260471
102,0.694701,0.804217278957,1,0,10.138406992
103,0.694114,0.804315268993,1,0,10.1588320732
104,0.693564,0.80443328619,1,0,10.3498051167
105,0.693061,0.804395258427,1,0,10.4006547928
106,0.6925,0.804468929768,1,0,10.3216750622
107,0.691972,0.804484963417,1,0,10.1710600853
108,0.691444,0.804518342018,1,0,10.392136097
109,0.69093,0.80452144146,1,0,10.4196050167
110,0.690405,0.80462294817,1,0,10.3020870686
111,0.689929,0.804726541042,1,0,10.153908968
112,0.689401,0.804746448994,1,0,10.1477508545
113,0.688887,0.804825246334,1,0,10.1473488808
114,0.688445,0.804807424545,1,0,10.1493959427
115,0.687978,0.804883956909,1,0,10.1483950615
116,0.687505,0.804865598679,1,0,10.1272611618
117,0.686967,0.804985046387,1,0,10.1710948944
118,0.686493,0.805185377598,1,0,10.1545209885
119,0.686045,0.805270850658,1,0,10.1560881138
120,0.685656,0.805281102657,1,0,10.1573748589
121,0.685202,0.805447041988,1,0,10.151293993
122,0.684685,0.805378198624,1,0,10.1494679451
123,0.684298,0.805523335934,1,0,10.1498918533
124,0.683842,0.805652916431,1,0,10.1780779362
125,0.683382,0.805429041386,1,0,10.3939049244
126,0.682957,0.805691957474,1,0,10.2413039207
127,0.682587,0.805740118027,1,0,10.1497387886
128,0.682079,0.805816471577,1,0,10.1685731411
129,0.681698,0.805963754654,1,0,10.1385929585
130,0.681281,0.806060791016,1,0,10.1473760605
131,0.680917,0.806113302708,1,0,10.323168993
132,0.680446,0.806020438671,1,0,10.2559530735
133,0.680032,0.806277871132,1,0,10.1596860886
134,0.679652,0.806378781796,1,0,10.2857778072
135,0.679277,0.806348025799,1,0,10.1939151287
136,0.678843,0.806496977806,1,0,10.1511111259
137,0.678475,0.806594908237,1,0,10.3298120499
138,0.678111,0.80676305294,1,0,10.3579781055
139,0.677749,0.806878864765,1,0,10.3608081341
140,0.677346,0.806931257248,1,0,10.4109530449
141,0.676968,0.80695027113,1,0,10.4028809071
142,0.676596,0.807145476341,1,0,10.2108800411
143,0.676249,0.807050943375,1,0,10.1446149349
144,0.675898,0.807231485844,1,0,10.1636810303
145,0.675536,0.807200133801,1,0,10.3286368847
146,0.675168,0.80737632513,1,0,10.2517569065
147,0.674828,0.807516157627,1,0,10.3161740303
148,0.674483,0.807646334171,1,0,10.3324580193
149,0.674084,0.807553589344,1,0,10.2399740219
150,0.673728,0.807701945305,1,0,10.1209189892
151,0.673433,0.807798683643,1,0,10.1228969097
152,0.673067,0.807920277119,1,0,10.1183149815
153,0.672754,0.808117210865,1,0,10.2511768341
154,0.672405,0.808122336864,1,0,10.2966029644
155,0.672056,0.808125972748,1,0,10.2790439129
156,0.671756,0.808265924454,1,0,10.2463970184
157,0.671481,0.808439671993,1,0,10.3756427765
158,0.671142,0.808475315571,1,0,10.3313992023
159,0.670798,0.808507680893,1,0,10.2633490562
160,0.67045,0.808662116528,1,0,10.330163002
161,0.670137,0.808819293976,1,0,10.2900519371
162,0.669815,0.808895409107,1,0,10.3447458744
163,0.669554,0.808951079845,1,0,10.2737298012
164,0.669273,0.809119343758,1,0,10.1825070381
165,0.668938,0.809238255024,1,0,10.3342759609
166,0.66862,0.809327185154,1,0,10.3795831203
167,0.668328,0.809559643269,1,0,10.3430378437
168,0.66799,0.809584796429,1,0,10.3517978191
169,0.667676,0.809662222862,1,0,10.2785379887
170,0.667465,0.809863984585,1,0,10.3425109386
171,0.667148,0.809740662575,1,0,10.2357552052
172,0.666831,0.809921443462,1,0,10.1646111012
173,0.666554,0.810009717941,1,0,10.1550321579
174,0.666311,0.810088694096,1,0,10.1516590118
175,0.665989,0.810173809528,1,0,10.308743
176,0.66568,0.810356020927,1,0,10.2299151421
177,0.665439,0.810354471207,1,0,10.1392731667
178,0.665191,0.810419440269,1,0,10.1460959911
179,0.664875,0.810678839684,1,0,10.2021019459
180,0.664602,0.810671925545,1,0,10.3028228283
181,0.664314,0.810745179653,1,0,10.2564651966
182,0.664052,0.810921788216,1,0,10.1615810394
183,0.663793,0.810934841633,1,0,10.2620489597
184,0.663519,0.810997307301,1,0,10.1719310284
185,0.66329,0.81127178669,1,0,10.1362400055
186,0.662969,0.811429083347,1,0,10.1828789711
187,0.662753,0.811282277107,1,0,10.1140069962
188,0.662471,0.811509907246,1,0,10.1183199883
189,0.662243,0.811588287354,1,0,10.1198210716
190,0.661979,0.811697840691,1,0,10.1096310616
191,0.661703,0.811755239964,1,0,10.2819268703
192,0.661394,0.811906039715,1,0,10.1984269619
193,0.661217,0.811895191669,1,0,10.1469550133
194,0.66099,0.81203764677,1,0,10.1522331238
195,0.660665,0.812186002731,1,0,10.3621401787
196,0.660463,0.812262952328,1,0,10.3619790077
197,0.660205,0.81231969595,1,0,10.2258489132
198,0.660008,0.812461078167,1,0,10.340955019
199,0.659711,0.81253695488,1,0,10.2179319859
200,0.659485,0.812568187714,1,0,10.2733099461
201,0.659217,0.812937021255,1,0,10.269256115
202,0.658963,0.812869250774,1,0,10.328371048
203,0.658763,0.813005805016,1,0,10.3412668705
204,0.658534,0.813082873821,1,0,10.4248969555
205,0.658311,0.813044071198,1,0,10.227989912
206,0.658073,0.813145697117,1,0,10.1007349491
207,0.657832,0.813311457634,1,0,10.1419920921
208,0.657583,0.813311874866,1,0,10.1514101028
209,0.657379,0.813327610493,1,0,10.224848032
210,0.657165,0.813462138176,1,0,10.16908288
211,0.656892,0.813661754131,1,0,10.3886129856
212,0.656729,0.813657045364,1,0,10.3079068661
213,0.656516,0.81382393837,1,0,10.0934529305
214,0.656313,0.813844382763,1,0,10.1936068535
215,0.656067,0.814143359661,1,0,10.096570015
216,0.655864,0.814059615135,1,0,10.1411538124
217,0.655618,0.814171791077,1,0,10.3210670948
218,0.655404,0.81401091814,1,0,10.4690380096
219,0.655152,0.814369797707,1,0,10.3243899345
220,0.654994,0.814383625984,1,0,10.2041511536
221,0.654784,0.814543485641,1,0,10.1252939701
222,0.654562,0.814623653889,1,0,10.144108057
223,0.654343,0.814793348312,1,0,10.1506409645
224,0.654143,0.814815998077,1,0,10.1558198929
225,0.653953,0.814897239208,1,0,10.1472711563
226,0.653715,0.814914166927,1,0,10.1556379795
227,0.653543,0.815038919449,1,0,10.2268500328
228,0.653253,0.81515622139,1,0,10.3690550327
229,0.653121,0.815354347229,1,0,10.2815289497
230,0.652928,0.815278291702,1,0,10.4076600075
231,0.652781,0.815478801727,1,0,10.3476700783
232,0.65258,0.815562665462,1,0,10.2971308231
233,0.652331,0.815583765507,1,0,10.1261768341
234,0.652158,0.815467655659,1,0,10.148911953
235,0.651877,0.815724730492,1,0,10.1943230629
236,0.651703,0.81574934721,1,0,10.1508579254
237,0.651595,0.81576025486,1,0,10.2043428421
238,0.651352,0.815878331661,1,0,10.1074950695
239,0.651182,0.816056191921,1,0,10.3335409164
240,0.650983,0.816095352173,1,0,10.3514950275
241,0.650755,0.816300630569,1,0,10.3413598537
242,0.650579,0.816337406635,1,0,10.186455965
243,0.650417,0.816415369511,1,0,10.482986927
244,0.650242,0.81656819582,1,0,10.3561909199
245,0.650038,0.816548466682,1,0,10.2987780571
246,0.649879,0.816690564156,1,0,10.3242051601
247,0.649695,0.816708922386,1,0,10.255120039
248,0.649478,0.816925644875,1,0,10.3304491043
249,0.649337,0.816928863525,1,0,10.2871570587
250,0.649145,0.816959381104,1,0,10.2352471352
251,0.648956,0.817237436771,1,0,10.2359230518
252,0.648778,0.817194342613,1,0,10.2428200245
253,0.648593,0.817269086838,1,0,10.2101328373
254,0.648421,0.817337691784,1,0,10.1674189568
255,0.648233,0.81739538908,1,0,10.143666029
256,0.648088,0.817476928234,1,0,10.1900470257
257,0.647857,0.817691802979,1,0,10.236191988
258,0.647786,0.817715406418,1,0,10.1924090385
259,0.647505,0.81784760952,1,0,10.1853079796
260,0.647375,0.817874491215,1,0,10.1913199425
261,0.647261,0.818070650101,1,0,10.2879328728
262,0.647014,0.817966163158,1,0,10.2322320938
263,0.646863,0.8181219697,1,0,10.2865970135
264,0.646739,0.818089604378,1,0,10.2626259327
265,0.646581,0.818349957466,1,0,10.3257081509
266,0.646364,0.818332850933,1,0,10.4141709805
267,0.646205,0.818543076515,1,0,10.3291041851
268,0.646048,0.818432569504,1,0,10.345867157
269,0.645878,0.81857085228,1,0,10.2711100578
270,0.645727,0.818827629089,1,0,10.3643660545
271,0.645564,0.818749845028,1,0,10.2946469784
272,0.645415,0.818952977657,1,0,10.2838962078
273,0.645202,0.818991959095,1,0,10.2759790421
274,0.645109,0.819045901299,1,0,10.188133955
275,0.644934,0.819186329842,1,0,10.212100029
276,0.644753,0.819233238697,1,0,10.1469330788
277,0.644641,0.81931835413,1,0,10.1181159019
278,0.6445,0.819469988346,1,0,10.1382339001
279,0.644273,0.819435894489,1,0,10.1498231888
280,0.644157,0.819546759129,1,0,10.1464660168
281,0.644,0.819524466991,1,0,10.1476149559
282,0.643824,0.819718241692,1,0,10.0990979671
283,0.643697,0.819909572601,1,0,10.1040210724
284,0.643484,0.819841265678,1,0,10.0972981453
285,0.643342,0.81997025013,1,0,10.1005120277
286,0.643239,0.820075511932,1,0,10.1006228924
287,0.643068,0.820116221905,1,0,10.1017308235
288,0.642922,0.820147335529,1,0,10.1054389477
289,0.642707,0.820260345936,1,0,10.0967969894
290,0.642616,0.820339798927,1,0,10.1018822193
291,0.642465,0.820405781269,1,0,10.1000568867
292,0.642317,0.820611774921,1,0,10.2632050514
293,0.6422,0.820773303509,1,0,10.2057309151
294,0.642015,0.820749342442,1,0,10.1908290386
295,0.641847,0.820740163326,1,0,10.1631858349
296,0.641741,0.820833563805,1,0,10.1539030075
297,0.641605,0.820921301842,1,0,10.2247240543
298,0.641399,0.821072041988,1,0,10.3019909859
299,0.641321,0.820992410183,1,0,10.3721079826
300,0.641162,0.821196615696,1,0,10.3345720768
301,0.641006,0.821271240711,1,0,10.2945799828
302,0.640843,0.8213763237,1,0,10.2186911106
303,0.64074,0.821331501007,1,0,10.1564278603
304,0.640593,0.821505427361,1,0,10.3065900803
305,0.64047,0.821638524532,1,0,10.255494833
306,0.6403,0.821764707565,1,0,10.3264181614
307,0.64018,0.821774959564,1,0,10.2976570129
308,0.639985,0.821894407272,1,0,10.3800890446
309,0.639918,0.821846544743,1,0,10.2506690025
310,0.639764,0.822074592113,1,0,10.3759698868
311,0.639629,0.822029948235,1,0,10.3798868656
312,0.639498,0.822203218937,1,0,10.3339030743
313,0.639401,0.822263896465,1,0,10.2551159859
314,0.639244,0.822218596935,1,0,10.3241648674
315,0.63907,0.82236456871,1,0,10.1898581982
316,0.638957,0.822483539581,1,0,10.1339349747
317,0.638832,0.822357356548,1,0,10.1110429764
318,0.638748,0.822598278522,1,0,10.1424279213
