epoch,train_loss,valid_loss,has_train_loss_improved,has_valid_loss_improved,duration
0,1.00563,0.992399513721,1,1,24.530493021
1,0.99025,0.982602894306,1,1,24.5834860802
2,0.982021,0.975593745708,1,1,24.8537340164
3,0.972313,0.961576402187,1,1,24.7534627914
4,0.954399,0.944366753101,1,1,25.0381939411
5,0.930923,0.915798187256,1,1,24.8551709652
6,0.902987,0.889765322208,1,1,25.3598470688
7,0.877949,0.870112597942,1,1,25.0433909893
8,0.859813,0.8531935215,1,1,24.9373700619
9,0.842431,0.836682915688,1,1,24.9146828651
10,0.823309,0.816388428211,1,1,25.1748189926
11,0.801827,0.79478508234,1,1,25.1314210892
12,0.779289,0.777027785778,1,1,25.0237340927
13,0.759821,0.756947040558,1,1,25.0080728531
14,0.744328,0.740339636803,1,1,25.0442302227
15,0.730195,0.730916321278,1,1,25.1769309044
16,0.71744,0.720650494099,1,1,25.2052309513
17,0.706432,0.708384394646,1,1,24.8244929314
18,0.695754,0.700853168964,1,1,25.1453478336
19,0.686761,0.690195560455,1,1,25.1633400917
20,0.677445,0.684057950974,1,1,24.8787820339
21,0.670226,0.679206609726,1,1,25.2134728432
22,0.661766,0.66745108366,1,1,25.3229911327
23,0.654138,0.663312613964,1,1,25.2689340115
24,0.647155,0.658649086952,1,1,25.3069400787
25,0.639456,0.645465493202,1,1,25.3738369942
26,0.632965,0.641081154346,1,1,25.2645840645
27,0.625535,0.633979141712,1,1,25.2480299473
28,0.619823,0.627604842186,1,1,25.2536809444
29,0.613083,0.626464605331,1,1,25.245331049
30,0.608027,0.621709465981,1,1,25.2535588741
31,0.602198,0.612190127373,1,1,25.2594668865
32,0.597269,0.610029518604,1,1,25.252628088
33,0.592159,0.6058806777,1,1,25.2322161198
34,0.587444,0.59977543354,1,1,25.2682640553
35,0.582561,0.595474421978,1,1,25.2707891464
36,0.578029,0.593521118164,1,1,25.2746579647
37,0.573746,0.586311876774,1,1,25.2477149963
38,0.569232,0.584104239941,1,1,25.2163908482
39,0.565416,0.581263720989,1,1,25.2733781338
40,0.56147,0.579081654549,1,1,25.2599589825
41,0.558631,0.571507751942,1,1,25.2414097786
42,0.554105,0.569157242775,1,1,25.1857349873
43,0.550872,0.567550480366,1,1,25.1987140179
44,0.547531,0.5627592206,1,1,25.2613317966
45,0.544913,0.56378608942,1,0,25.2318990231
46,0.541484,0.558273255825,1,1,25.2618999481
47,0.538767,0.55535441637,1,1,25.2730331421
48,0.535713,0.551949858665,1,1,25.1400389671
49,0.532439,0.547954916954,1,1,25.2489719391
50,0.530688,0.549104809761,1,0,25.0361499786
51,0.527317,0.542816281319,1,1,24.9378218651
52,0.524683,0.541251242161,1,1,24.9321172237
53,0.522517,0.539433956146,1,1,25.1598088741
54,0.519471,0.538386940956,1,1,25.2597529888
55,0.517695,0.539520382881,1,0,25.2049369812
56,0.515328,0.533639788628,1,1,25.2708849907
57,0.513132,0.533679306507,1,0,25.2849669456
58,0.51109,0.527555406094,1,1,25.2472989559
59,0.508123,0.528765022755,1,0,25.2122058868
60,0.506441,0.526220023632,1,1,25.2560880184
61,0.504685,0.529258131981,1,0,25.2045550346
62,0.502324,0.522001922131,1,1,25.2559511662
63,0.499957,0.520394444466,1,1,25.2533221245
64,0.498516,0.517599701881,1,1,25.2516689301
65,0.496281,0.516312301159,1,1,25.2702569962
66,0.494253,0.515950739384,1,1,25.22727108
67,0.492821,0.512987434864,1,1,25.2906990051
68,0.490478,0.510775089264,1,1,24.957103014
69,0.48937,0.510330796242,1,1,25.2849690914
70,0.48735,0.507802784443,1,1,25.1834769249
71,0.485495,0.507151842117,1,1,24.9663529396
72,0.483398,0.504947125912,1,1,24.9444348812
73,0.482272,0.505444228649,1,0,24.9077301025
74,0.480568,0.50554227829,1,0,25.0299620628
75,0.478627,0.504082798958,1,1,25.2590939999
76,0.477005,0.501058340073,1,1,25.2574408054
77,0.476376,0.499961912632,1,1,25.2640600204
78,0.474211,0.49744874239,1,1,25.2039868832
79,0.472574,0.497037261724,1,1,25.2790501118
80,0.471494,0.493422597647,1,1,25.2514021397
81,0.469691,0.492824554443,1,1,25.2115719318
82,0.468495,0.492365270853,1,1,25.2641201019
83,0.466682,0.492459833622,1,0,25.1891121864
84,0.465408,0.489064604044,1,1,24.9856660366
85,0.46439,0.487422525883,1,1,25.0818750858
86,0.463153,0.487891048193,1,0,25.2061159611
87,0.460987,0.484066396952,1,1,25.2547209263
88,0.46021,0.485176324844,1,0,25.2712249756
89,0.45816,0.482961863279,1,1,25.2311828136
90,0.457828,0.481600224972,1,1,24.9028310776
91,0.45579,0.481645703316,1,0,25.0756499767
92,0.454824,0.478539317846,1,1,25.1951470375
93,0.453418,0.479618132114,1,0,25.2197439671
94,0.451988,0.479209035635,1,0,25.2156920433
95,0.451389,0.47508597374,1,1,25.27698493
96,0.449591,0.475412786007,1,0,25.2267479897
97,0.44863,0.472276002169,1,1,25.2587997913
98,0.447065,0.471733570099,1,1,25.2895050049
99,0.44598,0.470651566982,1,1,25.2741289139
100,0.445307,0.472792267799,1,0,25.2036280632
101,0.443963,0.468263059855,1,1,25.2372989655
102,0.442722,0.467853277922,1,1,25.2246441841
103,0.441313,0.466634094715,1,1,25.1929368973
104,0.440629,0.46483451128,1,1,25.1904549599
105,0.439633,0.466106146574,1,0,24.9240479469
106,0.438394,0.464373737574,1,1,25.2295000553
107,0.437428,0.463911831379,1,1,25.2675280571
108,0.436342,0.4637119174,1,1,25.2407929897
109,0.435097,0.460375964642,1,1,25.4397768974
110,0.434481,0.459593832493,1,1,25.3911449909
111,0.433903,0.458661109209,1,1,25.2378509045
112,0.432194,0.459448844194,1,0,25.1942431927
113,0.431639,0.456172198057,1,1,25.2536170483
114,0.430459,0.458107292652,1,0,25.3555989265
115,0.429779,0.455428421497,1,1,25.2762970924
116,0.428611,0.459404706955,1,0,25.2231249809
117,0.427897,0.454199850559,1,1,25.266078949
118,0.427184,0.453906029463,1,1,25.2104649544
119,0.426136,0.454445838928,1,0,25.240459919
120,0.425324,0.45433345437,1,0,25.1962940693
121,0.424756,0.448357611895,1,1,25.0735120773
122,0.423284,0.449678570032,1,0,25.2312400341
123,0.423142,0.452429056168,1,0,25.2030320168
124,0.422123,0.449438691139,1,0,25.2044138908
125,0.421167,0.449663698673,1,0,25.2160980701
126,0.4205,0.447869002819,1,1,25.2459590435
127,0.419014,0.447474628687,1,1,25.2613620758
128,0.419565,0.448525667191,0,0,25.1801979542
129,0.41812,0.447923451662,1,0,25.2151699066
130,0.416991,0.444779396057,1,1,25.1139659882
131,0.416922,0.443723469973,1,1,25.0348541737
132,0.416377,0.444523692131,1,0,24.9237189293
133,0.414877,0.442402094603,1,1,25.0156519413
134,0.414457,0.444340705872,1,0,25.0145819187
135,0.41359,0.442876905203,1,0,25.009868145
136,0.413263,0.440992832184,1,1,25.0493240356
137,0.412378,0.440938711166,1,1,25.0014531612
138,0.411184,0.439461350441,1,1,25.0595099926
139,0.411293,0.439970016479,0,0,24.9652240276
140,0.409687,0.438106536865,1,1,24.9472231865
141,0.409973,0.437664091587,0,1,24.7686431408
142,0.40937,0.436785787344,1,1,24.9451971054
143,0.408182,0.43735858798,1,0,25.1219959259
144,0.408078,0.437644034624,1,0,24.6918611526
145,0.406455,0.435519307852,1,1,24.7259709835
146,0.406306,0.435569107533,1,0,24.6734061241
147,0.405863,0.436087042093,1,0,24.6969470978
148,0.404948,0.434545695782,1,1,25.131829977
149,0.404042,0.43317052722,1,1,25.0328500271
150,0.403489,0.432032078505,1,1,25.1379358768
151,0.402601,0.433085441589,1,0,25.0141041279
152,0.40317,0.432079970837,0,0,25.0059130192
153,0.40235,0.431656777859,1,1,25.0159769058
154,0.401681,0.430632442236,1,1,25.0397520065
155,0.400178,0.429238677025,1,1,24.7163128853
156,0.400517,0.429649174213,0,0,24.7005689144
157,0.399579,0.428596138954,1,1,25.0460469723
158,0.399153,0.42867270112,1,0,25.0165948868
159,0.398192,0.427142441273,1,1,25.0142459869
160,0.397727,0.427557170391,1,0,25.0038099289
161,0.397299,0.426021516323,1,1,25.0002601147
162,0.396844,0.426886498928,1,0,24.9850599766
163,0.395624,0.426764905453,1,0,24.9921300411
164,0.395778,0.425252795219,0,1,25.0305399895
165,0.394958,0.424517452717,1,1,25.0396249294
166,0.394385,0.425649493933,1,0,25.2284240723
167,0.393798,0.424288988113,1,1,25.1631779671
168,0.393623,0.423652619123,1,1,25.0532121658
169,0.393327,0.423719137907,1,0,25.0249900818
170,0.392138,0.421972572803,1,1,25.0469961166
171,0.391552,0.421723693609,1,1,25.0777409077
172,0.391248,0.421375185251,1,1,25.0045468807
173,0.390919,0.421233594418,1,1,25.0182418823
174,0.389803,0.421394854784,1,0,25.0138499737
175,0.389766,0.420197308064,1,1,24.9945111275
176,0.389098,0.420314341784,1,0,24.9971940517
177,0.388627,0.418788999319,1,1,25.05904603
178,0.388232,0.418621897697,1,1,24.9890370369
179,0.387438,0.421570569277,1,0,24.9107501507
180,0.387004,0.41618219018,1,1,24.9532501698
181,0.38679,0.417033940554,1,0,25.0708091259
182,0.386011,0.419894218445,1,0,25.0218729973
183,0.386095,0.416355699301,0,0,25.0156171322
184,0.384819,0.416406005621,1,0,25.0062761307
185,0.384727,0.415454804897,1,1,25.0799880028
186,0.384117,0.414911776781,1,1,25.0460960865
187,0.383513,0.415462613106,1,0,25.0102939606
188,0.383143,0.412773579359,1,1,25.0458700657
189,0.382369,0.414088279009,1,0,24.9431679249
190,0.382409,0.414450883865,0,0,24.9834179878
191,0.381915,0.41311442852,1,0,25.0131599903
192,0.38085,0.41153383255,1,1,25.071876049
193,0.381003,0.412501454353,0,0,24.9956200123
194,0.380437,0.412862062454,1,0,24.9518649578
195,0.379852,0.411386340857,1,1,25.0178639889
196,0.379526,0.412266135216,1,0,24.9188148975
197,0.379133,0.412474155426,1,0,24.9833028316
198,0.378836,0.410719484091,1,1,25.1308231354
199,0.377944,0.409888893366,1,1,25.1644170284
200,0.37755,0.408601611853,1,1,25.0589771271
201,0.377357,0.408422142267,1,1,25.056524992
202,0.376949,0.406993836164,1,1,25.071844101
203,0.376475,0.408333331347,1,0,25.0061199665
204,0.375649,0.408564001322,1,0,25.0082108974
205,0.375509,0.40605711937,1,1,25.0316069126
206,0.375055,0.407874345779,1,0,24.8291580677
207,0.374371,0.407925486565,1,0,24.9814550877
208,0.374464,0.406895965338,0,0,25.0121860504
209,0.373683,0.40782007575,1,0,24.9765169621
210,0.373455,0.406898081303,1,0,24.922672987
211,0.373105,0.405509144068,1,1,25.0786509514
212,0.372732,0.40350034833,1,1,25.0947310925
213,0.372131,0.403496861458,1,1,25.0525779724
214,0.371491,0.402823328972,1,1,25.0591759682
215,0.371254,0.404373258352,1,0,25.2803099155
216,0.371059,0.403426826,1,0,24.9911808968
217,0.370716,0.404037892818,1,0,25.2593560219
218,0.370031,0.403327614069,1,0,25.0144000053
219,0.370246,0.402090609074,0,1,25.1254971027
220,0.369738,0.401413708925,1,1,25.0605208874
221,0.36918,0.402024924755,1,0,25.1249818802
222,0.36838,0.401478767395,1,0,24.903897047
223,0.368356,0.403113752604,1,0,25.0530748367
224,0.367998,0.401075124741,1,1,24.9959440231
225,0.367719,0.401389807463,1,0,24.6477439404
226,0.367088,0.399644464254,1,1,25.0462100506
227,0.366959,0.399971991777,1,0,25.0132529736
228,0.366463,0.398715525866,1,1,24.9725039005
229,0.366484,0.398676782846,0,1,25.0365450382
230,0.365672,0.399078339338,1,0,25.0101451874
231,0.365349,0.399471491575,1,0,25.0005040169
232,0.365127,0.400971710682,1,0,24.9821791649
233,0.36503,0.398198544979,1,1,25.0909471512
234,0.364273,0.398759424686,1,0,25.0246088505
235,0.36412,0.397985845804,1,1,25.048844099
236,0.363526,0.397399842739,1,1,24.9643609524
237,0.363635,0.397803813219,0,0,25.0069952011
238,0.363044,0.396439582109,1,1,25.0266480446
239,0.362659,0.395427376032,1,1,25.0526330471
240,0.36244,0.39726421237,1,0,24.9975790977
241,0.362054,0.397319674492,1,0,25.1653699875
242,0.3617,0.394336849451,1,1,25.1804220676
243,0.361007,0.394969284534,1,0,24.9910337925
244,0.361313,0.395004034042,0,0,26.3136479855
245,0.360847,0.394088327885,1,1,25.0624909401
246,0.36015,0.395473361015,1,0,25.0222530365
247,0.360414,0.394482880831,0,0,24.9939050674
248,0.360052,0.395945370197,1,0,24.945212841
249,0.359582,0.393601894379,1,1,24.7369599342
250,0.359481,0.394678980112,1,0,24.9973199368
251,0.358606,0.392889708281,1,1,25.0484569073
252,0.358653,0.392632216215,0,1,24.6998188496
253,0.358444,0.391517937183,1,1,24.7066249847
254,0.357929,0.391378045082,1,1,24.7935619354
255,0.357618,0.39143076539,1,0,24.6523001194
256,0.357611,0.393004179001,1,0,24.6672260761
257,0.357262,0.392296463251,1,0,24.69530797
258,0.356317,0.392610043287,1,0,24.6717758179
259,0.356362,0.391959905624,0,0,24.7413439751
260,0.35626,0.392365038395,1,0,24.6574170589
261,0.355998,0.391262888908,1,1,24.7020728588
262,0.355445,0.390826582909,1,1,24.8314840794
263,0.355777,0.391124606133,0,0,24.7207379341
264,0.355406,0.390917092562,1,0,24.7383201122
265,0.354287,0.391144990921,1,0,24.7077889442
266,0.35475,0.388660877943,0,1,24.7298648357
267,0.353916,0.389795213938,1,0,24.6840798855
268,0.35428,0.389822721481,0,0,24.7284679413
269,0.353732,0.388162910938,1,1,24.7323811054
270,0.353246,0.388747036457,1,0,24.6129541397
271,0.353166,0.389401644468,1,0,24.681540966
272,0.353042,0.38762229681,1,1,25.2772159576
273,0.351884,0.387746572495,1,0,24.7818348408
274,0.352688,0.388272792101,0,0,24.9069828987
275,0.351948,0.389661103487,0,0,25.0174958706
276,0.35184,0.387144982815,1,1,25.0277860165
277,0.351381,0.3869587183,1,1,25.0389499664
278,0.35132,0.387068390846,1,0,24.9887800217
279,0.350987,0.386392503977,1,1,25.0527169704
280,0.350582,0.388541072607,1,0,25.0285081863
281,0.35082,0.387271463871,0,0,24.9932720661
282,0.349686,0.385255545378,1,1,25.0352091789
283,0.349811,0.385771363974,0,0,25.0091531277
284,0.349814,0.385619968176,0,0,24.7089631557
285,0.349506,0.385307431221,1,0,24.7754108906
286,0.348927,0.385848194361,1,0,25.0372331142
287,0.3486,0.38474714756,1,1,25.0610070229
288,0.348691,0.384767442942,0,0,24.9099869728
289,0.34878,0.387345165014,0,0,24.9911241531
290,0.348171,0.383328318596,1,1,25.052726984
291,0.347572,0.382687091827,1,1,25.0570721626
292,0.347907,0.384354054928,0,0,25.0344130993
293,0.347044,0.383915960789,1,0,25.001157999
294,0.347423,0.384003609419,0,0,24.967744112
295,0.346885,0.382916539907,1,0,24.9927740097
296,0.34654,0.382248133421,1,1,24.7851939201
297,0.346605,0.38296636939,0,0,24.6568610668
298,0.346194,0.383659213781,1,0,24.6450738907
299,0.345609,0.38204446435,1,1,24.9429450035
300,0.346102,0.384545445442,0,0,25.4284930229
301,0.345223,0.383709996939,1,0,25.00157094
302,0.345347,0.381654441357,0,1,25.1006200314
303,0.344765,0.383326500654,1,0,25.0320849419
304,0.344694,0.380827993155,1,1,25.1070029736
305,0.344436,0.382865667343,1,0,24.9965939522
306,0.344306,0.380745887756,1,1,25.0917601585
307,0.344065,0.381696850061,1,0,25.0037751198
308,0.343395,0.380317032337,1,1,25.0417909622
309,0.343543,0.37994030118,0,1,25.0404238701
310,0.343104,0.380412429571,1,0,25.0122330189
311,0.343233,0.380864799023,0,0,25.0003328323
312,0.342926,0.379792481661,1,1,25.0645871162
313,0.342433,0.379750788212,1,1,25.1719520092
314,0.342205,0.380684822798,1,0,24.9961969852
315,0.342063,0.380531251431,1,0,24.9914648533
316,0.341859,0.379901230335,1,0,25.0300180912
317,0.34208,0.378367275,0,1,25.0917010307
318,0.341474,0.379249751568,1,0,24.9197030067
319,0.34116,0.378504633904,1,0,24.6463830471
320,0.340847,0.37961435318,1,0,24.6501181126
321,0.340949,0.378091990948,0,1,24.93948102
322,0.340421,0.378117859364,1,0,24.9197449684
323,0.340331,0.377546966076,1,1,25.0504860878
324,0.340096,0.378105968237,1,0,24.9925150871
325,0.339776,0.378673613071,1,0,24.9649319649
326,0.339768,0.376665025949,1,1,25.0124330521
327,0.339679,0.379108160734,1,0,25.0441589355
328,0.339094,0.376674354076,1,0,25.0040299892
329,0.339005,0.376231521368,1,1,25.0361599922
330,0.338925,0.376157730818,1,1,25.0341100693
331,0.338855,0.376599162817,1,0,24.9081158638
332,0.338166,0.377162337303,1,0,24.9568181038
333,0.338203,0.376135498285,0,1,24.7019319534
334,0.337914,0.376978576183,1,0,24.6534290314
335,0.337427,0.376307278872,1,0,24.669260025
336,0.337433,0.375668644905,0,1,24.9820590019
337,0.337277,0.376524150372,1,0,25.0039980412
338,0.33727,0.374497830868,1,1,25.1096990108
339,0.336381,0.375286966562,1,0,24.9502410889
340,0.337033,0.373216658831,0,1,25.0260870457
341,0.33628,0.375019431114,1,0,25.0088648796
342,0.336143,0.374083518982,1,0,24.9963991642
343,0.336107,0.374659746885,1,0,25.024848938
344,0.335687,0.375074446201,1,0,25.0942981243
345,0.335639,0.374523162842,1,0,24.6999151707
346,0.335479,0.373750776052,1,0,24.6419351101
347,0.334895,0.37388420105,1,0,24.7313811779
348,0.334735,0.374944150448,1,0,24.7848160267
349,0.335048,0.372891098261,0,1,25.0588760376
350,0.33438,0.373268067837,1,0,25.0169260502
351,0.334391,0.37467494607,0,0,25.0062100887
352,0.334224,0.372324943542,1,1,25.0094149113
353,0.33395,0.370985746384,1,1,24.9501888752
354,0.33333,0.372710615396,1,0,25.0307269096
355,0.333327,0.37341144681,1,0,24.6994280815
356,0.333329,0.372661054134,0,0,24.696171999
357,0.333256,0.371115297079,1,0,24.85394907
358,0.33296,0.371417075396,1,0,25.0552000999
359,0.332771,0.371312588453,1,0,25.0365900993
360,0.332223,0.372129559517,1,0,24.9968500137
361,0.332208,0.372218519449,1,0,24.9541339874
362,0.332383,0.372617870569,0,0,25.0033090115
363,0.332065,0.3700761199,1,1,25.0443370342
364,0.331578,0.371608793736,1,0,24.9780240059
365,0.33133,0.371129840612,1,0,24.9936029911
366,0.33151,0.370329737663,0,0,25.0004470348
367,0.33113,0.370279818773,1,0,24.9614620209
368,0.330926,0.370340198278,1,0,25.0078239441
369,0.330553,0.36981472373,1,1,24.8398780823
370,0.330803,0.369149059057,0,1,24.7379860878
371,0.330044,0.370900779963,1,0,24.9201538563
372,0.330219,0.368198812008,0,1,25.0058410168
373,0.330002,0.369745016098,1,0,25.009335041
374,0.329703,0.369000524282,1,0,24.9769620895
375,0.329741,0.368703067303,0,0,24.9953570366
376,0.329652,0.368504047394,1,0,24.9656419754
377,0.328969,0.366808444262,1,1,25.0572960377
378,0.329024,0.367878586054,0,0,25.0164499283
379,0.328642,0.370032191277,1,0,25.0262880325
380,0.328911,0.368519335985,0,0,24.9695110321
381,0.32836,0.367494672537,1,0,25.0184640884
382,0.32868,0.367572665215,0,0,25.0197730064
383,0.327986,0.36864683032,1,0,24.989440918
384,0.328012,0.36852183938,0,0,25.0006489754
385,0.327822,0.367261946201,1,0,24.9590468407
386,0.327528,0.367736041546,1,0,25.0097661018
387,0.327354,0.367796450853,1,0,24.9997329712
388,0.326996,0.365485906601,1,1,25.0491170883
389,0.327084,0.36678776145,0,0,25.006759882
390,0.327095,0.365423262119,0,1,25.0837419033
391,0.326775,0.367557585239,1,0,25.0058159828
392,0.326676,0.366411328316,1,0,24.9893960953
393,0.326244,0.366183012724,1,0,24.9545807838
394,0.326104,0.365613520145,1,0,25.0043401718
395,0.325758,0.365970373154,1,0,25.0001080036
396,0.325763,0.365957945585,0,0,25.0165607929
397,0.325817,0.365929722786,0,0,24.9889070988
398,0.325378,0.365684211254,1,0,24.9891760349
399,0.325414,0.36543777585,0,0,25.0026979446
400,0.325093,0.366960078478,1,0,25.020401001
401,0.324845,0.366444349289,1,0,24.7965788841
402,0.32475,0.364884525537,1,1,25.0201199055
403,0.324468,0.364528954029,1,1,25.0365180969
404,0.324278,0.36377158761,1,1,25.0431799889
405,0.324581,0.364682018757,0,0,25.0066840649
406,0.323875,0.364841938019,1,0,24.9831569195
407,0.323916,0.364795207977,0,0,24.9893438816
408,0.323554,0.363114446402,1,1,25.0392100811
409,0.323646,0.365549653769,0,0,25.0565268993
410,0.323632,0.364330112934,0,0,24.6966221333
411,0.322894,0.363187164068,1,0,24.7821919918
412,0.323663,0.364196628332,0,0,25.0123119354
413,0.322799,0.363153010607,1,0,24.9982349873
414,0.32276,0.364104121923,1,0,24.9985229969
415,0.322559,0.363528013229,1,0,25.0124108791
416,0.322556,0.363521099091,1,0,24.9362030029
417,0.322366,0.363658756018,1,0,25.0290608406
418,0.322413,0.36266285181,0,1,25.0511159897
419,0.321913,0.362044662237,1,1,25.041121006
420,0.321876,0.361443817616,1,1,25.052200079
421,0.321502,0.362632513046,1,0,25.0395610332
422,0.321495,0.361030310392,1,1,25.0595920086
423,0.321233,0.362672805786,1,0,24.9939889908
424,0.321413,0.361707121134,0,0,25.0035369396
425,0.320914,0.363012373447,1,0,24.9888160229
426,0.321079,0.36218854785,0,0,25.0071511269
427,0.320514,0.362056225538,1,0,24.9916231632
428,0.320707,0.361024230719,0,1,24.7269380093
429,0.320307,0.361860156059,1,0,24.6728160381
430,0.320125,0.362384438515,1,0,25.1825199127
431,0.320297,0.362720161676,0,0,24.7916591167
432,0.32012,0.360637515783,1,1,24.7013201714
433,0.319867,0.361144781113,1,0,24.8321170807
434,0.320039,0.361082524061,0,0,25.0040841103
435,0.319284,0.359946757555,1,1,25.0611329079
436,0.319445,0.361003875732,0,0,24.8943049908
437,0.318962,0.360746204853,1,0,25.0332729816
438,0.318899,0.361022144556,1,0,25.0299351215
439,0.318454,0.36031511426,1,0,25.0263190269
440,0.319409,0.360912740231,0,0,25.0188550949
441,0.318761,0.359806209803,0,1,25.0466241837
442,0.318572,0.360741525888,0,0,25.0778567791
443,0.318417,0.359247028828,1,1,25.0454339981
444,0.318281,0.359634369612,1,0,25.0397970676
445,0.318072,0.36013713479,1,0,25.0132780075
446,0.317791,0.358731538057,1,1,25.0719339848
447,0.317963,0.361424595118,0,0,25.0082640648
448,0.317637,0.35998287797,1,0,25.0268080235
449,0.317427,0.358570069075,1,1,25.0519239902
450,0.317179,0.360201209784,1,0,25.0105190277
451,0.317252,0.359357774258,0,0,24.7039928436
452,0.317262,0.360926896334,0,0,24.7279529572
453,0.31699,0.358931869268,1,0,24.8006811142
454,0.31676,0.357253730297,1,1,25.1077399254
455,0.316667,0.358137369156,1,0,25.0363008976
456,0.316507,0.358690679073,1,0,25.0489120483
457,0.316375,0.358783185482,1,0,25.0311660767
458,0.316305,0.358591884375,1,0,25.0011570454
459,0.315981,0.35790169239,1,0,25.0050680637
460,0.316215,0.356596171856,0,1,24.7718698978
461,0.315324,0.356596708298,1,0,24.749797821
462,0.31591,0.35834145546,0,0,24.7422540188
463,0.315534,0.357744365931,0,0,24.6450610161
464,0.31523,0.35738876462,1,0,24.6473200321
465,0.315451,0.35896229744,0,0,24.6433269978
466,0.315077,0.357976406813,1,0,25.0449399948
467,0.315065,0.357147753239,1,0,25.0156960487
468,0.314839,0.358119279146,1,0,24.999163866
469,0.314466,0.356043249369,1,1,25.0261068344
470,0.314836,0.35640874505,0,0,24.9855360985
471,0.314297,0.356301307678,1,0,24.9961249828
472,0.314617,0.357256084681,0,0,25.0066828728
473,0.31449,0.355801463127,0,1,25.0752549171
474,0.314,0.355557411909,1,1,24.855230093
475,0.314071,0.357005447149,0,0,24.7318949699
476,0.313912,0.356461107731,1,0,24.6893949509
477,0.313474,0.356415629387,1,0,24.6898560524
478,0.313598,0.357121616602,0,0,24.9248740673
479,0.313427,0.355051249266,1,1,25.2986791134
480,0.313309,0.355418264866,1,0,25.2196478844
481,0.312851,0.357110530138,1,0,24.7658019066
482,0.312891,0.354252249002,0,1,24.7025110722
483,0.313396,0.356810629368,0,0,24.7674729824
484,0.313083,0.354830145836,0,0,25.2409470081
485,0.312459,0.355375766754,1,0,24.7332999706
486,0.312621,0.35418048501,0,1,25.1787619591
487,0.312044,0.357273131609,1,0,25.2354929447
488,0.312442,0.354275465012,0,0,24.8244800568
489,0.311897,0.355581045151,1,0,24.6738550663
490,0.312346,0.354627907276,0,0,24.7310659885
491,0.311635,0.354823410511,1,0,25.0165879726
492,0.311883,0.355349719524,0,0,25.0319681168
493,0.311428,0.354782789946,1,0,24.9873259068
494,0.311638,0.353686720133,0,1,25.0680251122
495,0.311404,0.355032235384,1,0,25.0314910412
496,0.311342,0.355288177729,1,0,25.0103878975
497,0.311227,0.354794472456,1,0,25.0226340294
498,0.310935,0.35299667716,1,1,25.0664019585
499,0.311108,0.354189604521,0,0,25.0252740383
500,0.310714,0.353784769773,1,0,25.0135381222
501,0.310509,0.354560166597,1,0,25.0083169937
502,0.310645,0.353893458843,0,0,24.9925818443
503,0.310728,0.354642242193,0,0,25.0146379471
504,0.31056,0.35363227129,0,0,25.0630791187
505,0.309777,0.354306608438,1,0,25.0123958588
506,0.310025,0.354726880789,0,0,25.0066549778
507,0.310008,0.353653132915,0,0,24.9974038601
508,0.309896,0.35209646821,0,1,25.0164899826
509,0.309734,0.352478742599,1,0,24.6286790371
510,0.309689,0.351764023304,1,1,24.8015611172
511,0.30921,0.352025538683,1,0,25.151902914
512,0.309259,0.353510677814,0,0,25.2278079987
513,0.309318,0.353800922632,0,0,25.0843827724
514,0.309238,0.352659642696,0,0,25.2001788616
515,0.308627,0.352618277073,1,0,24.8193640709
516,0.308877,0.352604240179,0,0,25.0616130829
517,0.308849,0.354932248592,0,0,24.7537720203
518,0.308687,0.350624740124,0,1,24.6981160641
519,0.308377,0.352245181799,1,0,24.6553909779
520,0.30849,0.352470189333,0,0,24.7145881653
521,0.308439,0.353121489286,0,0,24.7355089188
522,0.308249,0.35181298852,1,0,24.6710379124
523,0.307697,0.351268470287,1,0,24.7359490395
524,0.307885,0.351870387793,0,0,24.651376009
525,0.307814,0.35176602006,0,0,25.1056559086
526,0.307336,0.351495832205,1,0,24.6734290123
527,0.307835,0.350993543863,0,0,24.9961948395
528,0.307821,0.350663542747,0,0,25.0015809536
529,0.307061,0.350083768368,1,1,25.0376830101
530,0.307281,0.35179322958,0,0,24.9940989017
531,0.307398,0.351028174162,0,0,25.0115458965
532,0.306537,0.349673986435,1,1,25.0643751621
533,0.307016,0.349795430899,0,0,25.0000488758
534,0.306578,0.350540488958,0,0,24.9951441288
535,0.306525,0.351009964943,1,0,25.0347599983
536,0.30658,0.352173686028,0,0,24.9805848598
537,0.306781,0.350252211094,0,0,24.9856939316
538,0.306068,0.350456535816,1,0,24.9967541695
539,0.306497,0.35133638978,0,0,24.995716095
540,0.305979,0.349621444941,1,1,25.0566680431
541,0.30573,0.351280033588,1,0,24.9978590012
542,0.305943,0.350650399923,0,0,24.7863309383
543,0.306025,0.350777715445,0,0,24.9274830818
544,0.30511,0.35036367178,1,0,24.7783591747
545,0.305628,0.350811630487,0,0,24.7157320976
546,0.305802,0.350353091955,0,0,24.6632740498
547,0.304945,0.35032877326,1,0,24.7231888771
548,0.305179,0.351216673851,0,0,24.6594450474
549,0.30496,0.349807709455,0,0,24.645428896
550,0.304905,0.34935644269,1,1,24.7862391472
551,0.305289,0.350959390402,0,0,24.6935269833
552,0.305036,0.348576933146,0,1,24.678689003
553,0.304443,0.349922537804,1,0,24.746186018
554,0.304617,0.348561882973,0,1,25.0238089561
555,0.304364,0.34952712059,1,0,24.9106040001
556,0.30447,0.349266260862,0,0,25.0670068264
557,0.304256,0.349579483271,1,0,24.9683830738
558,0.30395,0.347561597824,1,1,24.8359000683
559,0.303598,0.349052280188,1,0,24.7049269676
560,0.303637,0.349249958992,0,0,24.7133460045
561,0.303764,0.347749590874,0,0,24.654129982
562,0.303809,0.348825901747,0,0,24.7200939655
563,0.303709,0.349421083927,0,0,24.9005880356
564,0.303518,0.347722560167,1,0,24.8270330429
565,0.303128,0.347761332989,1,0,24.7062060833
566,0.303284,0.347442835569,0,1,25.0252411366
567,0.303136,0.347814083099,0,0,25.0730621815
568,0.302675,0.34768101573,1,0,24.7574570179
569,0.30307,0.348730832338,0,0,24.7185640335
570,0.302651,0.347473263741,1,0,24.7009320259
571,0.3026,0.346957296133,1,1,24.7703368664
572,0.302513,0.347723722458,1,0,24.6808691025
573,0.302698,0.347462952137,0,0,24.6658902168
574,0.302207,0.347451776266,1,0,24.6449580193
575,0.302144,0.349433451891,1,0,24.6900839806
576,0.302525,0.349589526653,0,0,24.9938960075
577,0.301862,0.346867918968,1,1,24.8199799061
578,0.301784,0.349255025387,1,0,24.9876439571
579,0.301677,0.347073048353,1,0,24.7581310272
580,0.301573,0.348161518574,1,0,24.6709251404
581,0.301831,0.346451252699,0,1,24.8465781212
582,0.3012,0.34765073657,1,0,24.7296829224
583,0.301252,0.34697291255,0,0,24.6944639683
584,0.30124,0.346522152424,0,0,24.6610310078
585,0.301014,0.346904247999,1,0,24.7101409435
586,0.301096,0.346500128508,0,0,24.782389164
587,0.301243,0.346580952406,0,0,25.0238850117
588,0.300575,0.345764964819,1,1,24.9987630844
589,0.300914,0.346582978964,0,0,24.9615161419
590,0.300698,0.347972154617,0,0,24.7725360394
591,0.300481,0.345388799906,1,1,24.8217411041
592,0.30031,0.346026808023,1,0,24.9804270267
593,0.300225,0.346599370241,1,0,24.7111439705
594,0.300352,0.345248311758,0,1,24.9474589825
595,0.299865,0.345487743616,1,0,24.9538459778
596,0.299895,0.346254765987,0,0,24.9724948406
597,0.299815,0.344622910023,1,1,24.8585269451
598,0.299703,0.345936954021,1,0,24.7743680477
599,0.299843,0.34515324235,0,0,24.7004411221
600,0.299503,0.345665127039,1,0,24.6617190838
601,0.299736,0.345358371735,0,0,24.6721470356
602,0.299074,0.345221012831,1,0,24.6406559944
603,0.299416,0.344805657864,0,0,24.6776049137
604,0.298997,0.344426214695,1,1,24.6883628368
605,0.298984,0.3450319767,1,0,24.9825332165
606,0.29902,0.345148891211,0,0,24.9789059162
607,0.298871,0.343677341938,1,1,25.0318548679
608,0.298463,0.345556408167,1,0,24.9887359142
609,0.298685,0.344366937876,0,0,24.9767549038
610,0.298606,0.343701988459,0,0,24.8807799816
611,0.298295,0.343910843134,1,0,24.9471671581
612,0.298198,0.344301044941,1,0,24.7482879162
613,0.298507,0.344492822886,0,0,24.7929592133
614,0.298077,0.344782680273,1,0,24.7951982021
615,0.297939,0.344534337521,1,0,24.789192915
616,0.297917,0.344256073236,1,0,24.675383091
617,0.298069,0.344457656145,0,0,24.7002010345
618,0.297752,0.343607187271,1,1,24.9017150402
619,0.297305,0.34313300252,1,1,24.827837944
620,0.297701,0.342695385218,0,1,24.9394030571
621,0.297644,0.345372796059,0,0,24.8530130386
622,0.297266,0.344143390656,1,0,24.8222038746
623,0.297237,0.343587726355,1,0,24.7743840218
624,0.296876,0.343417286873,1,0,24.8441228867
625,0.296784,0.343597263098,1,0,24.706209898
626,0.297082,0.344006896019,0,0,24.8268020153
627,0.297064,0.3430134058,0,0,24.8514640331
628,0.296824,0.341957688332,0,1,24.7859518528
629,0.296671,0.342917323112,1,0,24.8208429813
630,0.296505,0.343141555786,1,0,24.8880300522
631,0.296119,0.343208700418,1,0,24.6873419285
632,0.296482,0.342674434185,0,0,24.8934879303
633,0.295881,0.344446003437,1,0,24.7486901283
634,0.296267,0.342202275991,0,0,24.6524720192
635,0.296327,0.343014597893,0,0,24.6631228924
636,0.29569,0.34149903059,1,1,25.0536010265
637,0.295525,0.342656701803,1,0,24.997948885
638,0.295829,0.342731356621,0,0,24.7173769474
639,0.295814,0.344112694263,0,0,24.9730799198
640,0.295361,0.341448694468,1,1,24.9049100876
641,0.295415,0.342668294907,0,0,25.0048780441
642,0.295376,0.342829704285,0,0,24.7346827984
643,0.295111,0.340927064419,1,1,25.044066906
644,0.294972,0.342084646225,1,0,24.9054508209
645,0.295131,0.341946899891,0,0,24.8291349411
646,0.294822,0.34309232235,1,0,24.7294819355
647,0.294926,0.341887146235,0,0,24.7704870701
648,0.294568,0.341269880533,1,0,25.0112419128
649,0.294594,0.342600047588,0,0,24.9070219994
650,0.294718,0.341867476702,0,0,25.0254969597
651,0.294526,0.341134190559,1,0,24.7301080227
652,0.294139,0.341722726822,1,0,24.6855049133
653,0.294183,0.340498298407,0,1,24.7448320389
654,0.294107,0.342024475336,1,0,24.7575850487
655,0.293988,0.340180963278,1,1,24.7259588242
656,0.294157,0.341495633125,0,0,24.7256691456
657,0.29373,0.340924024582,1,0,24.6349818707
658,0.294066,0.340414613485,0,0,24.6596951485
659,0.293716,0.34089756012,1,0,24.6339020729
660,0.293544,0.341437757015,1,0,24.6938478947
661,0.293084,0.341596990824,1,0,24.6857581139
662,0.293427,0.340300112963,0,0,24.6871099472
663,0.293381,0.340893983841,0,0,24.6304450035
664,0.293265,0.341554284096,0,0,24.6402900219
665,0.293265,0.339856922626,0,1,24.71332407
666,0.292668,0.339767724276,1,1,24.833083868
667,0.292942,0.339145958424,0,1,25.0519089699
668,0.293034,0.339853703976,0,0,24.7270810604
669,0.292793,0.340333849192,0,0,24.6741120815
670,0.292403,0.341062754393,1,0,24.6643178463
671,0.292617,0.338997721672,0,1,25.0226149559
672,0.292645,0.339997112751,0,0,24.8367469311
673,0.29231,0.340807527304,1,0,24.7647430897
674,0.292193,0.339503198862,1,0,24.6549890041
675,0.292093,0.339479923248,1,0,24.6924781799
676,0.292153,0.339078962803,0,0,24.9536361694
677,0.291865,0.339563786983,1,0,24.8158540726
678,0.29166,0.338880717754,1,1,24.7122459412
679,0.291831,0.33891043067,0,0,24.7090220451
680,0.291493,0.339718461037,1,0,24.6641931534
681,0.291509,0.339721888304,0,0,24.6959068775
682,0.291635,0.339659810066,0,0,24.638903141
683,0.291143,0.339487761259,1,0,24.6559841633
684,0.291151,0.339015096426,0,0,24.6218950748
685,0.291375,0.339221477509,0,0,24.6619260311
686,0.291189,0.339644819498,0,0,24.6315639019
687,0.290955,0.33896908164,1,0,24.6807911396
688,0.291219,0.341600775719,0,0,24.6390638351
689,0.290689,0.338914066553,1,0,24.6661889553
690,0.290725,0.338162362576,0,1,24.7090399265
691,0.290646,0.338812679052,1,0,24.6923890114
692,0.290269,0.338816821575,1,0,24.9229869843
693,0.290798,0.338434696198,0,0,24.7611091137
694,0.290516,0.338564664125,0,0,24.7349419594
695,0.290363,0.338163435459,0,0,24.7355191708
696,0.290136,0.33818307519,1,0,24.9196560383
697,0.290334,0.338194787502,0,0,24.7741479874
698,0.290054,0.33772200346,1,1,24.6787309647
699,0.289827,0.337844669819,1,0,24.723690033
700,0.290181,0.338069498539,0,0,24.663807869
701,0.289479,0.338321089745,1,0,24.9706449509
702,0.289574,0.339874476194,0,0,24.8278729916
703,0.289732,0.337876260281,0,0,24.9505360126
704,0.289342,0.337084591389,1,1,24.9995059967
705,0.289178,0.337412685156,1,0,24.9190299511
706,0.290067,0.338278055191,0,0,24.793982029
707,0.289132,0.337242603302,1,0,24.9845738411
708,0.288825,0.337383747101,1,0,24.6802949905
709,0.289518,0.337397068739,0,0,24.6367077827
710,0.288796,0.33737641573,1,0,24.6521081924
711,0.288853,0.336518079042,0,1,24.6711690426
712,0.28888,0.338873773813,0,0,24.7175781727
713,0.288466,0.337171107531,1,0,24.7136771679
714,0.288755,0.336559832096,0,0,24.6347770691
715,0.288495,0.335849136114,0,1,24.7004220486
716,0.288536,0.337330162525,0,0,24.6627840996
717,0.288424,0.337451934814,1,0,24.6645810604
718,0.288202,0.336443454027,1,0,24.6582889557
719,0.2879,0.337039023638,1,0,24.6412949562
720,0.288313,0.336680322886,0,0,24.665282011
721,0.288412,0.336630135775,0,0,24.6666100025
722,0.28779,0.335916846991,1,0,24.6611950397
723,0.287812,0.336091667414,0,0,24.6905357838
724,0.287646,0.336228996515,1,0,24.7173469067
725,0.287314,0.336458265781,1,0,24.6612899303
726,0.287841,0.33570972085,0,1,24.7991042137
727,0.287514,0.336869686842,0,0,24.67223382
728,0.287744,0.335786819458,0,0,24.754971981
729,0.287536,0.341301620007,0,0,24.648127079
730,0.287533,0.336098045111,0,0,24.6581659317
731,0.2873,0.336587548256,1,0,24.6442289352
732,0.287072,0.334894806147,1,1,24.6938889027
733,0.287029,0.335798978806,1,0,24.7223730087
734,0.286565,0.335502386093,1,0,24.6423490047
735,0.286894,0.335400938988,0,0,24.6378901005
736,0.286718,0.335870325565,0,0,24.7906711102
737,0.286814,0.334755837917,0,1,24.7849919796
738,0.286269,0.335623443127,1,0,24.7072029114
739,0.286644,0.33568713069,0,0,24.6460921764
740,0.286366,0.33523017168,0,0,24.6696250439
741,0.286249,0.335458993912,1,0,24.660172224
742,0.286495,0.335643947124,0,0,24.6703510284
743,0.286476,0.335486739874,0,0,24.6576080322
744,0.286013,0.334481209517,1,1,24.7973220348
745,0.2857,0.334838658571,1,0,24.7008020878
746,0.285902,0.335154920816,0,0,24.7012610435
747,0.285945,0.334315091372,0,1,24.7072191238
748,0.28602,0.337126344442,0,0,24.7177219391
749,0.28561,0.33500212431,1,0,24.7314760685
750,0.2857,0.334526360035,0,0,24.958463192
751,0.285982,0.334478110075,0,0,24.7271130085
752,0.285312,0.334120333195,1,1,24.7121641636
753,0.285179,0.33288705349,1,1,24.9502780437
754,0.285097,0.334372788668,1,0,24.9165580273
755,0.285112,0.33476793766,0,0,24.7995009422
756,0.285193,0.33417108655,0,0,24.7054829597
757,0.284602,0.334076792002,1,0,24.6451618671
758,0.285355,0.334965109825,0,0,24.8833429813
759,0.285065,0.33379894495,0,0,24.7238340378
760,0.284351,0.333717286587,1,0,24.6876630783
761,0.28478,0.335247457027,0,0,24.7609548569
762,0.284937,0.335411131382,0,0,24.6388089657
763,0.284984,0.33435177803,0,0,24.666782856
764,0.284716,0.334007948637,0,0,24.6740028858
765,0.284232,0.335093617439,1,0,24.6702640057
766,0.284138,0.333974331617,1,0,24.6407949924
767,0.284027,0.334628492594,1,0,24.6587741375
768,0.284038,0.334444373846,0,0,24.6677250862
769,0.284442,0.334266513586,0,0,24.7111210823
770,0.283934,0.33334338665,1,0,24.9931089878
771,0.283988,0.333797633648,0,0,24.6807601452
772,0.283891,0.333947956562,1,0,24.7179269791
773,0.28404,0.333053916693,0,0,24.7194020748
774,0.283626,0.333630263805,1,0,24.6416618824
775,0.283634,0.33392944932,0,0,24.6819720268
776,0.283342,0.332741528749,1,1,24.7262589931
777,0.283866,0.333833396435,0,0,24.6731522083
778,0.283392,0.333804041147,0,0,24.6608579159
779,0.283151,0.332476735115,1,1,24.6810958385
780,0.283188,0.333769917488,0,0,24.97960186
781,0.283524,0.332221359015,0,1,24.7434689999
782,0.283353,0.33325651288,0,0,24.8949301243
783,0.282655,0.33432790637,1,0,24.6832900047
784,0.282818,0.332201510668,0,1,24.6671099663
785,0.282612,0.332727909088,1,0,25.0281040668
786,0.282832,0.333881467581,0,0,24.7235729694
787,0.282697,0.333465754986,0,0,24.7322249413
788,0.282677,0.331855386496,0,1,24.7548019886
789,0.282555,0.336352795362,1,0,24.9968080521
790,0.282872,0.331798791885,0,1,24.9012050629
791,0.282108,0.332178324461,1,0,24.9855351448
792,0.282763,0.332175761461,0,0,24.9597558975
793,0.282064,0.332591414452,1,0,24.9753849506
794,0.282013,0.333563923836,1,0,24.7993710041
795,0.282229,0.333348542452,0,0,24.6776740551
796,0.28192,0.332093298435,1,0,24.8018438816
797,0.282211,0.331314921379,0,1,24.6842889786
798,0.281871,0.332077234983,1,0,24.9899199009
799,0.282414,0.332262188196,0,0,24.8627889156
800,0.281368,0.33203676343,1,0,24.7419960499
801,0.281663,0.331400126219,0,0,24.7040610313
802,0.281318,0.332043886185,1,0,24.6929221153
803,0.281511,0.332492053509,0,0,24.6554579735
804,0.28124,0.331777244806,1,0,24.6552298069
805,0.28131,0.332394391298,0,0,24.9256939888
806,0.281449,0.331115961075,0,1,25.0158698559
807,0.281141,0.331442922354,1,0,24.8914399147
808,0.281217,0.331697613001,0,0,24.7119050026
809,0.281161,0.332444608212,0,0,24.7573730946
810,0.281004,0.331341952085,1,0,24.953854084
811,0.280847,0.331858962774,1,0,24.7858691216
812,0.28108,0.332454711199,0,0,24.7144169807
813,0.280746,0.331457585096,1,0,24.6947808266
814,0.280649,0.33057770133,1,1,24.7385289669
815,0.2808,0.330381959677,0,1,24.7683889866
816,0.280442,0.331053763628,1,0,24.742385149
817,0.280676,0.329945296049,0,1,25.0318119526
818,0.280219,0.331172257662,1,0,24.9939920902
819,0.280242,0.331325441599,0,0,24.7641699314
820,0.280198,0.330840289593,1,0,24.6286139488
821,0.280083,0.331624686718,1,0,24.744756937
822,0.279879,0.330717951059,1,0,24.6511800289
823,0.279715,0.331692159176,1,0,24.6586601734
824,0.280401,0.330044269562,0,0,24.6839230061
825,0.280076,0.330724596977,0,0,24.6306891441
826,0.279562,0.33212262392,1,0,24.9719789028
827,0.280372,0.330909401178,0,0,24.9829699993
828,0.27946,0.331466943026,1,0,24.8120648861
829,0.279465,0.32950809598,0,1,24.7535488605
830,0.279496,0.33232742548,0,0,24.8490970135
831,0.27987,0.332350254059,0,0,24.8463490009
832,0.279266,0.330289840698,1,0,24.7023510933
833,0.279264,0.330030322075,1,0,24.6453299522
834,0.278815,0.329999357462,1,0,24.9708189964
835,0.279099,0.331225633621,0,0,24.8621461391
836,0.279474,0.329898506403,0,0,24.99477005
837,0.278862,0.329919487238,0,0,24.752603054
838,0.279086,0.329963445663,0,0,24.6809880733
839,0.278477,0.330155164003,1,0,24.6594018936
840,0.278818,0.331094354391,0,0,24.6329410076
841,0.278585,0.328844219446,0,1,24.7314090729
842,0.279138,0.330568999052,0,0,24.7396140099
843,0.278565,0.329908311367,0,0,24.6613051891
844,0.278331,0.328700065613,1,1,25.0445518494
845,0.278158,0.330121457577,1,0,25.0028500557
846,0.278291,0.329812675714,0,0,24.9006710052
847,0.278523,0.330919265747,0,0,24.7182028294
848,0.278605,0.329422920942,0,0,24.7172029018
849,0.278345,0.329377800226,0,0,24.9702301025
850,0.277904,0.330064326525,1,0,24.7297990322
851,0.277908,0.328415751457,0,1,24.9779260159
852,0.278079,0.329669088125,0,0,24.7152700424
853,0.277873,0.328762292862,1,0,24.9669089317
854,0.277611,0.329048991203,1,0,24.8941340446
855,0.277461,0.328267872334,1,1,24.7424030304
856,0.277631,0.329404205084,0,0,24.9039061069
857,0.277892,0.330752104521,0,0,24.5991280079
858,0.277452,0.329270303249,1,0,25.0204601288
859,0.277409,0.329041659832,1,0,24.9391741753
860,0.27705,0.328810840845,1,0,24.8727109432
861,0.277199,0.328255534172,0,1,24.8566160202
862,0.278108,0.329028189182,0,0,24.6805820465
863,0.276837,0.328033655882,1,1,24.7523758411
864,0.277181,0.328938692808,0,0,24.7126030922
865,0.276855,0.329355031252,0,0,24.6457412243
866,0.276883,0.328038007021,0,0,24.6661801338
867,0.276935,0.329070538282,0,0,24.7554759979
868,0.277248,0.327692002058,0,1,24.712127924
869,0.276862,0.328143000603,0,0,24.7290480137
870,0.276085,0.328251719475,1,0,25.0140271187
871,0.276726,0.327918410301,0,0,24.9241759777
872,0.276438,0.327459186316,0,1,24.9187779427
873,0.276605,0.328148186207,0,0,24.8469541073
874,0.276411,0.327799141407,0,0,24.7622070312
875,0.276182,0.330081313848,0,0,24.6589789391
876,0.276549,0.32865947485,0,0,24.6370038986
877,0.276164,0.328386604786,0,0,24.6568548679
878,0.276043,0.328986078501,1,0,24.7131547928
879,0.276242,0.327426314354,0,1,24.739631176
880,0.275808,0.329151362181,1,0,24.6659948826
881,0.276362,0.327911704779,0,0,24.6471159458
882,0.275642,0.327083855867,1,1,24.7250359058
883,0.275902,0.328352749348,0,0,24.729943037
884,0.275905,0.327202260494,0,0,24.6472420692
885,0.275313,0.327016860247,1,1,25.0512571335
886,0.275373,0.327777177095,0,0,24.9521050453
887,0.275548,0.328051775694,0,0,24.9762358665
888,0.275633,0.326417505741,0,1,24.8213670254
889,0.275181,0.328342109919,1,0,25.0317599773
890,0.275277,0.327482968569,0,0,24.9223430157
891,0.275052,0.326818048954,1,0,24.7286679745
892,0.275153,0.327197998762,0,0,24.9042909145
893,0.275199,0.32852512598,0,0,24.8003458977
894,0.274761,0.326881706715,1,0,24.6673731804
895,0.275132,0.32636782527,0,1,24.997136116
896,0.274738,0.327839970589,1,0,24.8192591667
897,0.27468,0.325908482075,1,1,24.8253111839
898,0.274709,0.325787633657,0,1,25.0334348679
899,0.274857,0.327174127102,0,0,24.8129951954
900,0.275118,0.326964199543,0,0,24.6949551105
901,0.27447,0.326731801033,1,0,24.9009509087
902,0.274488,0.326999992132,0,0,24.9768099785
903,0.274208,0.327197492123,1,0,24.7677438259
904,0.274943,0.327199339867,0,0,24.6908140182
905,0.274369,0.326602071524,0,0,24.7439379692
906,0.274257,0.326380521059,0,0,25.0041210651
907,0.274011,0.327323317528,1,0,24.7335071564
908,0.273987,0.326724588871,1,0,24.9909980297
909,0.273932,0.326593756676,1,0,24.7213761806
910,0.273649,0.327671796083,1,0,24.705190897
911,0.273773,0.325581759214,0,1,24.6877338886
912,0.273903,0.32618033886,0,0,24.7219219208
913,0.273024,0.326375067234,1,0,24.642127037
914,0.274026,0.325446844101,0,1,25.0155179501
915,0.273512,0.326573431492,0,0,24.9829421043
916,0.273612,0.325586974621,0,0,25.0021951199
917,0.273255,0.326140612364,0,0,25.0162320137
918,0.27381,0.325611650944,0,0,24.7243628502
919,0.273223,0.32707631588,0,0,24.6338479519
920,0.273384,0.325619012117,0,0,24.6928648949
921,0.27321,0.326743245125,0,0,24.6260249615
922,0.272977,0.32767277956,1,0,24.6641290188
923,0.273085,0.324938207865,0,1,24.7098038197
924,0.272677,0.326821208,1,0,24.7828240395
925,0.273166,0.326418459415,0,0,24.6577599049
926,0.273641,0.32513999939,0,0,24.66355896
927,0.272616,0.325505614281,1,0,24.736481905
928,0.272662,0.325305402279,0,0,24.6358778477
929,0.272385,0.324366807938,1,1,24.7025649548
930,0.272616,0.32554975152,0,0,24.6362380981
931,0.272293,0.325468540192,1,0,24.6802828312
932,0.272333,0.32533660531,0,0,24.6612668037
933,0.272578,0.324366658926,0,1,24.678704977
934,0.272736,0.324981987476,0,0,24.7067849636
935,0.272049,0.325564265251,1,0,24.6373200417
936,0.27235,0.324532181025,0,0,24.986645937
937,0.271835,0.325970500708,1,0,24.9740540981
938,0.272216,0.325768649578,0,0,24.67922616
939,0.271836,0.325840085745,0,0,24.6893928051
940,0.271901,0.325278073549,0,0,24.648075819
941,0.27201,0.324614733458,0,0,24.804874897
942,0.27178,0.324211210012,1,1,24.731856823
943,0.271707,0.32424095273,1,0,24.6832859516
944,0.271509,0.326662093401,1,0,24.9879879951
945,0.271835,0.325172364712,0,0,24.8557350636
946,0.271658,0.32498690486,0,0,24.6615879536
947,0.27117,0.323745042086,1,1,24.7009110451
948,0.271678,0.324543625116,0,0,24.898252964
949,0.27112,0.324368059635,1,0,24.9769611359
950,0.271139,0.323777079582,0,0,24.6800320148
951,0.271365,0.324832648039,0,0,24.6713700294
952,0.271112,0.323858708143,1,0,24.6966309547
953,0.271017,0.324763268232,1,0,24.9145109653
954,0.270987,0.324570477009,1,0,25.0000638962
955,0.271436,0.323296040297,0,1,25.0020911694
956,0.270613,0.323977231979,1,0,24.9788870811
957,0.271029,0.324229001999,0,0,24.7658250332
958,0.270922,0.324688076973,0,0,24.8921561241
959,0.27074,0.323813557625,0,0,24.6223900318
960,0.270471,0.323948919773,1,0,24.6401798725
961,0.270666,0.324136674404,0,0,24.5644958019
962,0.270769,0.32536354661,0,0,24.5865797997
963,0.270589,0.324051856995,0,0,24.5794150829
964,0.271079,0.323830157518,0,0,24.5573420525
965,0.270216,0.323897004128,1,0,24.931401968
966,0.269743,0.323869436979,1,0,24.7546060085
967,0.270335,0.324977517128,0,0,24.6400780678
968,0.270135,0.323302209377,0,0,24.6642727852
969,0.270539,0.324675381184,0,0,24.9407711029
970,0.26997,0.323106318712,0,1,24.9952449799
971,0.270098,0.323050767183,0,1,25.0611360073
972,0.269878,0.324378579855,0,0,24.7293789387
973,0.269575,0.323102861643,1,0,24.8090848923
974,0.269857,0.323433965445,0,0,24.654348135
975,0.269825,0.323155850172,0,0,24.836714983
976,0.269881,0.323778003454,0,0,24.8396699429
977,0.269444,0.323584020138,1,0,24.7181069851
978,0.269258,0.323502480984,1,0,24.6508479118
979,0.269557,0.323061436415,0,0,24.9818468094
980,0.26911,0.323601156473,1,0,24.8965830803
981,0.269478,0.323030620813,0,1,24.9525609016
982,0.269537,0.323733836412,0,0,24.9859571457
983,0.269339,0.323251366615,0,0,25.0113461018
984,0.268953,0.324304878712,1,0,24.8451538086
985,0.269374,0.324075996876,0,0,24.8569478989
986,0.268702,0.322492390871,1,1,24.7740240097
987,0.269156,0.323226183653,0,0,24.8209209442
988,0.269178,0.321362197399,0,1,24.6952750683
989,0.268743,0.324007511139,0,0,24.7895128727
990,0.268545,0.323108047247,1,0,24.6412661076
991,0.268839,0.324214428663,0,0,24.6369869709
992,0.268841,0.323316156864,0,0,24.6956851482
993,0.268623,0.323691666126,0,0,24.6892158985
994,0.269227,0.323987424374,0,0,24.6468698978
995,0.268611,0.322524487972,0,0,24.6350021362
996,0.267994,0.322492152452,1,0,24.6378729343
997,0.268247,0.321937203407,0,0,24.6550898552
998,0.268365,0.3224606812,0,0,24.6659529209
999,0.268323,0.323301553726,0,0,24.6887938976
1000,0.268382,0.323240190744,0,0,24.6392509937
1001,0.268132,0.321763515472,0,0,24.6624319553
1002,0.268333,0.322015523911,0,0,24.7808589935
1003,0.268295,0.32254076004,0,0,24.7171289921
1004,0.267513,0.321650534868,1,0,24.6823251247
1005,0.268082,0.323118716478,0,0,24.6936330795
1006,0.267664,0.322487026453,0,0,24.6640338898
1007,0.267996,0.322069644928,0,0,24.9187068939
1008,0.267423,0.323023885489,1,0,24.9577999115
1009,0.267385,0.321609914303,1,0,24.7345468998
1010,0.267989,0.321751028299,0,0,24.9499549866
1011,0.267855,0.322320818901,0,0,24.6981699467
1012,0.267605,0.321794182062,0,0,24.6581189632
1013,0.267155,0.321776360273,1,0,24.6739652157
1014,0.267515,0.322432309389,0,0,24.7836430073
1015,0.267312,0.322064250708,0,0,24.6853539944
1016,0.267448,0.321267962456,0,1,24.7111301422
1017,0.267137,0.321980506182,1,0,24.8818190098
1018,0.267484,0.321256518364,0,1,24.9677147865
1019,0.266779,0.322510272264,1,0,24.9082560539
1020,0.266858,0.321907430887,0,0,24.7982671261
1021,0.266879,0.322402626276,0,0,24.7993299961
1022,0.267046,0.321214973927,0,1,24.7986397743
1023,0.267375,0.321562975645,0,0,24.95144701
1024,0.266649,0.322113782167,1,0,24.8550438881
1025,0.266536,0.321179032326,1,1,24.9324769974
1026,0.267017,0.320903629065,0,1,24.784965992
1027,0.266506,0.321133494377,1,0,24.7043938637
1028,0.266507,0.321892052889,0,0,24.6991090775
1029,0.26657,0.321186721325,0,0,24.6408088207
1030,0.266374,0.321772128344,1,0,24.6900570393
1031,0.266773,0.321456283331,0,0,24.6268429756
1032,0.266527,0.320669829845,0,1,24.7958450317
1033,0.265964,0.320367544889,1,1,24.8777389526
1034,0.266159,0.320028632879,0,1,24.7620368004
1035,0.266326,0.321082621813,0,0,24.9275181293
1036,0.26591,0.320151269436,1,0,24.7320621014
1037,0.265913,0.320439964533,0,0,24.8068900108
1038,0.265965,0.322665005922,0,0,24.7784211636
1039,0.265969,0.319627225399,0,1,24.6995670795
1040,0.265654,0.323110610247,1,0,24.7130100727
1041,0.265914,0.321890175343,0,0,24.6503670216
1042,0.266045,0.32012796402,0,0,24.6730051041
1043,0.265464,0.320568859577,1,0,24.6570749283
1044,0.265348,0.320450842381,1,0,24.6597499847
1045,0.265664,0.320339113474,0,0,24.7960119247
1046,0.265631,0.321934372187,0,0,24.7680568695
1047,0.265141,0.319535791874,1,1,24.7748420238
1048,0.265839,0.319790810347,0,0,24.8514909744
1049,0.265652,0.320090502501,0,0,24.872025013
1050,0.264709,0.320770561695,1,0,24.7048211098
1051,0.265425,0.322008699179,0,0,25.1347329617
1052,0.266032,0.321387588978,0,0,24.7991821766
1053,0.264822,0.321777880192,0,0,24.6318099499
1054,0.265245,0.32063755393,0,0,24.7969031334
1055,0.265,0.320217877626,0,0,24.662419796
1056,0.264931,0.320954501629,0,0,24.7759587765
1057,0.264481,0.320720881224,1,0,25.0271379948
1058,0.265025,0.319177031517,0,1,24.7672629356
1059,0.264308,0.320007354021,1,0,24.733850956
1060,0.265348,0.320378899574,0,0,24.6559431553
1061,0.264594,0.320115357637,0,0,24.6854000092
1062,0.264591,0.322087973356,0,0,24.6617510319
1063,0.264661,0.321854948997,0,0,24.6469600201
1064,0.264691,0.320740282536,0,0,24.6248700619
1065,0.264841,0.320414721966,0,0,24.6321971416
1066,0.264275,0.320572465658,1,0,24.6691269875
1067,0.264154,0.319640934467,1,0,24.6620080471
1068,0.26432,0.319772511721,0,0,24.6590499878
1069,0.264255,0.319281816483,0,0,24.7203412056
1070,0.264244,0.319188058376,0,0,25.0010328293
1071,0.263987,0.318897783756,1,1,24.9424431324
1072,0.263977,0.319520950317,1,0,24.9441969395
1073,0.264048,0.320247530937,0,0,24.716176033
1074,0.264139,0.319854557514,0,0,24.6972529888
1075,0.263595,0.31951636076,1,0,24.6538619995
1076,0.264742,0.322133362293,0,0,24.666105032
1077,0.263979,0.32059982419,0,0,24.6698420048
1078,0.263442,0.320068031549,1,0,24.6606910229
1079,0.263456,0.319980323315,0,0,24.6823480129
1080,0.263687,0.320845097303,0,0,24.6616299152
1081,0.263432,0.320707201958,1,0,24.6618990898
1082,0.263537,0.319193154573,0,0,31.175757885
1083,0.26375,0.319388359785,0,0,41.6981198788
1084,0.26376,0.320790350437,0,0,27.0252048969
1085,0.263244,0.320114225149,1,0,24.7187991142
1086,0.263541,0.319020658731,0,0,24.6495389938
1087,0.263138,0.319860488176,1,0,24.6400289536
1088,0.263337,0.319122374058,0,0,24.6594259739
1089,0.263089,0.320498198271,1,0,24.9921400547
1090,0.262774,0.318652391434,1,1,24.7690658569
1091,0.263852,0.3187251091,0,0,24.9859449863
1092,0.26268,0.319226026535,1,0,25.0087220669
1093,0.263057,0.3190959692,0,0,24.849011898
1094,0.262797,0.319261342287,0,0,24.7451732159
1095,0.262817,0.320016294718,0,0,24.6246459484
1096,0.262365,0.318074256182,1,1,24.6878688335
1097,0.262881,0.31849566102,0,0,24.6939640045
1098,0.262341,0.319351911545,1,0,24.6490941048
1099,0.262665,0.319651961327,0,0,24.954529047
1100,0.262598,0.318987488747,0,0,24.7389760017
1101,0.262911,0.319050759077,0,0,24.6512491703
1102,0.262347,0.318575650454,0,0,24.9859359264
1103,0.2627,0.319208353758,0,0,24.8242149353
1104,0.262333,0.317948848009,1,1,24.7390508652
1105,0.262492,0.31860512495,0,0,24.9879209995
1106,0.262363,0.318888604641,0,0,24.7376148701
1107,0.262314,0.319456785917,1,0,24.6277279854
1108,0.261946,0.318604022264,1,0,24.9941020012
1109,0.262276,0.318891346455,0,0,24.7424821854
1110,0.262175,0.319130033255,0,0,41.5725109577
1111,0.261973,0.318127125502,0,0,33.4419188499
1112,0.262061,0.31938201189,0,0,24.6822111607
1113,0.261651,0.319243371487,1,0,24.9372849464
1114,0.262862,0.318255394697,0,0,24.9604439735
1115,0.261815,0.318839460611,0,0,24.8127150536
1116,0.261809,0.317918002605,0,1,24.6963088512
1117,0.261618,0.319161593914,1,0,24.7118999958
1118,0.261568,0.318137019873,1,0,24.6752769947
1119,0.261754,0.317316919565,0,1,24.7613470554
1120,0.26171,0.317495375872,0,0,24.9899768829
1121,0.261423,0.317738980055,1,0,24.7701151371
1122,0.261168,0.317415982485,1,0,24.7134900093
1123,0.26151,0.318368524313,0,0,24.7789268494
1124,0.26183,0.318268090487,0,0,24.8856930733
1125,0.261006,0.318300426006,1,0,24.737708807
1126,0.261393,0.319182664156,0,0,24.8104338646
1127,0.261259,0.318529009819,0,0,24.6794888973
1128,0.261049,0.318313002586,0,0,24.8098099232
1129,0.261242,0.318417191505,0,0,24.7244470119
1130,0.261063,0.317599177361,0,0,24.7268519402
1131,0.26079,0.317271471024,1,1,24.8730330467
1132,0.260952,0.319031327963,0,0,24.7310881615
1133,0.260842,0.318331956863,0,0,24.7800838947
1134,0.261055,0.317807674408,0,0,24.6787998676
1135,0.261223,0.317435383797,0,0,24.6680269241
1136,0.26041,0.318441331387,1,0,24.642496109
1137,0.260815,0.317848324776,0,0,24.6548249722
1138,0.260535,0.318758368492,0,0,24.7098710537
1139,0.260919,0.323015928268,0,0,24.7121560574
1140,0.260911,0.32121014595,0,0,24.6506559849
1141,0.260658,0.317170232534,0,1,24.7070178986
1142,0.260266,0.317836880684,1,0,24.7809369564
1143,0.260189,0.317807465792,1,0,24.633441925
1144,0.26063,0.318727582693,0,0,24.6342899799
1145,0.260433,0.318780511618,0,0,24.6597139835
1146,0.26037,0.317296743393,0,0,24.6350069046
1147,0.260336,0.319699883461,0,0,24.6370768547
1148,0.260099,0.317133843899,1,1,24.7280678749
1149,0.260269,0.31703427434,0,1,24.7721111774
1150,0.261623,0.316619127989,0,1,24.7027699947
1151,0.259731,0.317574054003,1,0,24.6651408672
1152,0.260032,0.317163407803,0,0,24.6394839287
1153,0.259787,0.31644269824,0,1,24.6771829128
1154,0.259739,0.31644615531,0,0,24.6649401188
1155,0.260441,0.317165732384,0,0,24.6296460629
1156,0.259461,0.317404359579,1,0,24.6358067989
1157,0.259945,0.317436039448,0,0,24.7239289284
1158,0.259569,0.317980200052,0,0,24.6589298248
1159,0.259434,0.317271620035,1,0,24.7397880554
1160,0.259814,0.315909862518,0,1,24.7037990093
1161,0.259326,0.318412899971,1,0,24.8094489574
1162,0.259703,0.317336827517,0,0,24.6284079552
1163,0.259089,0.316810667515,1,0,24.6531281471
1164,0.259737,0.316798508167,0,0,24.6462638378
1165,0.259226,0.31688144803,0,0,24.8672652245
1166,0.259236,0.317646563053,0,0,24.7357771397
1167,0.259269,0.317756921053,0,0,24.698086977
1168,0.259429,0.318806946278,0,0,24.6300070286
1169,0.259412,0.31749856472,0,0,24.8405418396
1170,0.258848,0.316521346569,1,0,24.8439471722
1171,0.260145,0.315982699394,0,0,24.8990521431
1172,0.258862,0.315876632929,0,1,24.8762049675
1173,0.259102,0.31653252244,0,0,24.7829470634
1174,0.258998,0.316419929266,0,0,24.6570570469
1175,0.259099,0.317463070154,0,0,24.6360480785
1176,0.258986,0.316026240587,0,0,25.0032749176
1177,0.258609,0.316778928041,1,0,24.8079299927
1178,0.258665,0.316852986813,0,0,24.7625770569
1179,0.258816,0.316887140274,0,0,24.6540291309
1180,0.258665,0.316514104605,0,0,24.6476998329
1181,0.25836,0.316658318043,1,0,24.6723539829
1182,0.258956,0.317117661238,0,0,24.6650118828
1183,0.258331,0.316088318825,1,0,25.4490120411
1184,0.258292,0.317017555237,1,0,29.6930458546
1185,0.258397,0.316826045513,0,0,24.9547610283
1186,0.258305,0.316195905209,0,0,24.9040532112
1187,0.258261,0.316475600004,1,0,24.730437994
1188,0.258551,0.316244453192,0,0,24.6435580254
1189,0.258406,0.315992176533,0,0,24.743241787
1190,0.257989,0.316797673702,1,0,36.1162950993
1191,0.25841,0.315756142139,0,1,38.9076280594
1192,0.258095,0.317211955786,0,0,24.6919109821
1193,0.257807,0.314919829369,1,1,24.6771380901
1194,0.257859,0.315964877605,0,0,24.76177001
1195,0.257945,0.317917138338,0,0,24.9211750031
1196,0.258093,0.317111194134,0,0,24.7204940319
1197,0.258088,0.317164242268,0,0,24.8380000591
1198,0.257843,0.315590322018,0,0,28.0168249607
1199,0.257552,0.316308498383,1,0,79.9040958881
1200,0.257741,0.31552284956,0,0,64.442688942
1201,0.257762,0.316823810339,0,0,88.8398339748
1202,0.258531,0.315956324339,0,0,64.1152379513
1203,0.257318,0.315681397915,1,0,88.9147379398
1204,0.257292,0.316246509552,1,0,63.8899180889
1205,0.257678,0.314946949482,0,0,83.5034689903
1206,0.257665,0.315982550383,0,0,69.356482029
1207,0.257579,0.315631449223,0,0,72.4947397709
1208,0.257404,0.315021455288,0,0,80.043145895
1209,0.257314,0.315361082554,0,0,63.6762869358
1210,0.257468,0.316557437181,0,0,88.7986650467
1211,0.257097,0.315406829119,1,0,63.6438970566
1212,0.257178,0.315087765455,0,0,89.2220671177
1213,0.257787,0.316241770983,0,0,63.7976381779
1214,0.25694,0.315760940313,1,0,84.415569067
1215,0.257237,0.314885675907,0,1,68.7826712132
1216,0.256549,0.316426426172,1,0,73.144010067
1217,0.2572,0.315418750048,0,0,80.4433441162
1218,0.256703,0.316342562437,0,0,63.84030509
1219,0.257268,0.31441822648,0,1,88.9215140343
1220,0.256615,0.314875632524,0,0,63.7668199539
1221,0.256947,0.31517881155,0,0,88.9577760696
1222,0.25695,0.315052121878,0,0,63.617590189
1223,0.256339,0.315310746431,1,0,84.1887440681
1224,0.256503,0.316281527281,0,0,68.3943119049
1225,0.256826,0.315564781427,0,0,73.321958065
1226,0.256818,0.316251546144,0,0,78.7798278332
1227,0.256742,0.316248178482,0,0,63.5152161121
1228,0.257445,0.314776927233,0,0,88.7673611641
1229,0.256168,0.314779669046,1,0,63.2463579178
1230,0.256297,0.315404087305,0,0,88.8007740974
1231,0.256276,0.31529250741,0,0,63.322357893
1232,0.255925,0.314867913723,1,0,86.7758951187
1233,0.256436,0.315004497766,0,0,65.4916050434
1234,0.2565,0.315808743238,0,0,76.0043981075
1235,0.256202,0.315334647894,0,0,71.3429839611
1236,0.256236,0.316038131714,0,0,70.1298539639
1237,0.256088,0.314988672733,0,0,83.6986758709
1238,0.256029,0.314100801945,0,1,63.9535629749
1239,0.256054,0.31560921669,0,0,88.8232579231
1240,0.255619,0.315431058407,1,0,62.0881781578
1241,0.256024,0.315195530653,0,0,88.6959018707
1242,0.256492,0.315325260162,0,0,62.7958519459
1243,0.255781,0.314205110073,0,0,83.2796571255
1244,0.255922,0.315231531858,0,0,68.1127188206
1245,0.255674,0.315149009228,0,0,73.4747989178
1246,0.256015,0.315090686083,0,0,78.9713160992
1247,0.255551,0.3146520257,1,0,43.3094809055
1248,0.256032,0.314068615437,0,1,24.8437011242
1249,0.255378,0.316179871559,1,0,24.8139219284
1250,0.255742,0.313749790192,0,1,24.8865220547
1251,0.255493,0.315383464098,0,0,24.8182168007
1252,0.255548,0.314599722624,0,0,24.8603508472
1253,0.255367,0.314382851124,1,0,24.6833500862
1254,0.255494,0.315200299025,0,0,24.7022500038
1255,0.25531,0.314382255077,1,0,24.7162759304
1256,0.255146,0.315467566252,1,0,24.6706860065
1257,0.255625,0.314166277647,0,0,24.8193891048
1258,0.255257,0.314739406109,0,0,24.7536740303
1259,0.254918,0.313530087471,1,1,24.8769278526
1260,0.255312,0.31606054306,0,0,24.9526350498
1261,0.256423,0.313733398914,0,0,24.730754137
1262,0.254647,0.313277721405,1,1,24.7825219631
1263,0.254749,0.315512537956,0,0,24.9368550777
1264,0.255062,0.313399106264,0,0,24.8907368183
1265,0.255023,0.314481675625,0,0,24.6919121742
1266,0.254882,0.313804656267,0,0,24.9852340221
1267,0.254752,0.314321577549,0,0,24.8114209175
1268,0.254823,0.313999056816,0,0,24.7588028908
1269,0.254468,0.314310461283,1,0,24.975869894
1270,0.255198,0.31591039896,0,0,25.0007340908
1271,0.254931,0.312600851059,0,1,24.9615108967
1272,0.254616,0.314020127058,0,0,24.932295084
1273,0.254224,0.31523412466,1,0,24.9501960278
1274,0.254455,0.313919275999,0,0,24.743213892
1275,0.254379,0.315717309713,0,0,24.9958350658
1276,0.254774,0.313813000917,0,0,24.7304880619
1277,0.254529,0.313494026661,0,0,24.7704617977
1278,0.254591,0.315351635218,0,0,24.6518321037
1279,0.254457,0.313614279032,0,0,24.6698291302
1280,0.254192,0.31572663784,1,0,24.6688961983
1281,0.254372,0.313843011856,0,0,24.667771101
1282,0.254876,0.313046216965,0,0,24.6681029797
1283,0.254006,0.314433336258,1,0,24.6715607643
1284,0.254517,0.313640415668,0,0,24.6398949623
1285,0.253958,0.315823793411,1,0,47.3400158882
1286,0.254245,0.313272535801,0,0,86.5450029373
1287,0.253578,0.313346087933,1,0,70.1191411018
1288,0.254205,0.314771562815,0,0,85.1565868855
1289,0.253868,0.313822627068,0,0,72.2881720066
1290,0.253867,0.314431816339,0,0,81.9913799763
1291,0.255479,0.312873840332,0,0,78.6106541157
1292,0.253637,0.31280168891,0,0,77.3347709179
1293,0.253377,0.315552592278,1,0,83.6288080215
1294,0.253977,0.314252823591,0,0,72.6942868233
1295,0.253617,0.31408059597,0,0,87.2260410786
1296,0.253648,0.314480781555,0,0,71.0853700638
1297,0.253865,0.312585145235,0,1,85.7977800369
1298,0.253598,0.312499940395,0,1,71.1407899857
1299,0.253402,0.314159303904,0,0,85.5358240604
1300,0.253653,0.312603354454,0,0,70.6905691624
1301,0.25339,0.313034951687,0,0,85.5724010468
1302,0.253415,0.314149141312,0,0,70.7160420418
1303,0.253422,0.314349204302,0,0,86.1184909344
1304,0.253322,0.314077347517,1,0,71.7222700119
1305,0.254263,0.313646614552,0,0,86.5327620506
1306,0.252958,0.313904553652,1,0,72.0036289692
1307,0.253261,0.312684774399,0,0,86.4728059769
1308,0.253228,0.313354671001,0,0,72.1439268589
1309,0.253775,0.31299200654,0,0,87.397133112
1310,0.253024,0.31340071559,0,0,72.8373770714
1311,0.25302,0.31293964386,0,0,87.1425249577
1312,0.253113,0.313198179007,0,0,73.0464470387
1313,0.253107,0.313861429691,0,0,86.1512000561
1314,0.252953,0.313092291355,1,0,75.6871800423
1315,0.252822,0.31361374259,1,0,83.2649610043
1316,0.253249,0.313133239746,0,0,78.6301419735
1317,0.252532,0.314176052809,1,0,80.9214639664
1318,0.253285,0.312480002642,0,1,81.0759289265
1319,0.252416,0.313610196114,1,0,77.8807580471
1320,0.252913,0.312172323465,0,1,83.8918750286
1321,0.253133,0.312618106604,0,0,75.071199894
1322,0.253568,0.313184291124,0,0,86.5810060501
1323,0.252637,0.312496066093,0,0,71.8791098595
1324,0.252381,0.311597049236,1,1,87.648706913
1325,0.252414,0.312316954136,0,0,70.7572648525
1326,0.252651,0.31347951293,0,0,87.6731300354
1327,0.252717,0.312430948019,0,0,70.3549809456
1328,0.25212,0.313634574413,1,0,87.4800760746
1329,0.2524,0.312153965235,0,0,70.1446409225
1330,0.252622,0.312126010656,0,0,87.2953560352
1331,0.252205,0.312564909458,0,0,70.3324029446
1332,0.2523,0.313076585531,0,0,87.3491230011
1333,0.253159,0.312483727932,0,0,70.3533511162
1334,0.251842,0.312498837709,1,0,87.2925610542
1335,0.252029,0.312120586634,0,0,70.4286649227
1336,0.252408,0.312571913004,0,0,87.3348197937
1337,0.251986,0.312861829996,0,0,70.646365881
1338,0.252275,0.312993198633,0,0,87.087761879
1339,0.252196,0.312184929848,0,0,70.4238820076
1340,0.251784,0.312778621912,1,0,87.326387167
1341,0.252161,0.311916828156,0,0,74.2082588673
1342,0.25197,0.312172442675,0,0,83.8312141895
1343,0.252019,0.313358068466,0,0,77.5654079914
1344,0.252267,0.311613947153,0,0,79.9657211304
1345,0.251697,0.31123521924,1,1,81.3841021061
1346,0.251792,0.313609480858,0,0,76.1857690811
1347,0.251491,0.312011986971,1,0,85.1500639915
1348,0.251942,0.312853306532,0,0,72.427464962
1349,0.25187,0.311972200871,0,0,87.1599371433
1350,0.251744,0.312520951033,0,0,70.1349158287
1351,0.251822,0.312185764313,0,0,87.5205729008
1352,0.251295,0.31209269166,1,0,69.7963271141
1353,0.251511,0.312459886074,0,0,87.3533308506
1354,0.25172,0.312456071377,0,0,69.7029080391
1355,0.25184,0.312859356403,0,0,87.1116349697
1356,0.251263,0.312307029963,1,0,70.4877738953
1357,0.251621,0.312446326017,0,0,87.2895429134
1358,0.251055,0.312138944864,1,0,70.2581238747
1359,0.251269,0.312335669994,0,0,87.3036870956
1360,0.251288,0.312869429588,0,0,70.3109807968
1361,0.25112,0.31310915947,0,0,87.1688718796
1362,0.251047,0.312034726143,1,0,70.3881649971
1363,0.251433,0.311471700668,0,0,87.0695199966
1364,0.251817,0.31127846241,0,0,71.1425590515
1365,0.250756,0.311144828796,1,1,87.003964901
1366,0.253174,0.310383588076,0,1,74.5186049938
1367,0.250975,0.312346816063,0,0,83.4778821468
1368,0.250671,0.311882197857,1,0,77.9429659843
1369,0.250781,0.312431663275,0,0,80.0178179741
1370,0.250838,0.313191473484,0,0,81.1511991024
1371,0.250849,0.311772733927,0,0,76.293061018
1372,0.250949,0.312235563993,0,0,85.2180240154
1373,0.250705,0.312655597925,0,0,72.9948549271
1374,0.250739,0.312383294106,0,0,88.3472001553
1375,0.250763,0.312382608652,0,0,69.7520999908
1376,0.250889,0.312829434872,0,0,88.2816991806
1377,0.250932,0.311087489128,0,0,70.0104110241
1378,0.250566,0.312533318996,1,0,88.519562006
1379,0.250903,0.313906013966,0,0,69.6891589165
1380,0.250167,0.312163263559,1,0,87.9603579044
1381,0.251399,0.31130695343,0,0,70.0488021374
1382,0.250285,0.310927271843,0,0,88.3459289074
1383,0.25038,0.311177462339,0,0,69.9652149677
1384,0.250042,0.312538057566,1,0,88.107735157
1385,0.250402,0.311698019505,0,0,69.6617660522
1386,0.251062,0.310751736164,0,0,87.4563360214
1387,0.250099,0.311322361231,0,0,69.5885350704
1388,0.25046,0.311081171036,0,0,87.5344648361
1389,0.250048,0.311816185713,0,0,69.9743690491
1390,0.250115,0.310720145702,0,0,87.4424271584
1391,0.250518,0.311883062124,0,0,70.5994849205
1392,0.249982,0.311608821154,1,0,85.9890069962
1393,0.249875,0.311614632607,1,0,75.511785984
1394,0.249857,0.311963915825,1,0,82.8289570808
1395,0.250418,0.311104208231,0,0,78.6119301319
1396,0.249952,0.311370998621,0,0,78.371874094
1397,0.249843,0.311421751976,1,0,82.9519510269
1398,0.250023,0.312705516815,0,0,74.3317182064
1399,0.250031,0.31133711338,0,0,86.9910230637
1400,0.250063,0.311470627785,0,0,70.6463398933
1401,0.249788,0.311119258404,1,0,87.5352950096
1402,0.249949,0.314604222775,0,0,69.7381310463
1403,0.249872,0.311066180468,0,0,87.3431830406
1404,0.249463,0.311896175146,1,0,69.7443830967
1405,0.252288,0.309806972742,0,1,87.1022830009
1406,0.2493,0.310754567385,1,0,69.7592408657
1407,0.249232,0.310950875282,1,0,87.348993063
1408,0.249821,0.315084993839,0,0,69.4953119755
1409,0.249522,0.311406880617,0,0,87.344201088
1410,0.24929,0.312089145184,0,0,70.0347931385
1411,0.24952,0.311470657587,0,0,87.3273928165
1412,0.249118,0.311080187559,1,0,69.3538928032
1413,0.249475,0.311796754599,0,0,88.170689106
1414,0.249438,0.311255007982,0,0,69.5285949707
1415,0.24919,0.311960786581,0,0,87.7839081287
1416,0.250463,0.311073958874,0,0,73.5211851597
1417,0.249183,0.310353130102,0,0,84.9603941441
1418,0.248738,0.310334920883,1,0,76.3905661106
1419,0.249372,0.31186029315,0,0,80.9019420147
1420,0.249447,0.31157553196,0,0,80.558932066
1421,0.249113,0.311579495668,0,0,77.3275299072
1422,0.248837,0.310258150101,0,0,84.143091917
1423,0.249435,0.311222136021,0,0,72.4672961235
1424,0.248908,0.311589330435,0,0,88.1719820499
1425,0.248959,0.310586124659,0,0,69.6144721508
1426,0.249036,0.309980422258,0,0,88.2627189159
1427,0.248875,0.312023609877,0,0,69.7835080624
1428,0.249177,0.309958338737,0,0,87.1869108677
1429,0.24868,0.31198400259,1,0,69.5773348808
1430,0.248542,0.311557531357,1,0,87.2461299896
1431,0.249376,0.311049222946,0,0,69.8709218502
1432,0.248888,0.311392754316,0,0,87.3125162125
1433,0.248871,0.311255514622,0,0,69.975880146
1434,0.248782,0.311187982559,0,0,87.1998069286
1435,0.248588,0.310249984264,0,0,69.6791510582
1436,0.248853,0.310437440872,0,0,87.289839983
1437,0.248384,0.310422420502,1,0,67.5419149399
1438,0.248639,0.310583651066,0,0,86.9700908661
1439,0.248422,0.309949994087,0,0,72.694849968
1440,0.248615,0.311098456383,0,0,84.3304140568
1441,0.248507,0.311304628849,0,0,76.9490828514
1442,0.248292,0.31059345603,1,0,80.3465249538
1443,0.248538,0.312369644642,0,0,80.9312360287
1444,0.248351,0.310782819986,0,0,76.1019968987
1445,0.248162,0.311020821333,1,0,85.1688599586
1446,0.248354,0.309841513634,0,0,72.2657399178
1447,0.248489,0.31020373106,0,0,87.3801870346
1448,0.248277,0.311241596937,0,0,69.1279211044
1449,0.248646,0.30993822217,0,0,88.3524949551
1450,0.247891,0.310246258974,1,0,69.4729349613
1451,0.248476,0.310364663601,0,0,88.056882143
1452,0.248437,0.310380071402,0,0,69.5799920559
1453,0.248153,0.310772448778,0,0,87.6427698135
1454,0.247429,0.311045825481,1,0,69.7555971146
1455,0.248037,0.311685442924,0,0,87.2499670982
1456,0.248073,0.311085522175,0,0,70.018723011
1457,0.248015,0.311525046825,0,0,86.9939599037
1458,0.248119,0.309492170811,0,1,69.8003270626
1459,0.24792,0.310679614544,0,0,87.1851599216
1460,0.247766,0.310452073812,0,0,69.6079368591
1461,0.248365,0.314049601555,0,0,87.172590971
1462,0.247907,0.309313446283,0,1,72.2734498978
1463,0.247729,0.310090065002,0,0,84.7915740013
1464,0.247364,0.31014418602,1,0,76.5727081299
1465,0.247662,0.310802102089,0,0,80.6226921082
1466,0.250112,0.307991296053,0,1,80.620579958
1467,0.247349,0.310258358717,1,0,76.2147548199
1468,0.247356,0.310456037521,0,0,85.2396321297
1469,0.247359,0.310002118349,0,0,72.2671029568
1470,0.247603,0.310832858086,0,0,88.5704071522
1471,0.247214,0.309840083122,1,0,69.9583990574
1472,0.247559,0.310501307249,0,0,88.483109951
1473,0.247509,0.310901790857,0,0,69.6408441067
1474,0.24741,0.309216111898,0,0,88.5319080353
1475,0.247483,0.311486423016,0,0,69.4547820091
1476,0.247106,0.310408115387,1,0,88.3793370724
1477,0.247906,0.308917135,0,0,69.2038938999
1478,0.247289,0.309807181358,0,0,87.5278921127
1479,0.246882,0.309876382351,1,0,69.0186851025
1480,0.24735,0.310122281313,0,0,87.5846781731
1481,0.247104,0.310251444578,0,0,69.9138212204
1482,0.247286,0.30886554718,0,0,88.3593599796
1483,0.247021,0.310578227043,0,0,69.7169129848
1484,0.246993,0.310155540705,0,0,87.232198
1485,0.247267,0.30963537097,0,0,69.7403690815
1486,0.246992,0.309846192598,0,0,87.1609771252
1487,0.247418,0.31035682559,0,0,73.2094900608
1488,0.246716,0.311837822199,1,0,83.7984991074
1489,0.24693,0.310027062893,0,0,77.5631818771
1490,0.246793,0.310189962387,0,0,79.2379760742
1491,0.247068,0.310106635094,0,0,82.1049399376
1492,0.247139,0.30981117487,0,0,74.9781899452
1493,0.246867,0.31067892909,0,0,86.3155901432
1494,0.246814,0.308244466782,0,0,70.7392680645
1495,0.246301,0.309505522251,1,0,87.607227087
1496,0.246797,0.313477903605,0,0,70.113722086
1497,0.247084,0.309931904078,0,0,87.2370128632
1498,0.246695,0.310337454081,0,0,69.5969600677
1499,0.246517,0.309540420771,0,0,87.3559169769
1500,0.246384,0.309214621782,0,0,69.6931080818
1501,0.246757,0.308510780334,0,0,88.1968719959
1502,0.246485,0.309740543365,0,0,69.7095520496
1503,0.246551,0.30892008543,0,0,87.399353981
1504,0.24607,0.309879869223,1,0,69.4935860634
1505,0.246708,0.309462040663,0,0,87.3293659687
1506,0.247364,0.309039622545,0,0,69.7316329479
1507,0.246486,0.309691280127,0,0,87.1958138943
1508,0.246177,0.311118453741,0,0,69.9000339508
1509,0.246329,0.309898495674,0,0,87.3426840305
1510,0.246411,0.309816151857,0,0,73.2084670067
1511,0.246319,0.308997571468,0,0,84.2208418846
1512,0.246112,0.309037715197,0,0,77.0878911018
1513,0.246087,0.309380322695,0,0,80.0156300068
1514,0.24647,0.314228355885,0,0,81.4239239693
1515,0.246519,0.309583067894,0,0,75.8883531094
1516,0.246724,0.308688670397,0,0,85.48341012
1517,0.246025,0.310425013304,1,0,72.3043630123
1518,0.245828,0.3117659688,1,0,88.5551459789
1519,0.245997,0.311227977276,0,0,69.510130167
1520,0.24616,0.310257166624,0,0,88.3216090202
1521,0.246039,0.309095293283,0,0,69.7680830956
1522,0.245683,0.309156119823,1,0,88.2291231155
1523,0.245789,0.310188055038,0,0,69.6525189877
1524,0.245479,0.30986353755,1,0,87.748552084
1525,0.246103,0.309497445822,0,0,69.5757539272
1526,0.245773,0.309059411287,0,0,87.1120138168
1527,0.245784,0.309534370899,0,0,69.6344101429
1528,0.245747,0.308970451355,0,0,87.4403789043
1529,0.245629,0.309436202049,0,0,70.242385149
1530,0.246064,0.30856180191,0,0,87.1201958656
1531,0.245731,0.308269381523,0,0,69.556440115
1532,0.245693,0.3097217381,0,0,87.4141669273
1533,0.245865,0.309849083424,0,0,70.2080991268
1534,0.245625,0.310544550419,0,0,86.8941419125
1535,0.245994,0.30933240056,0,0,74.4493770599
1536,0.245351,0.308861464262,1,0,83.0148589611
1537,0.245478,0.309335529804,0,0,78.4282021523
1538,0.245751,0.308759272099,0,0,78.1346108913
1539,0.245165,0.309579789639,1,0,83.1126739979
1540,0.245146,0.309083193541,1,0,73.9240531921
1541,0.245389,0.309136301279,0,0,87.4543190002
1542,0.245239,0.309024989605,0,0,70.07336092
1543,0.245236,0.309102863073,0,0,87.4196279049
1544,0.245225,0.309492468834,0,0,69.450761795
1545,0.245247,0.309077084064,0,0,88.1386239529
1546,0.245389,0.308378636837,0,0,69.8267509937
1547,0.245037,0.309209942818,1,0,88.3298909664
1548,0.245161,0.308734238148,0,0,69.5945470333
1549,0.245289,0.309683710337,0,0,87.6663658619
1550,0.244884,0.309129685163,1,0,70.1564500332
1551,0.245186,0.309148430824,0,0,87.2332811356
1552,0.245227,0.309062868357,0,0,69.8017151356
1553,0.244685,0.308836579323,1,0,87.317773819
1554,0.245181,0.309641629457,0,0,69.8511300087
1555,0.245107,0.313880085945,0,0,87.247068882
1556,0.246109,0.308774232864,0,0,69.5886158943
1557,0.244741,0.308305501938,0,0,87.3493640423
1558,0.245077,0.307938039303,0,1,73.576086998
1559,0.244533,0.308953493834,1,0,83.6920900345
1560,0.244869,0.309813082218,0,0,77.7889130116
1561,0.245375,0.309628486633,0,0,79.2957620621
1562,0.244425,0.30976036191,1,0,81.8087940216
1563,0.244462,0.308420300484,0,0,75.0710308552
1564,0.244744,0.3096139431,0,0,86.243751049
1565,0.244985,0.30958840251,0,0,70.3152010441
1566,0.244489,0.309290856123,0,0,87.4968669415
1567,0.2443,0.309677779675,1,0,69.8454909325
1568,0.244565,0.30844783783,0,0,87.3727769852
1569,0.244733,0.307567447424,0,1,69.2341032028
1570,0.244531,0.308711856604,0,0,87.2172179222
1571,0.244556,0.30847287178,0,0,69.4040789604
1572,0.245288,0.308256745338,0,0,88.4679238796
1573,0.244495,0.308594942093,0,0,70.0524539948
1574,0.243979,0.308354824781,1,0,88.2716691494
1575,0.244468,0.308327525854,0,0,69.8987488747
1576,0.246051,0.308115750551,0,0,88.1951260567
1577,0.244267,0.308638125658,0,0,69.9837081432
1578,0.244022,0.30779761076,0,0,87.2905030251
1579,0.24401,0.309953689575,0,0,69.7475199699
1580,0.244152,0.307605117559,0,0,87.2934970856
1581,0.244369,0.309166908264,0,0,72.3617780209
1582,0.244151,0.308694273233,0,0,84.3976340294
1583,0.244192,0.308335572481,0,0,76.9364249706
1584,0.244077,0.309572398663,0,0,80.3056020737
1585,0.244087,0.307854294777,0,0,81.0385701656
1586,0.243858,0.30810084939,1,0,75.6219730377
1587,0.243992,0.308916211128,0,0,85.6851449013
1588,0.244421,0.309303164482,0,0,71.4109470844
1589,0.245052,0.307116776705,0,1,87.5075979233
1590,0.243754,0.30854049325,1,0,69.3617110252
1591,0.243744,0.309540361166,1,0,87.5716459751
1592,0.243882,0.308480590582,0,0,69.3458368778
1593,0.243553,0.308037877083,1,0,87.4346299171
