epoch,train_loss,valid_loss,has_train_loss_improved,has_valid_loss_improved,duration
0,0.652054,0.560711681843,1,1,83.3800899982
1,0.519207,0.504500210285,1,1,79.6790308952
2,0.478058,0.477527529001,1,1,78.4236609936
3,0.453814,0.458393365145,1,1,80.26146698
4,0.438046,0.445873886347,1,1,80.6674351692
5,0.426092,0.435305804014,1,1,82.4852509499
6,0.416844,0.427695840597,1,1,80.9224638939
7,0.409252,0.420803248882,1,1,80.3652768135
8,0.402898,0.415013551712,1,1,81.958258152
9,0.397656,0.410689204931,1,1,81.9961929321
10,0.393037,0.406758725643,1,1,79.3333621025
11,0.38866,0.403454214334,1,1,78.5594329834
12,0.385055,0.399117141962,1,1,79.8614771366
13,0.381624,0.396925956011,1,1,79.2567129135
14,0.378597,0.393596082926,1,1,80.1657221317
15,0.37588,0.392001718283,1,1,79.8111789227
16,0.373409,0.388593494892,1,1,81.1259610653
17,0.371155,0.387300163507,1,1,80.2102329731
18,0.368757,0.38524594903,1,1,79.0346300602
19,0.366902,0.383928418159,1,1,80.7103910446
20,0.36503,0.381337225437,1,1,82.6855490208
21,0.363315,0.38048145175,1,1,82.3288259506
22,0.361635,0.379071712494,1,1,80.6141819954
23,0.360117,0.377170234919,1,1,82.8107140064
24,0.358681,0.375659227371,1,1,80.4126389027
25,0.357404,0.374357879162,1,1,81.1334888935
26,0.355972,0.37308833003,1,1,79.2860751152
27,0.35464,0.372628986835,1,1,80.2650990486
28,0.35378,0.370954871178,1,1,78.7662920952
29,0.352509,0.370826452971,1,1,78.4377970695
30,0.351349,0.368924319744,1,1,82.5130457878
31,0.350167,0.36817419529,1,1,81.9787061214
32,0.349576,0.367414563894,1,1,78.5015718937
33,0.348438,0.367061883211,1,1,80.6966490746
34,0.347517,0.365526080132,1,1,81.5215229988
35,0.346582,0.364825248718,1,1,82.4185471535
36,0.345771,0.363657802343,1,1,81.1597981453
37,0.345154,0.36362272501,1,1,80.5661530495
38,0.3442,0.362906575203,1,1,79.6828961372
39,0.343535,0.362783581018,1,1,79.6069991589
40,0.342694,0.361473679543,1,1,81.6093890667
41,0.341881,0.360772669315,1,1,82.0934729576
42,0.341369,0.359206229448,1,1,81.7256150246
43,0.34067,0.359605282545,1,0,80.7613408566
44,0.339575,0.358821243048,1,1,80.8854510784
45,0.339426,0.359553694725,1,0,80.3149731159
46,0.338816,0.368280351162,1,0,80.5247499943
47,0.338231,0.358037769794,1,1,82.6446278095
48,0.337594,0.357250809669,1,1,81.7759199142
49,0.337268,0.356721490622,1,1,79.2202768326
50,0.336464,0.355329424143,1,1,79.864153862
51,0.335658,0.355507552624,1,0,80.0813550949
52,0.3357,0.354851186275,0,1,80.2434971333
53,0.334755,0.354380577803,1,1,78.2558140755
54,0.334168,0.353463590145,1,1,80.1392879486
55,0.333933,0.354175120592,1,0,81.9409329891
56,0.333317,0.35381770134,1,0,83.3228948116
57,0.332959,0.352402508259,1,1,81.5787770748
58,0.332236,0.352223753929,1,1,83.1344070435
59,0.331941,0.351585447788,1,1,83.7136600018
60,0.331395,0.351272344589,1,1,83.2802500725
61,0.331422,0.351267457008,0,1,83.9706299305
62,0.330696,0.350477725267,1,1,82.8954610825
63,0.330105,0.350821763277,1,0,83.1545479298
64,0.329796,0.350110560656,1,1,83.8280570507
65,0.329212,0.349635779858,1,1,83.4342460632
66,0.329065,0.348822176456,1,1,81.3861551285
67,0.328556,0.348391920328,1,1,82.3654780388
68,0.3286,0.349021226168,0,0,82.3226220608
69,0.327627,0.347683936357,1,1,83.6793808937
70,0.327038,0.347442209721,1,1,81.5602629185
71,0.327208,0.34973487258,0,0,83.2276408672
72,0.326681,0.346259564161,1,1,83.7663528919
73,0.326313,0.347404360771,1,0,78.912776947
74,0.326236,0.347869038582,1,0,80.4701838493
75,0.325887,0.346409410238,1,0,78.8233819008
76,0.32549,0.345954626799,1,1,81.6498479843
77,0.325152,0.345730721951,1,1,82.8998789787
78,0.324517,0.345045149326,1,1,80.8955709934
79,0.324417,0.34544044733,1,0,80.9739551544
80,0.323975,0.344569563866,1,1,81.7102270126
81,0.323715,0.345228046179,1,0,84.7804348469
82,0.323138,0.344256609678,1,1,82.9659190178
83,0.322925,0.344027280807,1,1,79.6062161922
84,0.322647,0.344087660313,1,0,79.3694739342
85,0.322544,0.342645913363,1,1,82.0986118317
86,0.322063,0.343773573637,1,0,81.3482367992
87,0.321815,0.342911869287,1,0,80.1868369579
88,0.321842,0.343402981758,0,0,79.7509400845
89,0.321396,0.342263698578,1,1,80.845949173
90,0.320959,0.342940419912,1,0,79.8970429897
91,0.320677,0.342066347599,1,1,82.1066141129
92,0.320393,0.342109769583,1,0,80.4936509132
93,0.319956,0.341957956553,1,1,81.8568730354
94,0.319677,0.34163543582,1,1,80.0517830849
95,0.319783,0.341515600681,0,1,82.6205179691
96,0.319231,0.340572416782,1,1,80.1644330025
97,0.318955,0.340014278889,1,1,81.6454479694
98,0.318661,0.340394079685,1,0,80.2783930302
99,0.318415,0.340083807707,1,0,78.4675841331
100,0.318524,0.340752691031,0,0,80.3196940422
101,0.318332,0.339791893959,1,1,82.2645411491
102,0.317689,0.339362204075,1,1,81.5886180401
103,0.317307,0.339925974607,1,0,79.6268970966
104,0.317673,0.339617341757,0,0,80.7412199974
105,0.316718,0.338348776102,1,1,80.9706020355
106,0.316805,0.339621067047,0,0,80.3796768188
107,0.316631,0.338746964931,1,0,78.686904192
108,0.316525,0.339627981186,1,0,79.1524319649
109,0.315953,0.338019609451,1,1,80.5458610058
110,0.315809,0.337753295898,1,1,80.2879929543
111,0.315613,0.33867430687,1,0,80.4796438217
112,0.315478,0.336859613657,1,1,79.9010269642
113,0.315127,0.337888926268,1,0,78.8719620705
114,0.314959,0.33697617054,1,0,78.1098661423
115,0.314465,0.336142450571,1,1,79.8778460026
116,0.314475,0.336571872234,0,0,79.3555569649
117,0.314414,0.33674544096,1,0,80.8230221272
118,0.3138,0.336133986712,1,1,79.5569219589
119,0.313978,0.335613399744,0,1,76.6193609238
120,0.313566,0.335604667664,1,1,79.9377818108
121,0.313309,0.335827261209,1,0,79.6075639725
122,0.313165,0.335962474346,1,0,79.5715959072
123,0.312525,0.335017114878,1,1,78.5543401241
124,0.31261,0.334118306637,0,1,79.7260689735
125,0.312812,0.33424526453,0,0,79.6188619137
126,0.312264,0.335727453232,1,0,79.2837898731
127,0.312266,0.335132777691,0,0,78.6629369259
128,0.31195,0.33405071497,1,1,79.4861328602
129,0.311535,0.334649831057,1,0,79.4745700359
130,0.311698,0.33398270607,0,1,78.897949934
131,0.311216,0.334338456392,1,0,79.4235420227
132,0.311239,0.335693120956,0,0,79.1340479851
133,0.310958,0.332988411188,1,1,77.9664177895
134,0.310745,0.333714842796,1,0,79.0812799931
135,0.310649,0.332831263542,1,1,79.7269170284
136,0.310389,0.332971930504,1,0,76.2155530453
137,0.310159,0.333259642124,1,0,78.9350860119
138,0.309942,0.333163797855,1,0,76.4465949535
139,0.309815,0.332949846983,1,0,78.7649478912
140,0.309646,0.332610666752,1,1,78.2285370827
141,0.30951,0.332591444254,1,1,79.1713030338
142,0.308984,0.332632094622,1,0,78.6306970119
143,0.309204,0.332036018372,0,1,78.6777150631
144,0.308903,0.332737237215,1,0,79.0666089058
145,0.308886,0.330594807863,1,1,78.5352740288
146,0.308359,0.33150780201,1,0,78.1114821434
147,0.30817,0.332480967045,1,0,78.9390649796
148,0.307959,0.332289397717,1,0,79.1866829395
149,0.308123,0.332383424044,0,0,79.0181798935
150,0.307997,0.330893337727,0,0,78.8767340183
151,0.307548,0.331541121006,1,0,76.3634328842
152,0.307942,0.331561982632,0,0,78.0830800533
153,0.307247,0.33056679368,1,1,78.5557119846
154,0.306826,0.329298824072,1,1,78.6861481667
155,0.306896,0.330468088388,0,0,76.7562241554
156,0.306758,0.329276174307,1,1,79.3676760197
157,0.306463,0.329133987427,1,1,76.8568911552
158,0.306445,0.330623090267,1,0,78.6614310741
159,0.307355,0.328505545855,0,1,78.1064779758
160,0.305784,0.328504830599,1,1,77.3224859238
161,0.305889,0.329025447369,0,0,79.2603809834
162,0.305719,0.327736198902,1,1,77.980036974
163,0.305893,0.330913543701,0,0,78.3735060692
164,0.305492,0.329474806786,1,0,78.4199340343
165,0.305214,0.329118221998,1,0,78.3993608952
166,0.305126,0.328700065613,1,0,79.3575050831
167,0.304918,0.328984469175,1,0,78.6135339737
168,0.304973,0.328278899193,0,0,77.5436661243
169,0.304663,0.328844130039,1,0,79.0589749813
170,0.304732,0.329258978367,0,0,78.304158926
171,0.304467,0.327413976192,1,1,78.9394741058
172,0.304168,0.32919678092,1,0,79.0623629093
173,0.304102,0.328542232513,1,0,77.6819279194
174,0.303588,0.328176945448,1,0,77.6924369335
175,0.30489,0.327173560858,0,1,76.5235481262
176,0.303437,0.326861321926,1,1,79.0253808498
177,0.303142,0.327054142952,1,0,78.5863668919
178,0.303291,0.32729318738,0,0,76.1039710045
179,0.303431,0.326776981354,0,1,79.0025160313
180,0.302682,0.327576249838,1,0,78.5822122097
181,0.302602,0.326262354851,1,1,76.277616024
182,0.302628,0.326354056597,0,0,78.9776880741
183,0.302787,0.326494604349,0,0,78.1567630768
184,0.302409,0.325177431107,1,1,78.6192121506
185,0.302306,0.326605558395,1,0,76.3267419338
186,0.301968,0.325471371412,1,0,78.7237308025
187,0.301843,0.325790345669,1,0,76.7349069118
188,0.301778,0.325497508049,1,0,79.8672459126
189,0.30178,0.326566874981,0,0,78.7912218571
190,0.301403,0.325699925423,1,0,79.3181300163
191,0.301176,0.324757158756,1,1,79.7258908749
192,0.301245,0.325519502163,0,0,79.9773321152
193,0.300977,0.324859648943,1,0,79.0146949291
194,0.301137,0.325031369925,0,0,79.2568628788
195,0.301349,0.332020521164,0,0,81.6758830547
196,0.30054,0.325286954641,1,0,77.4764480591
197,0.300604,0.324376046658,0,1,81.2119598389
198,0.300689,0.324220091105,0,1,81.5910990238
199,0.29998,0.325219124556,1,0,81.4471890926
200,0.299868,0.324620217085,1,0,80.163120985
201,0.299837,0.32453328371,1,0,80.6746530533
202,0.299962,0.32418012619,0,1,77.9284551144
203,0.299389,0.323188722134,1,1,80.0436489582
204,0.299788,0.324041694403,0,0,79.725276947
205,0.299643,0.324635267258,0,0,79.9686491489
206,0.299155,0.324011623859,1,0,79.6859190464
207,0.299395,0.323688328266,0,0,79.2828559875
208,0.299022,0.324272423983,1,0,79.9390218258
209,0.298855,0.324206292629,1,0,79.0296530724
210,0.299118,0.324144750834,0,0,80.2451839447
211,0.298831,0.322271466255,1,1,79.6397690773
212,0.298591,0.323220074177,1,0,78.8168699741
213,0.298621,0.323361337185,0,0,80.2508330345
214,0.298294,0.323023498058,1,0,80.8395278454
215,0.298053,0.321850895882,1,1,79.8730678558
216,0.298026,0.322491437197,1,0,78.2367389202
217,0.298011,0.32280176878,1,0,84.8418560028
218,0.297867,0.322658061981,1,0,77.8489348888
219,0.297717,0.321828901768,1,1,81.1142601967
220,0.297676,0.323034107685,1,0,83.8871350288
221,0.297462,0.321391105652,1,1,81.7130918503
222,0.297063,0.321597784758,1,0,79.4775681496
223,0.297139,0.322004675865,0,0,81.5142390728
224,0.297069,0.32217630744,0,0,79.8928539753
225,0.297028,0.321504235268,1,0,81.9904179573
226,0.297135,0.325866937637,0,0,82.4597849846
227,0.300775,0.321200639009,0,1,82.0033931732
228,0.29613,0.321396112442,1,0,80.3379640579
229,0.296252,0.320715129375,0,1,81.6323690414
230,0.296404,0.320840239525,0,0,80.069767952
231,0.296114,0.321649670601,1,0,81.7255680561
232,0.296148,0.321358710527,0,0,82.1417880058
233,0.295795,0.320600867271,1,1,80.8772301674
234,0.2957,0.320447146893,1,1,80.1021170616
235,0.29558,0.320743739605,1,0,82.158862114
236,0.295815,0.321162283421,0,0,81.2448890209
237,0.295558,0.321236521006,1,0,81.0798969269
238,0.296205,0.319553345442,0,1,81.7183580399
239,0.295245,0.321141839027,1,0,81.7949268818
240,0.29495,0.320301175117,1,0,81.4643931389
241,0.295129,0.320069909096,0,0,82.3556420803
242,0.294805,0.321570545435,1,0,82.3339738846
243,0.294509,0.319916546345,1,0,79.5314910412
244,0.294968,0.321352303028,0,0,79.9031071663
245,0.29463,0.320900291204,0,0,80.0217490196
246,0.294876,0.320648103952,0,0,80.3900680542
247,0.294537,0.318905711174,0,1,80.2249770164
248,0.29419,0.319215476513,1,0,82.0896799564
249,0.294274,0.31968203187,0,0,80.8495891094
250,0.29416,0.319297879934,1,0,80.7404239178
251,0.293916,0.320172220469,1,0,80.0065889359
252,0.293675,0.319166511297,1,0,82.316065073
253,0.294148,0.321765482426,0,0,82.4004518986
254,0.294088,0.318695515394,0,1,80.6276140213
255,0.293352,0.317767858505,1,1,80.052834034
256,0.293348,0.319246321917,1,0,77.5851120949
257,0.297053,0.318650633097,0,0,81.3305120468
258,0.292943,0.318748027086,1,0,80.7337400913
259,0.292807,0.316954135895,1,1,81.1695270538
260,0.292894,0.317965090275,0,0,81.5369341373
261,0.292526,0.319100379944,1,0,80.2562088966
262,0.292928,0.317561030388,0,0,79.9416937828
263,0.292851,0.318440228701,0,0,81.0989449024
264,0.292769,0.317526072264,0,0,80.5698599815
265,0.292404,0.319261878729,1,0,78.5673379898
266,0.292502,0.31776240468,0,0,81.0571789742
267,0.292361,0.317341178656,1,0,81.0712800026
268,0.292113,0.317754209042,1,0,83.2139010429
269,0.295038,0.317231118679,0,0,80.1752419472
270,0.291718,0.31778806448,1,0,79.6677589417
271,0.291884,0.317328423262,0,0,80.9811911583
272,0.291769,0.318536758423,0,0,83.9980230331
273,0.291617,0.316840440035,1,1,80.8528409004
274,0.291825,0.316810905933,0,1,82.5705759525
275,0.291765,0.316531389952,0,1,79.6836459637
276,0.291169,0.316724270582,1,0,79.2932009697
277,0.291311,0.316227406263,0,1,81.6998050213
278,0.291174,0.317045003176,0,0,80.4862580299
279,0.291127,0.318799853325,1,0,81.9304728508
280,0.291095,0.317561984062,1,0,80.4498038292
281,0.291087,0.318356096745,1,0,78.4552850723
282,0.290881,0.316045641899,1,1,77.6968948841
283,0.290778,0.31909301877,1,0,81.335411787
284,0.290651,0.316008895636,1,1,79.9264008999
285,0.290539,0.315839827061,1,1,80.1186430454
286,0.290248,0.31673848629,1,0,80.0354061127
287,0.290387,0.315256267786,0,1,79.2952690125
288,0.290476,0.315432548523,0,0,79.310199976
289,0.290144,0.316134989262,1,0,79.7828381062
290,0.289798,0.315335422754,1,0,80.7767679691
291,0.290239,0.314272910357,0,1,78.6013929844
292,0.289898,0.316800296307,0,0,79.7838308811
293,0.28986,0.316627323627,0,0,79.1295509338
294,0.289776,0.315983504057,1,0,79.4860949516
295,0.29006,0.316549867392,0,0,77.2037608624
296,0.289455,0.314478009939,1,0,79.0219080448
297,0.289515,0.315410643816,0,0,81.6159009933
298,0.289373,0.315018028021,1,0,81.3054981232
299,0.289003,0.314347922802,1,0,80.6631579399
300,0.288744,0.316267430782,1,0,80.0661330223
301,0.28925,0.313939154148,0,1,80.4126701355
302,0.288841,0.314509361982,0,0,81.9383339882
303,0.289282,0.314415484667,0,0,79.1924779415
304,0.289052,0.314253479242,0,0,80.0027828217
305,0.288686,0.314692139626,1,0,78.6327769756
306,0.288599,0.317024290562,1,0,80.275660038
307,0.288792,0.317099153996,0,0,78.7604019642
308,0.288348,0.314888715744,1,0,79.2426741123
309,0.288349,0.315352082253,0,0,81.1714019775
310,0.288327,0.314510792494,1,0,80.0108649731
311,0.28805,0.314184248447,1,0,80.3050169945
312,0.289891,0.313074290752,0,1,82.9551990032
313,0.287807,0.313384741545,1,0,81.8600459099
314,0.287906,0.314924329519,0,0,81.0676500797
315,0.287387,0.314661711454,1,0,80.8597509861
316,0.287996,0.314646720886,0,0,81.6563980579
317,0.287832,0.314076304436,0,0,80.6508491039
318,0.287428,0.314203232527,0,0,80.748251915
319,0.287795,0.313086479902,0,0,80.1000339985
320,0.287256,0.313431739807,1,0,79.6725530624
321,0.287184,0.313504189253,1,0,78.8959121704
322,0.287043,0.313349306583,1,0,79.6882789135
323,0.287254,0.313186436892,0,0,79.680727005
324,0.286986,0.313863962889,1,0,77.8081262112
325,0.28707,0.313767164946,0,0,79.67436409
326,0.288135,0.313749581575,0,0,80.0267138481
327,0.286726,0.313160389662,1,0,78.1881301403
328,0.28662,0.312483727932,1,1,78.8539810181
329,0.286629,0.312709242105,0,0,77.7507860661
330,0.28648,0.312798082829,1,0,79.5132181644
331,0.286467,0.314388006926,1,0,80.0056130886
332,0.286257,0.31271275878,1,0,80.0873990059
333,0.285858,0.312792032957,1,0,80.4466860294
334,0.286298,0.313789844513,0,0,80.1927781105
335,0.286237,0.312632769346,0,0,77.8563089371
336,0.285795,0.314256697893,1,0,81.3999919891
337,0.286114,0.312790334225,0,0,79.8604729176
338,0.286233,0.312339037657,0,1,81.9766190052
339,0.285622,0.31371769309,1,0,81.0959370136
340,0.285752,0.313124060631,0,0,79.8152880669
341,0.285664,0.316142708063,0,0,79.0450780392
342,0.285491,0.312304258347,1,1,79.8802659512
343,0.285402,0.312771588564,1,0,78.7982308865
344,0.285742,0.311749696732,0,1,80.099793911
345,0.285949,0.311928123236,0,0,79.1758129597
346,0.285151,0.311645686626,1,1,80.79657197
347,0.285035,0.312161326408,1,0,82.6657521725
348,0.285279,0.312339037657,0,0,81.6938970089
349,0.285269,0.312277257442,0,0,79.804058075
350,0.284908,0.312984615564,1,0,80.4567611217
351,0.285026,0.312561303377,0,0,79.4042270184
352,0.284603,0.311177253723,1,1,80.0724239349
353,0.284584,0.312054663897,1,0,79.8378279209
354,0.28453,0.311785697937,1,0,82.3076648712
355,0.28491,0.310880124569,0,1,80.7122988701
356,0.284247,0.311694443226,1,0,80.2388031483
357,0.284334,0.310707837343,0,1,80.4147000313
358,0.284376,0.311912953854,0,0,79.7638261318
359,0.284216,0.310749977827,1,0,82.4044270515
360,0.284409,0.311486065388,0,0,81.9852330685
361,0.284019,0.310528814793,1,1,83.290817976
362,0.284054,0.311038672924,0,0,83.6688549519
363,0.283673,0.311434090137,1,0,78.231897831
364,0.284087,0.311183333397,0,0,79.2181489468
365,0.285777,0.309596717358,0,1,79.956343174
366,0.283398,0.311655193567,1,0,79.9206540585
367,0.28353,0.310572654009,0,0,79.6940321922
368,0.283324,0.310784906149,1,0,79.8267860413
369,0.283376,0.310902267694,0,0,80.5839190483
370,0.283393,0.310162425041,0,0,78.1244380474
371,0.283747,0.308941274881,0,1,80.3903329372
372,0.283052,0.310008585453,1,0,79.7737469673
373,0.283137,0.312372386456,0,0,80.0850570202
374,0.283528,0.310156613588,0,0,80.300538063
375,0.283825,0.324101865292,0,0,79.7661468983
376,0.283455,0.310385495424,0,0,79.3329570293
377,0.282995,0.310800671577,1,0,79.5101640224
378,0.282532,0.309554934502,1,0,80.689633131
379,0.282402,0.310967713594,1,0,80.4914960861
380,0.282777,0.309080421925,0,0,80.1691651344
381,0.282397,0.308948367834,1,0,82.9380869865
382,0.282917,0.309319376945,0,0,79.9152300358
383,0.282584,0.310808300972,0,0,79.2353048325
384,0.282392,0.309352576733,1,0,82.5967051983
385,0.282514,0.309268087149,0,0,81.8406381607
386,0.282015,0.309215515852,1,0,84.3905620575
387,0.282412,0.309398412704,0,0,84.2278327942
388,0.281567,0.307992964983,1,1,83.3292019367
389,0.282098,0.310005962849,0,0,83.5144340992
390,0.282259,0.310033708811,0,0,82.7912428379
391,0.281782,0.309435039759,0,0,83.1716411114
392,0.281652,0.308630943298,0,0,79.9961309433
393,0.281724,0.309155911207,0,0,79.8088800907
394,0.282492,0.308782190084,0,0,80.2598159313
395,0.281442,0.310560852289,1,0,79.9386270046
396,0.281497,0.308864980936,0,0,79.9799990654
397,0.281353,0.309291630983,1,0,83.9033899307
398,0.281806,0.326692342758,0,0,82.6748518944
399,0.282253,0.3084243536,0,0,80.3656139374
400,0.2807,0.308806449175,1,0,80.5455369949
401,0.281025,0.309073626995,0,0,81.6967849731
402,0.281343,0.309119433165,0,0,80.4277839661
403,0.280998,0.308105200529,0,0,79.9663689137
404,0.282794,0.333731710911,0,0,79.7051110268
405,0.281064,0.308556258678,0,0,80.6166639328
406,0.280556,0.308949589729,1,0,78.881734848
407,0.280541,0.308874279261,1,0,81.6097431183
408,0.280611,0.307951658964,0,1,80.1379380226
409,0.280719,0.30815321207,0,0,81.8538560867
410,0.280446,0.311543434858,1,0,79.7978289127
411,0.280974,0.31465947628,0,0,78.0415129662
412,0.284737,0.308739304543,0,0,79.5925419331
413,0.27991,0.307927668095,1,1,81.0864670277
414,0.279907,0.307434141636,1,1,80.2448189259
415,0.280069,0.306885540485,0,1,79.3497879505
416,0.280019,0.308508276939,0,0,81.0687270164
417,0.280181,0.307449996471,0,0,80.3322389126
418,0.279758,0.308229088783,1,0,80.5522449017
419,0.280303,0.309626013041,0,0,78.4363350868
420,0.280065,0.30736258626,0,0,81.0930130482
421,0.279496,0.308289021254,1,0,80.4142591953
422,0.279671,0.307669371367,0,0,82.7641699314
423,0.279781,0.307147145271,0,0,80.9993829727
424,0.279544,0.307053267956,0,0,80.8480260372
425,0.279701,0.30921676755,0,0,81.7222800255
426,0.279177,0.307442396879,1,0,80.6233530045
427,0.279307,0.307417482138,0,0,81.5617289543
428,0.279781,0.307748675346,0,0,81.1937479973
429,0.279229,0.308003634214,0,0,81.9792640209
430,0.279514,0.307283729315,0,0,81.5235919952
431,0.279462,0.308348506689,0,0,78.5600280762
432,0.279077,0.306012541056,1,1,79.0785610676
433,0.279101,0.306820839643,0,0,80.4720389843
434,0.278897,0.308100640774,1,0,81.1226840019
435,0.278915,0.306608259678,0,0,84.3004949093
436,0.278752,0.306773602962,1,0,81.1575701237
437,0.278657,0.306595474482,1,0,80.5442261696
438,0.278805,0.306755423546,0,0,82.2847578526
439,0.278604,0.306455224752,1,0,81.9675660133
440,0.278436,0.306920796633,1,0,80.3753960133
441,0.27843,0.306566268206,1,0,79.8436479568
442,0.278352,0.30716457963,1,0,84.006827116
443,0.278521,0.306680470705,0,0,80.1649279594
444,0.278385,0.30580753088,0,1,79.1416890621
445,0.282729,0.306303083897,0,0,79.8164560795
446,0.27798,0.306696176529,1,0,80.3438088894
447,0.278267,0.307308912277,0,0,80.3623948097
448,0.277917,0.306706666946,1,0,78.9609801769
449,0.278171,0.306039571762,0,0,79.8803138733
450,0.277439,0.306991487741,1,0,78.388338089
451,0.277937,0.305793255568,0,1,79.8281569481
452,0.277843,0.306499063969,0,0,79.6012849808
453,0.277473,0.30663985014,0,0,80.1205852032
454,0.27786,0.305293738842,0,1,80.235213995
455,0.277774,0.304967045784,0,1,79.1155540943
456,0.277555,0.306956350803,0,0,78.8805201054
457,0.277512,0.306215792894,0,0,80.5291359425
458,0.277169,0.305301994085,1,0,79.0700221062
459,0.277422,0.305732011795,0,0,78.9892590046
460,0.277457,0.305436939001,0,0,81.6049230099
461,0.277424,0.305242925882,0,0,79.7396070957
462,0.277079,0.305127322674,1,0,79.5962769985
463,0.277129,0.305216312408,0,0,79.4888489246
464,0.277586,0.304779350758,0,1,79.8461840153
465,0.276893,0.304934084415,1,0,79.4265921116
466,0.276743,0.30614823103,1,0,79.2598929405
467,0.276964,0.307720959187,0,0,79.2833170891
468,0.276995,0.304735332727,0,1,79.53368783
469,0.276767,0.305732280016,0,0,79.3022491932
470,0.276602,0.306144326925,1,0,79.9989669323
471,0.276781,0.305604815483,0,0,79.4712970257
472,0.277838,0.305896639824,0,0,79.1739389896
473,0.27651,0.306203216314,1,0,80.5812289715
474,0.276466,0.303832232952,1,1,79.7367310524
475,0.276174,0.304633915424,1,0,80.5044949055
476,0.276282,0.305200129747,0,0,80.1291139126
477,0.276295,0.305333316326,0,0,78.3687541485
478,0.276099,0.304031193256,1,0,79.9947018623
479,0.276305,0.306328326464,0,0,79.9523911476
480,0.276085,0.305448651314,1,0,79.4884459972
481,0.276026,0.304608643055,1,0,81.1564788818
482,0.276121,0.305038690567,0,0,79.6283459663
483,0.275783,0.304305464029,1,0,80.646064043
484,0.276081,0.306483745575,0,0,79.464220047
485,0.276306,0.304037392139,0,0,79.0195109844
486,0.275613,0.303862303495,1,0,79.5530798435
487,0.2759,0.303596556187,0,1,80.8218100071
488,0.275434,0.305548459291,1,0,80.6419460773
489,0.275717,0.304873287678,0,0,79.7618641853
490,0.275515,0.304338544607,0,0,76.7496230602
491,0.275375,0.3047311306,1,0,79.7245209217
492,0.275324,0.303362727165,1,1,80.2566030025
493,0.275947,0.303569316864,0,0,79.0052230358
494,0.275103,0.303728044033,1,0,80.2052359581
495,0.275137,0.304143577814,0,0,78.6396789551
496,0.275172,0.30545347929,0,0,77.7034850121
497,0.275081,0.303993612528,1,0,78.6109771729
498,0.275237,0.304925054312,0,0,80.9758241177
499,0.275223,0.303983509541,0,0,78.6037540436
500,0.274895,0.302668482065,1,1,80.1472170353
501,0.274839,0.303781330585,1,0,79.6599822044
502,0.274847,0.305123955011,0,0,78.9013290405
503,0.274814,0.303773343563,1,0,81.887843132
504,0.274487,0.303983390331,1,0,79.6733081341
505,0.276388,0.30345287919,0,0,78.5283761024
506,0.274447,0.303557962179,1,0,77.9789130688
507,0.274254,0.30303016305,1,0,79.2206850052
508,0.274857,0.302917212248,0,0,79.5599088669
509,0.274089,0.30207040906,1,1,81.4664058685
510,0.274228,0.302659213543,0,0,78.64635396
511,0.274708,0.303783416748,0,0,80.2169098854
512,0.274559,0.304265499115,0,0,78.0915369987
513,0.27899,0.302326202393,0,0,79.558218956
514,0.273852,0.302889406681,1,0,78.9031682014
515,0.273766,0.30219233036,1,0,78.4168009758
516,0.273945,0.30333468318,0,0,78.4540698528
517,0.273944,0.302372813225,0,0,76.7951831818
518,0.274131,0.305990934372,0,0,77.8152468204
519,0.273699,0.302049249411,1,1,80.4069309235
520,0.273865,0.302997201681,0,0,79.5461621284
521,0.274063,0.30271756649,0,0,79.6499969959
522,0.273645,0.302603930235,1,0,78.0775878429
523,0.274594,0.301958143711,0,1,79.0609600544
524,0.273358,0.301664590836,1,1,79.2121520042
525,0.273315,0.302451431751,1,0,78.2979090214
526,0.27337,0.30328759551,0,0,79.0587267876
527,0.273699,0.302775233984,0,0,79.8332250118
528,0.273257,0.301770031452,1,0,78.5799908638
529,0.273319,0.301933765411,0,0,79.1510281563
530,0.273501,0.302429556847,0,0,79.6537649632
531,0.272889,0.302812218666,1,0,76.7983090878
532,0.273495,0.302085340023,0,0,79.1279947758
533,0.273176,0.302685976028,0,0,79.2189810276
534,0.273126,0.302124917507,0,0,78.896584034
535,0.272729,0.303054362535,1,0,79.5071868896
536,0.27315,0.303055465221,0,0,79.2872188091
537,0.273018,0.302695900202,0,0,78.807721138
538,0.27309,0.302177071571,0,0,79.1276140213
539,0.272825,0.302456051111,0,0,79.5955309868
540,0.273326,0.30288618803,0,0,79.4338159561
541,0.272372,0.30219373107,1,0,79.1265220642
542,0.27236,0.301874727011,1,0,79.0648210049
543,0.272616,0.304194122553,0,0,77.9359779358
544,0.272648,0.301147848368,0,1,77.3372941017
545,0.272416,0.301354497671,0,0,78.8789241314
546,0.272656,0.30231615901,0,0,81.1085720062
547,0.272551,0.301921933889,0,0,80.3673141003
548,0.272252,0.301749229431,1,0,82.3338739872
549,0.272287,0.300874233246,0,1,80.7083640099
550,0.272049,0.302488863468,1,0,81.4864890575
551,0.273447,0.300305336714,0,1,82.0667231083
552,0.273246,0.303470283747,0,0,81.787501812
553,0.271937,0.301976412535,1,0,80.8217580318
554,0.27187,0.301086336374,1,0,82.60907197
555,0.271748,0.3025380373,1,0,79.9386019707
556,0.271904,0.301180154085,0,0,79.2239019871
557,0.274031,0.300874352455,0,0,82.2961380482
558,0.271507,0.301070958376,1,0,82.5985810757
559,0.271956,0.301050901413,0,0,80.1324870586
560,0.271421,0.301103085279,1,0,80.3833210468
561,0.271707,0.301842868328,0,0,79.8878548145
562,0.271582,0.300363153219,0,0,79.6793241501
563,0.271535,0.301723927259,0,0,82.3333439827
564,0.27164,0.302127808332,0,0,81.9578011036
565,0.271663,0.300531446934,0,0,79.3007831573
566,0.271418,0.302549481392,1,0,81.2250299454
567,0.271317,0.299644201994,1,1,80.8350949287
568,0.271174,0.3010212183,1,0,80.6196639538
569,0.271328,0.301237016916,0,0,79.9239490032
570,0.27172,0.300384700298,0,0,80.5317218304
571,0.270951,0.300239294767,1,0,79.8198740482
572,0.271196,0.300424844027,0,0,79.5007228851
573,0.271231,0.303036153316,0,0,78.7584888935
574,0.271384,0.300866723061,0,0,79.242609024
575,0.270759,0.301124304533,1,0,79.3560419083
576,0.270782,0.300098717213,0,0,80.0316429138
577,0.270959,0.300065636635,0,0,79.8940548897
578,0.270988,0.300457000732,0,0,80.0515379906
579,0.27091,0.301449805498,0,0,80.2615828514
580,0.270915,0.300309598446,0,0,81.7609791756
581,0.27053,0.301694869995,1,0,79.864107132
582,0.270562,0.300758451223,0,0,82.1813118458
583,0.270478,0.30028039217,1,0,82.0290329456
584,0.270656,0.300772607327,0,0,81.0758888721
585,0.270442,0.301118612289,1,0,77.3676221371
586,0.270345,0.301534891129,1,0,81.7311489582
587,0.270239,0.29984125495,1,0,80.92258811
588,0.270641,0.300134509802,0,0,80.3713321686
589,0.270073,0.299705892801,1,0,77.6496958733
590,0.270155,0.300210386515,0,0,80.5918159485
591,0.27021,0.300674974918,0,0,81.499494791
592,0.269973,0.300215363503,1,0,81.4147121906
593,0.270111,0.300579428673,0,0,80.5586130619
594,0.270241,0.299111485481,0,1,80.7338759899
595,0.270038,0.3000395298,0,0,80.6736700535
596,0.26979,0.299928814173,1,0,81.9335510731
597,0.269919,0.300110220909,0,0,80.6428821087
598,0.269995,0.299902766943,0,0,79.4222700596
599,0.270003,0.300988256931,0,0,81.0163040161
600,0.269926,0.300068378448,0,0,79.9708580971
601,0.269423,0.299839138985,1,0,79.1586971283
602,0.269934,0.299890488386,0,0,79.6264119148
603,0.269611,0.298606097698,0,1,81.4566369057
604,0.27428,0.31837195158,0,0,79.1692647934
605,0.269627,0.298629373312,0,0,80.5132820606
606,0.269381,0.299942135811,1,0,79.8895869255
607,0.269503,0.300021231174,0,0,78.7897450924
608,0.268964,0.299910992384,1,0,80.2690370083
609,0.269164,0.299172639847,0,0,79.6449491978
610,0.269256,0.298518627882,0,1,79.2599201202
611,0.269404,0.299580156803,0,0,80.3865048885
612,0.269264,0.298183530569,0,1,79.8413169384
613,0.26896,0.299267053604,1,0,79.4924001694
614,0.268888,0.299327462912,1,0,79.8758049011
615,0.269027,0.299598813057,0,0,81.0717260838
616,0.268921,0.298952907324,0,0,78.3888390064
617,0.269327,0.299181312323,0,0,79.1512169838
618,0.268987,0.299453854561,0,0,81.0322070122
619,0.268744,0.300711005926,1,0,78.5510258675
620,0.26889,0.299080997705,0,0,76.4935159683
621,0.268504,0.299405246973,1,0,80.2782850266
622,0.268923,0.298374652863,0,0,80.4653470516
623,0.268719,0.29882889986,0,0,79.0446369648
624,0.277189,0.298512071371,0,0,79.2491121292
625,0.268184,0.297845304012,1,1,80.808907032
626,0.268364,0.298831522465,0,0,80.9612419605
627,0.2683,0.297911435366,0,0,78.1089398861
628,0.268055,0.298755466938,1,0,79.6233742237
629,0.26807,0.299840658903,0,0,78.0265748501
630,0.268416,0.298416048288,0,0,79.8083679676
631,0.26834,0.298907279968,0,0,80.0999221802
632,0.268371,0.297640860081,0,1,80.06828022
633,0.268297,0.297376900911,0,1,79.9913108349
634,0.268069,0.299066573381,0,0,80.0385160446
635,0.268945,0.298519939184,0,0,80.4929318428
636,0.267873,0.297619134188,1,0,80.3905699253
637,0.267765,0.298475682735,1,0,79.7315330505
638,0.267922,0.298565655947,0,0,79.6380660534
639,0.268167,0.298727571964,0,0,76.6850960255
640,0.271523,0.29717823863,0,1,79.1008269787
641,0.267272,0.296885937452,1,1,78.7820949554
642,0.267472,0.298720300198,0,0,80.2100670338
643,0.267891,0.297680050135,0,0,78.7730300426
644,0.267869,0.298745721579,0,0,80.5496730804
645,0.267777,0.299352377653,0,0,79.4000189304
646,0.267878,0.297826766968,0,0,80.4906551838
647,0.267603,0.297739684582,0,0,79.7462749481
648,0.267189,0.298101425171,1,0,80.2208459377
649,0.267337,0.299174129963,0,0,80.4351329803
650,0.267295,0.297943532467,0,0,79.78480196
651,0.267503,0.29694506526,0,0,79.8157410622
652,0.267585,0.298788428307,0,0,79.9219379425
653,0.267142,0.297605246305,1,0,79.5897572041
654,0.267191,0.297890543938,0,0,77.6320531368
655,0.26751,0.297638267279,0,0,77.924475193
656,0.267015,0.297600567341,1,0,78.6234807968
657,0.266875,0.298528343439,1,0,79.6960458755
658,0.267131,0.297264009714,0,0,77.129021883
659,0.267429,0.297497779131,0,0,79.3102838993
660,0.266863,0.29841247201,1,0,79.5484271049
661,0.266831,0.297001361847,1,0,80.3945159912
662,0.267154,0.296367555857,0,1,81.7887439728
663,0.266839,0.296802967787,0,0,80.5515601635
664,0.267265,0.296598672867,0,0,79.2261281013
665,0.2666,0.297385782003,1,0,78.5915699005
666,0.26635,0.297304272652,1,0,77.7387199402
667,0.266926,0.29736584425,0,0,80.3385820389
668,0.266601,0.297387450933,0,0,80.0986001492
669,0.26672,0.298330068588,0,0,79.4720849991
670,0.266462,0.296655356884,0,0,80.7273800373
671,0.266529,0.297302484512,0,0,79.2284100056
672,0.266616,0.297371178865,0,0,81.0079190731
673,0.266519,0.296044826508,0,1,79.7289950848
674,0.266411,0.297791749239,0,0,78.3756029606
675,0.266462,0.297273010015,0,0,76.4154510498
676,0.266266,0.296109855175,1,0,77.8847911358
677,0.266098,0.297111839056,1,0,79.0650599003
678,0.266338,0.296968877316,0,0,79.4012579918
679,0.266376,0.29586943984,0,1,76.309363842
680,0.266007,0.297746866941,1,0,76.4900650978
681,0.265953,0.298772007227,1,0,78.9982891083
682,0.265973,0.296783208847,0,0,76.5256381035
683,0.266039,0.296801567078,0,0,77.8455679417
684,0.265818,0.297573566437,1,0,76.5327439308
685,0.266101,0.29749327898,0,0,78.527328968
686,0.265755,0.297104716301,1,0,78.3237519264
687,0.265889,0.296747326851,0,0,76.1115379333
688,0.26594,0.29658266902,0,0,75.6503248215
689,0.280494,0.29729154706,0,0,78.7784631252
690,0.266469,0.296438336372,0,0,77.6440601349
691,0.26571,0.296258300543,1,0,79.5457060337
692,0.265492,0.29623657465,1,0,76.1833510399
693,0.265913,0.296175539494,0,0,76.433588028
694,0.265592,0.295863628387,0,1,76.527132988
695,0.26552,0.296149164438,0,0,76.2362680435
696,0.265389,0.295180439949,1,1,77.8683581352
697,0.267216,0.296509087086,0,0,78.6263148785
698,0.265234,0.295590639114,1,0,82.4841210842
699,0.265147,0.295861542225,1,0,82.1290719509
700,0.265596,0.297232300043,0,0,82.6253089905
701,0.265238,0.296550095081,0,0,80.9884309769
702,0.265195,0.296975374222,0,0,83.6106460094
703,0.265471,0.296759277582,0,0,80.5275771618
704,0.265166,0.297103643417,0,0,79.577286005
705,0.265159,0.295505851507,0,0,83.2975690365
706,0.265112,0.29625582695,1,0,82.3034420013
707,0.264919,0.296509534121,1,0,82.5067601204
708,0.265896,0.295663535595,0,0,82.9311139584
709,0.265065,0.295505017042,0,0,81.7789390087
710,0.271633,0.295081943274,0,1,82.4405610561
711,0.26436,0.295162171125,1,0,80.5950510502
712,0.264463,0.295723050833,0,0,79.4786939621
713,0.264828,0.29452329874,0,1,79.6732769012
714,0.265322,0.295617341995,0,0,81.4073300362
715,0.264949,0.294332057238,0,1,83.126666069
716,0.26435,0.296284645796,1,0,79.7744059563
717,0.265073,0.296072751284,0,0,80.590462923
718,0.264497,0.295218348503,0,0,79.776059866
719,0.2645,0.296080708504,0,0,82.12358284
720,0.26417,0.294711142778,1,0,80.8924820423
721,0.264644,0.295126914978,0,0,81.416203022
722,0.265678,0.294648349285,0,0,79.2784819603
723,0.264062,0.295804977417,1,0,80.7504479885
724,0.264517,0.295843273401,0,0,81.5413429737
725,0.264484,0.295554459095,0,0,80.1191740036
726,0.264544,0.294566065073,0,0,82.0347437859
727,0.263776,0.294983208179,1,0,80.539814949
728,0.264267,0.294850856066,0,0,79.8887639046
729,0.264072,0.295675545931,0,0,79.8349688053
730,0.264217,0.295223027468,0,0,81.2984471321
731,0.264148,0.295072823763,0,0,80.734003067
732,0.263851,0.293963968754,0,1,79.4191529751
733,0.263869,0.296274125576,0,0,80.6991529465
734,0.263872,0.295152783394,0,0,82.2332921028
735,0.263805,0.294812202454,0,0,82.7473089695
736,0.26381,0.294785052538,0,0,82.2548730373
737,0.26409,0.29351875186,0,1,81.9701230526
738,0.263676,0.294676095247,1,0,80.7457039356
739,0.265033,0.294618904591,0,0,83.5558888912
740,0.263526,0.294934570789,1,0,84.265942812
741,0.263349,0.29447388649,1,0,82.5181729794
742,0.263698,0.295341670513,0,0,80.6967799664
743,0.26349,0.294299453497,0,0,82.3886680603
744,0.263655,0.294322758913,0,0,81.3984680176
745,0.263489,0.29576343298,0,0,82.1324219704
746,0.263349,0.295271873474,0,0,83.1193070412
747,0.263413,0.294910132885,0,0,83.0625739098
748,0.263505,0.29585519433,0,0,84.0207479
749,0.263403,0.295481204987,0,0,83.0143120289
750,0.263192,0.295009642839,1,0,84.2133009434
751,0.263024,0.295019626617,1,0,83.1959159374
752,0.263464,0.294349372387,0,0,82.6293799877
753,0.263055,0.294431477785,0,0,83.0332529545
754,0.274942,0.293417274952,0,1,81.6455099583
755,0.262414,0.294101417065,1,0,76.3330059052
756,0.262681,0.294774740934,0,0,76.6651580334
757,0.262638,0.29399317503,0,0,76.4486420155
758,0.262673,0.293665409088,0,0,77.2305550575
759,0.262649,0.294733136892,0,0,78.9196400642
760,0.262931,0.294405996799,0,0,76.6205880642
761,0.262668,0.295805424452,0,0,75.825523138
762,0.262681,0.293549627066,0,0,75.6964221001
763,0.262896,0.29369789362,0,0,78.5966560841
764,0.262467,0.294683784246,0,0,77.768228054
765,0.262623,0.294757395983,0,0,77.3662598133
766,0.262831,0.293832957745,0,0,76.0017380714
767,0.262394,0.293628185987,1,0,78.1058311462
768,0.263731,0.293725132942,0,0,80.9765498638
769,0.262471,0.293768018484,0,0,81.2500851154
770,0.2622,0.29402244091,1,0,78.286534071
771,0.262745,0.29363873601,0,0,79.7504119873
772,0.262067,0.293672174215,1,0,77.418213129
773,0.262545,0.295106500387,0,0,78.0479910374
774,0.262338,0.295332998037,0,0,77.2353651524
775,0.262334,0.293589502573,0,0,78.8317968845
776,0.262039,0.29484000802,1,0,78.980948925
777,0.262055,0.29373049736,0,0,79.7175719738
778,0.262249,0.293944656849,0,0,79.8287699223
779,0.262552,0.294212818146,0,0,79.4679191113
780,0.261924,0.294274568558,1,0,79.4482951164
781,0.262238,0.29322206974,0,1,77.7967441082
782,0.261777,0.293415397406,1,0,79.2424371243
783,0.261725,0.293993294239,1,0,79.1130979061
784,0.263878,0.293159902096,0,1,78.9088578224
785,0.261771,0.294429540634,0,0,79.5535490513
786,0.261725,0.293396174908,1,0,77.8597130775
787,0.261717,0.2937707901,1,0,78.7261178493
788,0.261477,0.293424487114,1,0,77.0153238773
789,0.262044,0.294729411602,0,0,81.8121330738
790,0.264225,0.292184114456,0,1,80.3492689133
791,0.263927,0.291901171207,0,1,80.2001140118
792,0.261506,0.293003171682,0,0,79.3933069706
793,0.26163,0.29308655858,0,0,79.4652221203
794,0.262184,0.29415678978,0,0,77.6965479851
795,0.26156,0.292551547289,0,0,79.583878994
796,0.261583,0.2924451828,0,0,79.5714430809
797,0.261343,0.293811053038,1,0,80.4624741077
798,0.261206,0.294410228729,1,0,77.6194598675
799,0.26138,0.293102741241,0,0,78.2903718948
800,0.261181,0.294262856245,1,0,77.6173989773
801,0.261448,0.292980074883,0,0,77.9367008209
802,0.261588,0.293369501829,0,0,78.1065678596
803,0.261222,0.294887453318,0,0,79.2051560879
804,0.261156,0.293485492468,1,0,78.3886609077
805,0.261188,0.292723029852,0,0,78.0677440166
806,0.261136,0.293195694685,1,0,77.1267499924
807,0.261306,0.292551785707,0,0,79.4749882221
808,0.263074,0.292500257492,0,0,79.5670959949
809,0.260793,0.292358845472,1,0,79.9107840061
810,0.261116,0.291497558355,0,1,79.8487830162
811,0.260691,0.293310403824,1,0,80.112839222
812,0.260838,0.293530076742,0,0,76.7951331139
813,0.260838,0.293377876282,0,0,79.1758270264
814,0.271875,0.291727721691,0,0,80.1647460461
815,0.260381,0.291684120893,1,0,77.8275871277
816,0.260595,0.292074471712,0,0,78.5685331821
817,0.260489,0.292425304651,0,0,78.0551199913
818,0.260578,0.291725903749,0,0,79.416326046
819,0.26574,0.292012482882,0,0,78.6574339867
820,0.260374,0.291518628597,1,0,80.149574995
821,0.260543,0.291201561689,0,1,79.3515059948
822,0.260084,0.29173630476,1,0,79.4046258926
823,0.260151,0.292722642422,0,0,79.4981439114
824,0.260262,0.29204082489,0,0,79.0676560402
825,0.260894,0.292058467865,0,0,77.9247028828
826,0.260425,0.291742444038,0,0,78.6892390251
827,0.260595,0.292338311672,0,0,76.7824890614
828,0.26018,0.292472988367,0,0,78.8718018532
829,0.260335,0.29188850522,0,0,77.8541939259
830,0.260107,0.29258286953,0,0,78.6501340866
831,0.260618,0.292653888464,0,0,78.6359729767
832,0.260086,0.292132377625,0,0,76.0638730526
833,0.260592,0.292329519987,0,0,79.4969978333
834,0.260416,0.291884899139,0,0,80.0884439945
835,0.259987,0.291544407606,1,0,78.1251728535
836,0.260018,0.292895257473,0,0,78.737901926
837,0.260014,0.29417386651,0,0,78.0145170689
838,0.260428,0.292068630457,0,0,76.3593428135
839,0.25991,0.291413336992,1,0,76.5024728775
840,0.259814,0.291739046574,1,0,76.3159689903
841,0.259851,0.292080610991,0,0,78.4059228897
842,0.259734,0.292172759771,1,0,79.0973410606
843,0.259637,0.292223930359,1,0,76.5740990639
844,0.259579,0.291761338711,1,0,76.4228541851
845,0.259839,0.292355835438,0,0,77.9218380451
846,0.259681,0.291384637356,0,0,77.0919549465
847,0.259901,0.29211127758,0,0,79.96124506
848,0.259662,0.292377591133,0,0,76.8262829781
849,0.259637,0.291712373495,0,0,77.5958020687
850,0.259506,0.291721582413,1,0,77.4246618748
851,0.259894,0.292435586452,0,0,78.6023840904
852,0.259346,0.292234748602,1,0,78.8984570503
853,0.25933,0.291550189257,1,0,78.6204950809
854,0.259514,0.290521681309,0,1,77.5511128902
855,0.259092,0.290864497423,1,0,78.6162900925
856,0.259749,0.292453229427,0,0,76.20758605
857,0.259207,0.292000621557,0,0,75.631508112
858,0.25928,0.290988743305,0,0,78.0706210136
859,0.259284,0.292599469423,0,0,78.7954261303
860,0.259562,0.292582005262,0,0,76.281085968
861,0.259054,0.294341951609,1,0,77.9765360355
862,0.259308,0.290837407112,0,0,76.6479518414
863,0.262326,0.290304273367,0,1,75.7271418571
864,0.259209,0.290069133043,0,1,77.455573082
865,0.25857,0.290620833635,1,0,77.0973520279
866,0.258878,0.291360169649,0,0,78.0396640301
867,0.259069,0.290971130133,0,0,78.6295559406
868,0.259276,0.290472507477,0,0,77.7662291527
869,0.258797,0.291247814894,0,0,76.2088179588
870,0.258824,0.289820998907,0,1,75.7230479717
871,0.258927,0.290986001492,0,0,79.1388947964
872,0.259031,0.290701001883,0,0,76.214468956
873,0.258663,0.290235847235,0,0,78.4261009693
874,0.258883,0.291017174721,0,0,76.1563119888
875,0.264423,0.291298568249,0,0,76.9625630379
876,0.258045,0.290508657694,1,0,76.0634989738
877,0.258635,0.290218919516,0,0,77.5282011032
878,0.259346,0.290700733662,0,0,78.3097162247
879,0.258543,0.29095351696,0,0,76.2428269386
880,0.258343,0.290769189596,0,0,77.8227989674
881,0.258704,0.290933847427,0,0,78.7729449272
882,0.25818,0.291065037251,0,0,76.0449900627
883,0.258449,0.291060358286,0,0,76.5584828854
884,0.258345,0.291269928217,0,0,76.2854969501
885,0.258636,0.290469020605,0,0,78.0554049015
886,0.258086,0.292009860277,0,0,76.2846150398
887,0.258344,0.29038849473,0,0,76.7372069359
888,0.258506,0.290023684502,0,0,78.5750529766
889,0.258026,0.291071891785,1,0,76.1295580864
890,0.25825,0.290948778391,0,0,78.1984491348
891,0.258116,0.290100097656,0,0,78.2141418457
892,0.25788,0.290797233582,1,0,77.1865670681
893,0.258245,0.291946202517,0,0,76.0609750748
894,0.258031,0.291844189167,0,0,76.1193630695
895,0.258068,0.289631813765,0,1,75.2343890667
896,0.258121,0.290721476078,0,0,75.5750501156
897,0.257903,0.289892792702,0,0,75.3649861813
898,0.257874,0.289004296064,1,1,75.4181938171
899,0.258119,0.29090821743,0,0,76.4055919647
900,0.257894,0.289983600378,0,0,75.3374750614
901,0.25799,0.289922654629,0,0,75.7625789642
902,0.25765,0.290455758572,1,0,75.3511879444
903,0.257677,0.290066540241,0,0,75.2091469765
904,0.257924,0.291336834431,0,0,75.5516321659
905,0.257638,0.289840430021,1,0,75.3905010223
906,0.257598,0.290204852819,1,0,75.7711451054
907,0.257642,0.290409177542,0,0,78.5175509453
908,0.263653,0.294875949621,0,0,77.495085001
909,0.257457,0.289419680834,1,0,78.0748028755
910,0.257181,0.290642410517,1,0,78.6415019035
911,0.257608,0.290998965502,0,0,75.724932909
912,0.257475,0.290044605732,0,0,75.7447431087
913,0.257504,0.290350586176,0,0,75.3451800346
914,0.25703,0.290269225836,1,0,75.2111730576
915,0.2575,0.28870895505,0,1,75.4680080414
916,0.257264,0.28957721591,0,0,76.0925798416
917,0.257366,0.288901865482,0,0,77.6525919437
918,0.257283,0.291415274143,0,0,77.1412570477
919,0.257128,0.289834618568,0,0,75.7482290268
920,0.2573,0.289974182844,0,0,75.1984841824
921,0.257192,0.289911359549,0,0,75.3909711838
922,0.257389,0.290934860706,0,0,75.3103759289
923,0.256852,0.289761990309,1,0,75.2819061279
924,0.257254,0.290627390146,0,0,76.9799618721
925,0.257537,0.289907515049,0,0,77.9240891933
926,0.25703,0.289636403322,0,0,76.4350428581
927,0.257034,0.290338784456,0,0,76.7316961288
928,0.257181,0.291121125221,0,0,78.4297771454
929,0.256757,0.288673311472,1,1,78.2226939201
930,0.256737,0.289841115475,1,0,76.5467178822
931,0.26836,0.28821131587,0,1,78.3786349297
932,0.256323,0.289151012897,1,0,77.9218780994
933,0.2565,0.289838075638,0,0,78.0910129547
934,0.256644,0.289846807718,0,0,78.1448550224
935,0.256828,0.289491653442,0,0,76.4495389462
936,0.25672,0.2902148664,0,0,76.0475978851
937,0.256573,0.288697361946,0,0,77.7889990807
938,0.256552,0.289767354727,0,0,76.0880959034
939,0.256464,0.289222478867,0,0,75.281126976
940,0.256604,0.290155827999,0,0,76.0346589088
941,0.256545,0.289968788624,0,0,75.1559591293
942,0.256452,0.291916131973,0,0,76.1068150997
943,0.258736,0.288666695356,0,0,75.297948122
944,0.2564,0.289825946093,0,0,75.1361720562
945,0.256261,0.289935082197,1,0,75.3268380165
946,0.256627,0.289578437805,0,0,75.32467103
947,0.256756,0.289072394371,0,0,75.3383939266
948,0.256079,0.289618164301,1,0,76.1962709427
949,0.256331,0.289016097784,0,0,75.8868839741
950,0.269399,0.288843542337,0,0,75.1727120876
951,0.256057,0.288151234388,1,1,75.859418869
952,0.255965,0.28965857625,1,0,76.502076149
953,0.256062,0.290490359068,0,0,78.239934206
954,0.255998,0.288435459137,0,0,76.6397669315
955,0.255932,0.28853136301,1,0,77.5610840321
956,0.256373,0.289940446615,0,0,75.7233500481
957,0.255624,0.289105057716,1,0,75.3036079407
958,0.256113,0.288256645203,0,0,75.3346011639
959,0.256029,0.29056802392,0,0,78.5020160675
960,0.256565,0.288740873337,0,0,76.014300108
961,0.255803,0.287427932024,0,1,75.2049908638
962,0.255866,0.289160400629,0,0,76.4058539867
963,0.255894,0.288746297359,0,0,75.1709709167
964,0.260305,0.28802421689,0,0,75.1645891666
965,0.255798,0.28958761692,0,0,75.324917078
966,0.255604,0.28858217597,1,0,75.163392067
967,0.255522,0.289137154818,1,0,75.1465752125
968,0.255522,0.288636475801,1,0,75.3001461029
969,0.255679,0.288873940706,0,0,76.0605869293
970,0.255604,0.289136588573,0,0,77.7887229919
971,0.256827,0.288207411766,0,0,76.2735869884
972,0.255211,0.287771642208,1,0,77.0636029243
973,0.255412,0.288313210011,0,0,77.5184290409
974,0.255336,0.288081884384,0,0,75.808743
975,0.255533,0.288611233234,0,0,78.0777258873
976,0.255574,0.290397912264,0,0,77.1031169891
977,0.255633,0.289456307888,0,0,78.0335888863
978,0.255193,0.288090288639,1,0,75.993106842
979,0.255419,0.289472639561,0,0,75.7546951771
980,0.255218,0.288700908422,0,0,77.1850090027
981,0.255124,0.287964612246,1,0,77.0588140488
