epoch,train_loss,valid_loss,has_train_loss_improved,has_valid_loss_improved,duration
0,0.0141288,0.0140421781689,1,1,2.05416798592
1,0.0141321,0.0140421316028,0,1,2.06446790695
2,0.0141331,0.0140419369563,0,1,2.0748000145
3,0.0141277,0.0140420347452,1,0,1.99434900284
4,0.014127,0.0140419946983,1,0,1.99597406387
5,0.0141247,0.0140418829396,1,1,2.03135704994
6,0.0141304,0.0140417832881,0,1,2.10614418983
7,0.0141284,0.0140418680385,0,0,2.04657292366
8,0.0141274,0.0140419481322,0,0,2.02228999138
9,0.0141265,0.0140417646617,0,1,1.96042990685
10,0.014123,0.0140415877104,1,1,2.060516119
11,0.0141239,0.0140416808426,0,0,1.95262694359
12,0.0141262,0.0140417320654,0,0,1.97956705093
13,0.0141226,0.0140416966751,1,0,1.95171284676
14,0.0141297,0.0140416482463,0,0,1.95075488091
15,0.0141291,0.0140415476635,0,1,2.00363898277
16,0.0141253,0.0140416389331,0,0,1.98162698746
17,0.0141269,0.0140414694324,0,1,2.01646995544
18,0.0141262,0.0140416342765,0,0,1.98474407196
19,0.0141363,0.0140414722264,0,0,1.94912004471
20,0.0141267,0.0140414694324,0,0,1.93020701408
21,0.01413,0.0140415867791,0,0,1.94886302948
22,0.0141246,0.0140413865447,0,1,2.0279250145
23,0.0141304,0.0140415458009,0,0,1.95269608498
24,0.0141274,0.0140413800254,0,1,1.97766304016
25,0.0141318,0.0140414489433,0,0,1.94782996178
26,0.0141222,0.0140412822366,1,1,2.02715492249
27,0.0141234,0.0140413632616,0,0,1.94321203232
28,0.0141275,0.0140412887558,0,0,1.96479916573
29,0.0141223,0.0140412691981,0,1,1.90610289574
30,0.0141239,0.0140411993489,0,1,2.02740311623
31,0.0141253,0.0140411546454,0,1,2.00922107697
32,0.0141221,0.014041190967,1,0,1.97041392326
33,0.0141328,0.0140413176268,0,0,1.94981002808
34,0.0141252,0.0140411490574,0,1,2.03395986557
35,0.0141282,0.0140412040055,0,0,1.94883394241
36,0.0141286,0.0140411714092,0,0,1.92890810966
37,0.0141279,0.0140411797911,0,0,1.94773006439
38,0.0141263,0.0140410903841,0,1,2.03197193146
39,0.014121,0.0140411062166,1,0,1.95171499252
40,0.0141261,0.0140409925953,0,1,2.0353269577
41,0.0141229,0.0140409674495,0,1,2.01295900345
42,0.0141289,0.014041130431,0,0,1.98931503296
43,0.0141305,0.0140411742032,0,0,1.95093894005
44,0.0141282,0.0140411099419,0,0,1.9663131237
45,0.0141268,0.0140410074964,0,0,1.95148706436
46,0.0141191,0.0140410251915,1,0,1.96857595444
47,0.0141271,0.0140408882871,0,1,2.01445698738
48,0.0141266,0.014040870592,0,1,2.03351593018
49,0.0141261,0.0140409898013,0,0,1.96429491043
50,0.0141285,0.0140408491716,0,1,2.04944515228
51,0.014128,0.0140408920124,0,0,1.94684696198
52,0.0141229,0.0140408333391,0,1,2.02908706665
53,0.01412,0.0140408752486,0,0,1.9487080574
54,0.0141242,0.0140408296138,0,1,2.03067111969
55,0.0141311,0.0140408407897,0,0,1.95040798187
56,0.014125,0.0140407942235,0,1,2.03076696396
57,0.0141231,0.0140408501029,0,0,1.978495121
58,0.0141215,0.0140407113358,0,1,2.0333070755
59,0.0141243,0.0140408147126,0,0,1.97742891312
60,0.0141246,0.0140405939892,0,1,2.03433799744
61,0.0141265,0.0140406591818,0,0,1.95151805878
62,0.0141195,0.0140407755971,0,0,1.96713399887
63,0.0141218,0.0140407485887,0,0,1.93330812454
64,0.0141223,0.0140408314764,0,0,1.90005803108
65,0.0141301,0.0140406461433,0,0,1.83414411545
66,0.0141207,0.0140406256542,0,0,1.84856510162
67,0.0141236,0.0140405781567,0,1,1.89430499077
68,0.0141308,0.0140405893326,0,0,1.96646404266
69,0.0141276,0.0140406023711,0,0,1.92353105545
70,0.0141235,0.0140405492857,0,1,1.99990701675
71,0.0141271,0.0140405604616,0,0,1.94671988487
72,0.0141269,0.0140404151753,0,1,2.01075792313
73,0.014126,0.014040469192,0,0,1.94845795631
74,0.0141272,0.0140404244885,0,0,1.92826604843
75,0.0141277,0.0140404505655,0,0,1.83532691002
76,0.0141211,0.0140404598787,0,0,1.84990000725
77,0.0141156,0.0140404729173,1,0,1.86808609962
78,0.0141217,0.0140404300764,0,0,1.96352291107
79,0.0141208,0.0140403779224,0,1,1.99739098549
80,0.0141196,0.0140402968973,0,1,2.024132967
81,0.0141265,0.0140404468402,0,0,1.93907904625
82,0.0141241,0.0140403062105,0,0,1.89404201508
83,0.0141254,0.0140404067934,0,0,1.82243609428
84,0.0141216,0.0140402652323,0,1,1.89992594719
85,0.0141259,0.0140403667465,0,0,1.92437815666
86,0.0141245,0.0140401823446,0,1,1.94885802269
87,0.0141197,0.0140402968973,0,0,1.93410897255
88,0.0141222,0.0140402968973,0,0,1.95261192322
89,0.0141239,0.014040203765,0,0,1.87465000153
90,0.0141253,0.0140402782708,0,0,1.83306312561
91,0.0141245,0.0140402000397,0,0,1.82687497139
92,0.0141182,0.0140402307734,0,0,1.83340907097
93,0.0141198,0.0140402773395,0,0,1.88657999039
94,0.014123,0.0140403341502,0,0,1.88438916206
95,0.014121,0.0140402289107,0,0,1.89660096169
96,0.0141179,0.0140402363613,0,0,1.92611289024
97,0.0141279,0.0140401907265,0,0,1.81515407562
98,0.0141254,0.0140401395038,0,1,1.93845701218
99,0.0141265,0.0140401674435,0,0,1.92844986916
100,0.01412,0.0140400081873,0,1,1.96371006966
101,0.0141268,0.0140400612727,0,0,1.92725396156
102,0.0141183,0.0140400705859,0,0,1.94879794121
103,0.0141199,0.0140399346128,0,1,1.92441892624
104,0.014124,0.0140399252996,0,1,1.99731898308
105,0.0141258,0.0140401097015,0,0,1.96115803719
106,0.0141189,0.0140399355441,0,0,1.94649505615
107,0.0141185,0.0140400314704,0,0,1.92804598808
108,0.0141238,0.0140399383381,0,0,1.90529894829
109,0.0141211,0.014040004462,0,0,1.85435080528
110,0.0141196,0.0140399252996,0,0,1.94625282288
111,0.0141181,0.0140399020165,0,1,1.96159005165
112,0.0141278,0.014039888978,0,1,2.01515889168
113,0.0141213,0.0140399308875,0,0,1.92666196823
114,0.014129,0.0140397520736,0,1,1.97573494911
115,0.014127,0.0140397958457,0,0,1.93092107773
116,0.0141235,0.0140398778021,0,0,1.92458295822
117,0.0141321,0.0140398191288,0,0,1.92599391937
118,0.0141264,0.0140398032963,0,0,1.94808602333
119,0.0141185,0.0140397846699,0,0,1.92876577377
120,0.0141205,0.01403983403,0,0,1.94118380547
121,0.0141199,0.0140396952629,0,1,1.99135494232
122,0.0141238,0.0140396859497,0,1,2.02734303474
123,0.0141262,0.0140396058559,0,1,1.99435210228
124,0.0141236,0.0140395602211,0,1,2.01746797562
125,0.0141215,0.0140397120267,0,0,1.92632508278
126,0.0141206,0.0140395797789,0,0,1.90074300766
127,0.0141216,0.0140395360067,0,1,1.9954161644
128,0.0141193,0.0140396421775,0,0,1.95041513443
129,0.0141231,0.0140396198258,0,0,1.96174097061
130,0.014115,0.0140395518392,1,0,1.95092892647
131,0.0141212,0.0140396421775,0,0,1.92525696754
132,0.0141188,0.0140395350754,0,1,2.02475810051
133,0.0141271,0.0140395201743,0,1,1.99092698097
134,0.0141299,0.0140394838527,0,1,2.01514697075
135,0.0141219,0.0140393935144,0,1,1.99559116364
136,0.014123,0.0140393804759,0,1,2.01656317711
137,0.0141236,0.0140394829214,0,0,1.92596697807
138,0.0141187,0.0140393758193,0,1,2.01514005661
139,0.0141235,0.014039340429,0,1,2.00672483444
140,0.0141236,0.0140394344926,0,0,1.95316886902
141,0.0141203,0.0140393571928,0,0,1.87373399734
142,0.0141223,0.0140393367037,0,1,1.89541912079
143,0.0141208,0.0140393534675,0,0,1.92657494545
144,0.0141232,0.0140393013135,0,1,2.01516389847
145,0.0141238,0.0140393050388,0,0,1.92655515671
146,0.0141279,0.0140391774476,0,1,2.02032804489
147,0.0141252,0.0140392770991,0,0,1.9268579483
148,0.0141223,0.0140392715111,0,0,1.95141601562
149,0.0141186,0.0140392435715,0,0,1.95717406273
150,0.0141192,0.0140392342582,0,0,1.95038795471
151,0.0141248,0.0140391252935,0,1,1.99128007889
152,0.0141145,0.0140391485766,1,0,1.95213699341
153,0.014121,0.0140392035246,0,0,1.92573690414
154,0.0141175,0.0140391504392,0,0,1.95119190216
155,0.0141181,0.0140390349552,0,1,1.99022889137
156,0.0141244,0.014039109461,0,0,1.95720815659
157,0.0141167,0.0140390684828,0,0,1.92417883873
158,0.0141202,0.0140390703455,0,0,1.95175790787
159,0.0141257,0.0140389138833,0,1,1.9956638813
160,0.0141195,0.0140390070155,0,0,1.94362902641
161,0.0141203,0.0140390060842,0,0,1.92596101761
162,0.0141239,0.0140388654545,0,1,1.96413588524
163,0.0141166,0.0140390610322,0,0,1.9256131649
164,0.0141249,0.0140389995649,0,0,1.95208191872
165,0.0141199,0.0140389557928,0,0,1.92428207397
166,0.0141155,0.0140388458967,0,1,1.98432397842
167,0.0141179,0.0140388375148,0,1,1.99020290375
168,0.0141261,0.0140388617292,0,0,1.95056319237
169,0.0141166,0.0140388077125,0,1,1.98889684677
170,0.0141249,0.0140387220308,0,1,2.0152258873
171,0.0141227,0.0140389325097,0,0,1.92885994911
172,0.0141254,0.0140387490392,0,0,1.9410469532
173,0.0141196,0.014038765803,0,0,1.92499303818
174,0.0141243,0.0140389055014,0,0,1.95715594292
175,0.014122,0.0140387751162,0,0,1.92425704002
176,0.0141193,0.0140387509018,0,0,1.9269361496
177,0.0141207,0.0140387238935,0,0,1.89425301552
178,0.0141195,0.0140387713909,0,0,1.95194005966
179,0.0141204,0.0140386521816,0,1,1.91767597198
180,0.0141214,0.0140386009589,0,1,2.00470995903
181,0.0141268,0.0140385376289,0,1,2.02271509171
182,0.0141215,0.0140386680141,0,0,1.95225906372
183,0.0141205,0.0140386316925,0,0,1.87847304344
184,0.0141249,0.0140385888517,0,0,1.91941714287
185,0.0141236,0.0140385590494,0,0,1.92343211174
186,0.0141147,0.0140385422856,0,0,1.95306515694
187,0.0141205,0.0140384901315,0,1,1.99012589455
188,0.0141253,0.0140385432169,0,0,1.95425605774
189,0.0141195,0.0140383318067,0,1,1.98848104477
190,0.0141218,0.0140385376289,0,0,1.95153689384
191,0.014121,0.0140384444967,0,0,1.92373895645
192,0.0141195,0.0140384044498,0,0,1.90806007385
193,0.0141129,0.0140383811668,1,0,1.81102204323
194,0.0141198,0.0140383969992,0,0,1.83576416969
195,0.0141226,0.0140383681282,0,0,1.81157803535
196,0.0141191,0.0140383448452,0,0,1.83662199974
197,0.0141193,0.0140383737162,0,0,1.81072402
198,0.0141244,0.0140383113176,0,1,1.91604304314
199,0.0141199,0.0140382805839,0,1,1.99014687538
200,0.0141215,0.0140382479876,0,1,2.0163898468
201,0.0141218,0.0140383364633,0,0,1.92370891571
202,0.0141241,0.0140383187681,0,0,1.95097589493
203,0.0141151,0.0140381930396,0,1,1.89200496674
204,0.014122,0.0140381846577,0,1,2.01678204536
205,0.0141225,0.0140382293612,0,0,1.95476603508
206,0.014114,0.0140381529927,0,1,2.01892995834
207,0.014117,0.01403827779,0,0,1.92215108871
208,0.0141167,0.0140380850062,0,1,2.01630616188
209,0.0141194,0.0140381650999,0,0,1.92484593391
210,0.014122,0.0140380216762,0,1,2.02000594139
211,0.0141219,0.0140382125974,0,0,1.92410898209
212,0.0141149,0.0140379946679,0,1,2.02207612991
213,0.0141243,0.0140380542725,0,0,1.92539691925
214,0.0141164,0.0140380142257,0,0,1.95114898682
215,0.0141193,0.0140379611403,0,1,1.95617198944
216,0.0141202,0.0140380291268,0,0,1.95407295227
217,0.0141146,0.0140379127115,0,1,1.98915696144
218,0.0141221,0.0140380058438,0,0,1.95401000977
219,0.0141237,0.0140378363431,0,1,1.98891997337
220,0.0141155,0.0140378782526,0,0,1.95077610016
221,0.01412,0.0140379201621,0,0,1.90270805359
222,0.0141205,0.0140378689393,0,0,1.90178203583
223,0.0141159,0.0140378847718,0,0,1.81059789658
224,0.0141188,0.0140376985073,0,1,1.98357701302
225,0.0141181,0.0140377571806,0,0,1.924929142
226,0.0141187,0.0140376752242,0,1,2.01584792137
227,0.01412,0.0140378121287,0,0,1.91068696976
228,0.0141151,0.0140377497301,0,0,1.91769504547
229,0.0141173,0.0140377692878,0,0,1.95369386673
230,0.0141187,0.0140377730131,0,0,1.83504104614
231,0.0141171,0.0140377730131,0,0,1.8117120266
232,0.0141229,0.0140376966447,0,0,1.89459085464
233,0.0141151,0.0140376919881,0,0,1.85212802887
234,0.0141192,0.0140376240015,0,1,1.89760494232
235,0.0141174,0.0140375867486,0,1,1.98746800423
236,0.0141214,0.0140376035124,0,0,1.95535707474
237,0.014118,0.0140376044437,0,0,1.87063908577
238,0.0141185,0.0140375802293,0,1,1.89661407471
239,0.0141164,0.0140374489129,0,1,1.97732305527
240,0.0141184,0.0140374973416,0,0,1.95246195793
241,0.0141123,0.0140375420451,1,0,1.87444591522
242,0.0141211,0.0140375187621,0,0,1.89873886108
243,0.0141229,0.0140373995528,0,1,1.87395119667
244,0.0141148,0.0140375299379,0,0,1.95200014114
245,0.0141205,0.0140373986214,0,1,1.98847699165
246,0.0141199,0.0140373548493,0,1,2.02529001236
247,0.01412,0.0140373259783,0,1,1.9930229187
248,0.0141203,0.0140373706818,0,0,1.95409798622
249,0.0141226,0.0140373455361,0,0,1.92394208908
250,0.014117,0.0140372468159,0,1,1.93994617462
251,0.0141171,0.0140372533351,0,0,1.92370200157
252,0.0141224,0.0140372170135,0,1,1.98664093018
253,0.014119,0.0140372281894,0,0,1.95450496674
254,0.0141191,0.0140374163166,0,0,1.95099306107
255,0.0141153,0.0140372077003,0,1,1.93088889122
256,0.0141101,0.0140372971073,1,0,1.95162987709
257,0.0141165,0.0140373008326,0,0,1.92285299301
258,0.0141137,0.0140372142196,0,0,1.95192694664
259,0.0141144,0.0140371443704,0,1,1.88082408905
260,0.0141184,0.0140371881425,0,0,1.94132018089
261,0.0141219,0.0140372468159,0,0,1.85815286636
262,0.0141217,0.014037094079,0,1,2.01394081116
263,0.0141197,0.0140371648595,0,0,1.92650604248
264,0.0141168,0.0140371154994,0,0,1.92209601402
265,0.0141218,0.0140371406451,0,0,1.92303681374
266,0.0141204,0.0140369636938,0,1,1.94613790512
267,0.0141133,0.014037151821,0,0,1.9228951931
268,0.0141145,0.0140370037407,0,0,1.95262098312
269,0.0141214,0.014037004672,0,0,1.84329104424
270,0.0141202,0.0140371015295,0,0,1.92649912834
271,0.0141183,0.0140369394794,0,1,1.89187192917
272,0.014119,0.0140370456502,0,0,1.95239520073
273,0.0141151,0.0140370512381,0,0,1.91064596176
274,0.0141155,0.0140369329602,0,1,1.98956108093
275,0.0141217,0.0140368733555,0,1,1.99215888977
276,0.0141184,0.0140369022265,0,0,1.94250106812
277,0.0141223,0.0140368370339,0,1,1.99565219879
278,0.0141194,0.0140368519351,0,0,1.95211911201
279,0.01412,0.0140368007123,0,1,1.99013209343
280,0.0141202,0.0140367494896,0,1,2.01707792282
281,0.0141184,0.0140367904678,0,0,1.91051912308
282,0.0141169,0.0140368705615,0,0,1.94539403915
283,0.0141173,0.014036713168,0,1,1.9882349968
284,0.0141162,0.0140366274863,0,1,2.01688814163
285,0.0141188,0.0140368659049,0,0,1.92278599739
286,0.014118,0.0140367690474,0,0,1.94200778008
287,0.0141167,0.0140366274863,0,0,1.92869114876
288,0.0141208,0.0140366628766,0,0,1.95261788368
289,0.0141166,0.0140366647393,0,0,1.92278003693
290,0.0141179,0.0140366461128,0,0,1.95097017288
291,0.0141216,0.0140365809202,0,1,1.98910021782
292,0.0141174,0.0140365613624,0,1,2.00214719772
293,0.0141212,0.0140365501866,0,1,1.98970985413
294,0.0141198,0.0140366507694,0,0,1.93922686577
295,0.0141174,0.014036542736,0,1,1.96803283691
296,0.0141227,0.0140365082771,0,1,2.01725912094
297,0.0141178,0.0140364496037,0,1,2.01906609535
298,0.0141212,0.0140365194529,0,0,1.95108985901
299,0.0141191,0.0140365175903,0,0,1.92412281036
300,0.014124,0.0140364151448,0,1,2.01624178886
301,0.0141141,0.0140364207327,0,0,1.91124391556
302,0.0141226,0.0140364402905,0,0,1.91680812836
303,0.014118,0.0140364672989,0,0,1.8316719532
304,0.0141155,0.0140363471583,0,1,1.97885918617
305,0.0141164,0.0140363043174,0,1,1.97311902046
306,0.0141199,0.0140363369137,0,0,1.93831896782
307,0.01412,0.0140363583341,0,0,1.91856384277
308,0.0141129,0.0140363080427,0,0,1.93078398705
309,0.0141156,0.0140362232924,0,1,1.93368792534
310,0.0141212,0.0140363266692,0,0,1.94427800179
311,0.0141206,0.014036285691,0,0,1.92517185211
312,0.0141176,0.0140362614766,0,0,1.83763194084
313,0.0141139,0.0140363061801,0,0,1.81024289131
314,0.0141115,0.0140361869708,0,1,1.90696692467
315,0.0141208,0.0140362074599,0,0,1.91255712509
316,0.0141177,0.014036225155,0,0,1.91743898392
317,0.0141157,0.0140362121165,0,0,1.85383105278
318,0.0141102,0.0140361916274,0,0,1.9382879734
319,0.0141142,0.0140361189842,0,1,1.95746612549
320,0.0141214,0.0140360845253,0,1,1.91784596443
321,0.0141231,0.0140360994264,0,0,1.95380210876
322,0.0141133,0.0140360761434,0,1,2.01647996902
323,0.014118,0.0140360929072,0,0,1.9235868454
324,0.0141207,0.0140360035002,0,1,2.02020716667
325,0.0141142,0.0140359383076,0,1,1.98836088181
326,0.0141191,0.0140359830111,0,0,1.95183205605
327,0.0141181,0.0140359178185,0,1,1.98927593231
328,0.0141145,0.0140359159559,0,1,2.01963210106
329,0.0141163,0.0140358870849,0,1,1.98946690559
330,0.0141167,0.0140359280631,0,0,1.95151495934
331,0.01411,0.0140359345824,1,0,1.92668390274
332,0.0141155,0.0140358656645,0,1,2.01889109612
333,0.0141221,0.0140358051285,0,1,1.9914829731
334,0.0141132,0.0140358591452,0,0,1.96056199074
335,0.0141097,0.0140359485522,1,0,1.91128015518
336,0.0141197,0.0140358172357,0,0,1.83594584465
337,0.0141172,0.0140357427299,0,1,1.87308311462
338,0.0141191,0.0140357911587,0,0,1.91930007935
339,0.0141168,0.0140358693898,0,0,1.92440915108
340,0.014112,0.0140356384218,0,1,2.01916599274
341,0.0141113,0.0140357511118,0,0,1.92377591133
342,0.0141184,0.0140357594937,0,0,1.95273208618
343,0.0141148,0.0140356896445,0,0,1.89815187454
344,0.0141151,0.0140355648473,0,1,2.0180618763
345,0.0141212,0.0140355862677,0,0,1.92479491234
346,0.0141159,0.0140356421471,0,0,1.95768284798
347,0.0141145,0.0140355452895,0,1,1.98982906342
348,0.0141131,0.0140356859192,0,0,1.95091986656
349,0.0141169,0.0140355657786,0,0,1.92725586891
350,0.0141148,0.0140355844051,0,0,1.95291900635
351,0.014117,0.0140356132761,0,0,1.92579507828
352,0.0141169,0.014035589993,0,0,1.95501112938
353,0.0141174,0.0140355434269,0,1,1.90923905373
354,0.014121,0.0140354996547,0,1,2.01810717583
355,0.0141171,0.0140355555341,0,0,1.92353415489
356,0.0141202,0.0140355052426,0,0,1.95444297791
357,0.0141164,0.014035413973,0,1,1.97511506081
358,0.0141174,0.0140354232863,0,0,1.95297813416
359,0.0141147,0.0140354530886,0,0,1.92440891266
360,0.014114,0.0140353310853,0,1,2.02237510681
361,0.014115,0.014035413973,0,0,1.92336916924
362,0.0141169,0.0140353664756,0,0,1.95447897911
363,0.0141149,0.0140353664756,0,0,1.91858386993
364,0.0141167,0.0140354009345,0,0,1.95667099953
365,0.0141084,0.0140353292227,1,1,1.98812317848
366,0.0141218,0.0140352193266,0,1,2.01859116554
367,0.0141163,0.0140352593735,0,0,1.92345905304
368,0.0141175,0.0140351997688,0,1,2.01891207695
369,0.0141114,0.0140352761373,0,0,1.9238781929
370,0.0141103,0.0140351420268,0,1,2.01479506493
371,0.0141137,0.0140352593735,0,0,1.9091629982
372,0.0141196,0.0140351494774,0,0,1.95138382912
373,0.0141138,0.014035156928,0,0,1.92429900169
374,0.0141125,0.0140351001173,0,1,1.95265316963
375,0.0141169,0.0140351820737,0,0,1.88105201721
376,0.0141169,0.0140352640301,0,0,1.95055198669
377,0.0141125,0.0140351159498,0,0,1.82130694389
378,0.0141132,0.0140350265428,0,1,1.90075302124
379,0.0141131,0.0140349632129,0,1,1.98831915855
380,0.0141142,0.014035015367,0,0,1.95495200157
381,0.0141176,0.0140349902213,0,0,1.92360687256
382,0.0141178,0.0140349538997,0,1,2.01851391792
383,0.0141202,0.0140350330621,0,0,1.92281293869
384,0.0141201,0.0140350144356,0,0,1.84678602219
385,0.0141189,0.0140349557623,0,0,1.93383097649
386,0.0141193,0.0140349622816,0,0,1.95124793053
387,0.0141168,0.0140349250287,0,1,1.92133903503
388,0.0141179,0.0140349371359,0,0,1.95157980919
389,0.0141168,0.0140349436551,0,0,1.92136001587
390,0.0141171,0.0140347825363,0,1,2.01750612259
391,0.0141117,0.0140348318964,0,0,1.92182993889
392,0.0141152,0.0140348663554,0,0,1.95675492287
393,0.0141145,0.0140348486602,0,0,1.92322683334
394,0.0141133,0.01403474994,0,1,2.01490092278
395,0.0141204,0.0140347369015,0,1,1.99001216888
396,0.0141154,0.0140348300338,0,0,1.95107913017
397,0.0141172,0.0140347313136,0,1,1.9887368679
398,0.0141089,0.0140346894041,0,1,2.01843500137
399,0.0141172,0.0140347192064,0,0,1.92398118973
400,0.0141139,0.0140347620472,0,0,1.90919399261
401,0.0141127,0.0140346940607,0,0,1.85654211044
402,0.014113,0.0140345934778,0,1,2.02982902527
403,0.0141125,0.0140347434208,0,0,1.91187500954
404,0.0141106,0.0140346856788,0,0,1.8372900486
405,0.0141177,0.0140345860273,0,1,1.90081691742
406,0.0141136,0.0140346856788,0,0,1.95252299309
407,0.0141096,0.0140346493572,0,0,1.83644890785
408,0.0141137,0.0140345450491,0,1,1.89919185638
409,0.0141169,0.0140346316621,0,0,1.95350503922
410,0.0141132,0.0140346381813,0,0,1.95317316055
411,0.0141149,0.0140344779938,0,1,1.89995408058
412,0.0141131,0.0140344817191,0,0,1.94306898117
413,0.0141176,0.0140344826505,0,0,1.81161093712
414,0.0141099,0.0140344863757,0,0,1.83707904816
415,0.0141138,0.0140344835818,0,0,1.8124768734
416,0.0141144,0.0140344100073,0,1,1.89971995354
417,0.0141114,0.0140343522653,0,1,1.98800897598
418,0.0141153,0.0140344416723,0,0,1.95185899734
419,0.0141088,0.0140344677493,0,0,1.88009190559
420,0.0141146,0.0140344211832,0,0,1.92909908295
421,0.0141144,0.0140343159437,0,1,1.92028784752
422,0.014109,0.0140342833474,0,1,2.01626682281
423,0.0141104,0.0140343606472,0,0,1.9107131958
424,0.0141176,0.0140343382955,0,0,1.91733407974
425,0.0141197,0.0140342423692,0,1,1.89908003807
426,0.0141091,0.0140342544764,0,0,1.9452290535
427,0.0141086,0.014034261927,0,0,1.83016300201
428,0.014114,0.0140342181548,0,1,2.01723003387
429,0.0141142,0.0140341883525,0,1,1.97429013252
430,0.014119,0.0140342051163,0,0,1.95220804214
431,0.0141138,0.0140341734514,0,1,1.97389006615
432,0.0141104,0.0140340989456,0,1,2.0170609951
433,0.0141122,0.0140341771767,0,0,1.95378422737
434,0.0141143,0.0140341557562,0,0,1.95090103149
435,0.0141098,0.0140342311934,0,0,1.92262291908
436,0.0141146,0.0140340477228,0,1,1.92521119118
437,0.0141185,0.0140341352671,0,0,1.92245697975
438,0.0141113,0.0140341250226,0,0,1.85414981842
439,0.0141105,0.0140340728685,0,0,1.81174612045
440,0.0141135,0.0140341296792,0,0,1.83921194077
441,0.0141164,0.0140339201316,0,1,1.87501597404
442,0.0141202,0.014034030959,0,0,1.95238900185
443,0.0141172,0.0140340263024,0,0,1.92545604706
444,0.0141087,0.0140339629725,0,0,1.95145010948
445,0.0141124,0.0140339815989,0,0,1.89122486115
446,0.0141151,0.0140339331701,0,0,1.83613801003
447,0.0141147,0.0140339890495,0,0,1.82710385323
448,0.0141192,0.0140339201316,0,0,1.836384058
449,0.0141149,0.0140339164063,0,1,1.87341594696
450,0.0141133,0.0140338931233,0,1,2.05195116997
451,0.0141204,0.0140339322388,0,0,1.92361783981
452,0.014111,0.0140339005738,0,0,1.95256400108
453,0.0141203,0.0140338568017,0,1,1.99054503441
454,0.0141172,0.0140337981284,0,1,2.01927113533
455,0.0141085,0.0140337515622,0,1,1.98853802681
456,0.0141161,0.0140338381752,0,0,1.95327687263
457,0.0141075,0.0140337208286,1,1,1.99176621437
458,0.0141084,0.014033629559,0,1,2.01884794235
459,0.0141179,0.0140337478369,0,0,1.92412805557
460,0.0141089,0.0140337096527,0,0,1.96139979362
461,0.014106,0.014033713378,1,0,1.81786108017
462,0.0141169,0.0140336491168,0,0,1.83709406853
463,0.0141138,0.0140336044133,0,1,1.87489008904
464,0.0141128,0.0140336733311,0,0,1.95343899727
465,0.0141155,0.0140336891636,0,0,1.86955499649
466,0.0141142,0.014033684507,0,0,1.83701491356
467,0.0141097,0.0140336602926,0,0,1.81218910217
468,0.0141088,0.0140336835757,0,0,1.83656620979
469,0.0141064,0.0140335736796,0,1,1.87573504448
470,0.0141153,0.0140334647149,0,1,2.02042198181
471,0.01411,0.0140334498137,0,1,1.98869109154
472,0.0141086,0.0140334498137,0,0,1.94443511963
473,0.0141106,0.014033566229,0,0,1.81089186668
474,0.0141105,0.014033485204,0,0,1.91015386581
475,0.014119,0.0140335550532,0,0,1.88070511818
476,0.0141098,0.0140334805474,0,0,1.96444797516
477,0.0141145,0.0140333222225,0,1,1.87331104279
478,0.0141164,0.014033424668,0,0,1.95234799385
479,0.0141087,0.0140335261822,0,0,1.92493700981
480,0.0141146,0.0140333473682,0,0,1.95213603973
481,0.01412,0.0140334069729,0,0,1.92338109016
482,0.0141142,0.0140334200114,0,0,1.95348906517
483,0.0141138,0.0140334209427,0,0,1.95475697517
484,0.0141186,0.0140333520249,0,0,1.95328521729
485,0.0141158,0.0140333194286,0,1,1.98941802979
486,0.014112,0.0140332169831,0,1,2.01725387573
487,0.0141084,0.0140332337469,0,0,1.92388486862
488,0.014111,0.0140332626179,0,0,1.95036792755
489,0.0141043,0.0140332402661,1,0,1.92369604111
490,0.0141104,0.0140332421288,0,0,1.94983911514
491,0.0141119,0.014033167623,0,1,1.98594212532
492,0.0141135,0.014033228159,0,0,1.95132303238
493,0.0141094,0.0140331694856,0,0,1.92632079124
494,0.0141152,0.0140331303701,0,1,1.9857738018
495,0.0141084,0.0140331266448,0,1,1.98574709892
496,0.0141128,0.0140331229195,0,1,2.01915693283
497,0.0141139,0.0140330856666,0,1,1.98946905136
498,0.0141139,0.0140331191942,0,0,1.95213198662
499,0.0141087,0.0140331080183,0,0,1.91073703766
500,0.0141071,0.014033083804,0,1,2.01761007309
501,0.0141145,0.014033046551,0,1,1.98738908768
502,0.0141119,0.0140329813585,0,1,2.01624393463
503,0.0141127,0.0140330353752,0,0,1.95385694504
504,0.0141123,0.0140330353752,0,0,1.95281505585
505,0.0141095,0.0140329860151,0,0,1.92335700989
506,0.0141171,0.0140330428258,0,0,1.9282810688
507,0.0141124,0.0140329319984,0,1,1.87337493896
508,0.0141093,0.0140329515561,0,0,1.94168710709
509,0.0141164,0.0140329962596,0,0,1.89320778847
510,0.014119,0.0140329701826,0,0,1.95681905746
511,0.0141103,0.0140328267589,0,1,1.92179393768
512,0.0141133,0.0140328509733,0,0,1.9520008564
513,0.0141155,0.0140328463167,0,0,1.90554189682
514,0.0141178,0.0140328481793,0,0,1.8495349884
515,0.0141119,0.0140328416601,0,0,1.89293789864
516,0.0141178,0.0140327978879,0,1,1.92158389091
517,0.0141125,0.0140326274559,0,1,1.9892578125
518,0.0141117,0.0140328509733,0,0,1.95342087746
519,0.0141092,0.0140326963738,0,0,1.92279291153
520,0.014117,0.0140328146517,0,0,1.96525597572
521,0.0141108,0.0140327010304,0,0,1.92423200607
522,0.014114,0.0140327280387,0,0,1.95172810555
523,0.0141131,0.0140327280387,0,0,1.92425894737
524,0.0141189,0.0140327354893,0,0,1.95393395424
525,0.0141194,0.0140325371176,0,1,1.95808792114
526,0.0141151,0.0140326432884,0,0,1.95388698578
527,0.0141122,0.0140326386318,0,0,1.95414018631
528,0.0141123,0.0140326926485,0,0,1.96495509148
529,0.0141052,0.0140326321125,0,0,1.93993806839
530,0.0141164,0.0140326349065,0,0,1.97129511833
531,0.0141087,0.0140326200053,0,0,1.94084000587
532,0.0141067,0.0140326041728,0,0,1.96999287605
533,0.0141059,0.0140324970707,0,1,2.01275801659
534,0.0141134,0.0140324812382,0,1,2.00577902794
535,0.0141155,0.0140325892717,0,0,1.9240128994
536,0.0141177,0.0140324924141,0,0,1.95295596123
537,0.0141069,0.0140325082466,0,0,1.81374502182
538,0.0141165,0.0140325380489,0,0,1.84006595612
539,0.0141103,0.0140324281529,0,1,1.98941493034
540,0.0141101,0.0140324924141,0,0,1.95309901237
541,0.014116,0.0140324914828,0,0,1.92256808281
542,0.0141063,0.014032359235,0,1,2.01874494553
543,0.0141056,0.0140323657542,0,0,1.92385101318
544,0.0141098,0.0140323219821,0,1,2.02050495148
545,0.0141138,0.0140324337408,0,0,1.92452216148
546,0.0141097,0.0140323368832,0,0,1.95327711105
547,0.0141129,0.0140322977677,0,1,1.98824596405
548,0.0141147,0.0140323434025,0,0,1.95123314857
549,0.0141145,0.0140322539955,0,1,1.98899507523
550,0.014109,0.0140322316438,0,1,2.01944208145
551,0.014115,0.0140322353691,0,0,1.92343902588
552,0.0141159,0.0140322810039,0,0,1.94658708572
553,0.0141126,0.0140322400257,0,0,1.92208099365
554,0.0141123,0.0140321953222,0,1,2.02285695076
555,0.014113,0.0140322614461,0,0,1.92339396477
556,0.0141115,0.0140322269872,0,0,1.87812495232
557,0.0141076,0.0140321990475,0,0,1.81276416779
558,0.0141123,0.0140321431682,0,1,1.90011501312
559,0.0141187,0.0140320649371,0,1,1.9897711277
560,0.0141112,0.0140321152285,0,0,1.94347786903
561,0.0141093,0.0140320863575,0,0,1.92457985878
562,0.0141057,0.0140320872888,0,0,1.9523499012
563,0.0141102,0.0140320258215,0,1,1.87461709976
564,0.0141139,0.0140320118517,0,1,2.00339484215
565,0.0141079,0.0140319634229,0,1,1.99016094208
566,0.0141103,0.0140320463106,0,0,1.95314002037
567,0.0141063,0.0140319112688,0,1,1.93283390999
568,0.0141106,0.0140320071951,0,0,1.95395207405
569,0.0141143,0.0140320612118,0,0,1.81188988686
570,0.0141106,0.0140319773927,0,0,1.83903384209
571,0.0141125,0.0140318544582,0,1,1.91360211372
572,0.0141159,0.0140319149941,0,0,1.94151902199
573,0.0141137,0.0140318730846,0,0,1.81213307381
574,0.0141084,0.014031865634,0,0,1.9122338295
575,0.0141104,0.0140318907797,0,0,1.89041209221
576,0.0141098,0.0140319271013,0,0,1.83663487434
577,0.0141122,0.0140319103375,0,0,1.81133008003
578,0.0141075,0.0140318088233,0,1,1.91344499588
579,0.0141113,0.0140318954363,0,0,1.92357110977
580,0.0141099,0.0140317967162,0,1,1.99178600311
581,0.0141109,0.0140318209305,0,0,1.91474819183
582,0.0141072,0.0140317073092,0,1,1.89815497398
583,0.0141135,0.0140317101032,0,0,1.9220290184
584,0.0141044,0.0140318144113,0,0,1.9185769558
585,0.0141116,0.0140317426994,0,0,1.83617687225
586,0.0141104,0.0140316942707,0,1,1.92351603508
587,0.0141071,0.0140316104516,0,1,1.97376918793
588,0.0141167,0.0140316914767,0,0,1.95413899422
589,0.0141083,0.0140316365287,0,0,1.90840792656
590,0.014109,0.0140317073092,0,0,1.92013502121
591,0.0141107,0.0140316458419,0,0,1.84087204933
592,0.0141203,0.0140316775069,0,0,1.83953094482
593,0.0141125,0.0140316132456,0,0,1.81232595444
594,0.0141065,0.0140316905454,0,0,1.83692407608
595,0.01411,0.0140315964818,0,1,1.87722492218
596,0.0141114,0.0140315163881,0,1,2.01995706558
597,0.0141093,0.0140315489843,0,0,1.9136838913
598,0.0141109,0.0140315154567,0,1,2.02036905289
599,0.0141118,0.0140315499157,0,0,1.93551802635
600,0.0141055,0.0140314176679,0,1,1.90015387535
601,0.0141146,0.014031519182,0,0,1.92348217964
602,0.0141134,0.014031495899,0,0,1.9085278511
603,0.0141089,0.0140313925222,0,1,1.87462210655
604,0.0141143,0.0140315722674,0,0,1.95234489441
605,0.0141099,0.0140314213932,0,0,1.82687711716
606,0.0141094,0.0140313208103,0,1,1.96925377846
607,0.0141039,0.0140313291922,1,0,1.91321587563
608,0.0141089,0.0140314251184,0,0,1.83680391312
609,0.0141093,0.0140313887969,0,0,1.81440997124
610,0.0141096,0.0140313412994,0,0,1.83711791039
611,0.014115,0.0140312388539,0,1,1.87408208847
612,0.0141087,0.0140312677249,0,0,1.95420598984
613,0.0141104,0.0140313813463,0,0,1.94372391701
614,0.0141052,0.014031264931,0,0,1.87888598442
615,0.0141074,0.0140312854201,0,0,1.81204795837
616,0.0141096,0.0140312891454,0,0,1.83790016174
617,0.0141092,0.0140311541036,0,1,1.87436914444
618,0.0141141,0.014031380415,0,0,1.95481109619
619,0.0141039,0.0140311745927,1,0,1.86725902557
620,0.0141093,0.0140311978757,0,0,1.84156894684
621,0.0141068,0.0140311708674,0,0,1.81206703186
622,0.0141167,0.0140311447904,0,1,1.89930081367
623,0.014108,0.0140311773866,0,0,1.91352200508
624,0.0141147,0.0140311736614,0,0,1.90013194084
625,0.0141102,0.0140311485156,0,0,1.92195510864
626,0.014108,0.0140310935676,0,1,1.94245100021
627,0.014111,0.0140310497954,0,1,2.00767302513
628,0.0141094,0.0140309426934,0,1,2.00505709648
629,0.0141123,0.0140310004354,0,0,1.91530108452
630,0.0141132,0.0140310116112,0,0,1.83705496788
631,0.0141059,0.0140310497954,0,0,1.89188194275
632,0.0141127,0.0140309594572,0,0,1.85958790779
633,0.0141187,0.0140309883282,0,0,1.81038689613
634,0.0141117,0.0140309464186,0,0,1.83987092972
635,0.0141091,0.0140309371054,0,1,1.87066292763
636,0.0141099,0.014030941762,0,0,1.83692002296
637,0.014114,0.0140308802947,0,1,1.97887301445
638,0.0141101,0.0140308700502,0,1,2.02082204819
639,0.0141103,0.014030912891,0,0,1.92222094536
640,0.0141061,0.0140308355913,0,1,2.00568795204
641,0.0141081,0.0140308951959,0,0,1.92488193512
642,0.0141154,0.0140308309346,0,1,1.96989512444
643,0.0141126,0.0140308206901,0,1,1.97512221336
644,0.0141043,0.0140308886766,0,0,1.98291397095
645,0.0141133,0.0140308253467,0,0,1.87169885635
646,0.0141103,0.0140306623653,0,1,1.9847650528
647,0.0141049,0.0140307471156,0,0,1.91438794136
648,0.0141053,0.0140308700502,0,0,1.9458360672
649,0.014112,0.0140308784321,0,0,1.94350099564
650,0.0141103,0.0140306744725,0,0,1.95035004616
651,0.0141069,0.0140307508409,0,0,1.96769714355
652,0.0141091,0.014030624181,0,1,2.03995895386
653,0.014106,0.0140306772664,0,0,1.92456793785
654,0.0141051,0.0140307089314,0,0,1.95202994347
655,0.0141088,0.0140306157991,0,1,1.99121499062
656,0.0141126,0.0140307173133,0,0,1.9459438324
657,0.0141093,0.0140306791291,0,0,1.91205501556
658,0.0141073,0.0140305599198,0,1,1.99409604073
659,0.0141093,0.0140306334943,0,0,1.92433691025
660,0.0141115,0.0140306456015,0,0,1.95464110374
661,0.0141131,0.0140305627137,0,0,1.92600417137
662,0.0141069,0.0140306316316,0,0,1.95375204086
663,0.0141039,0.0140305040404,0,1,1.9872469902
664,0.0141102,0.0140305161476,0,0,1.95285201073
665,0.0141079,0.0140305235982,0,0,1.92403697968
666,0.0141106,0.0140304611996,0,1,2.02078986168
667,0.0141112,0.0140304779634,0,0,1.92401099205
668,0.0141162,0.0140303447843,0,1,2.02647089958
669,0.0141075,0.0140303773805,0,0,1.92546105385
670,0.0141096,0.014030396007,0,0,1.95671010017
671,0.0141076,0.0140304751694,0,0,1.91595387459
672,0.0141055,0.0140303038061,0,1,2.0201280117
673,0.0141109,0.0140303997323,0,0,1.92347884178
674,0.0141104,0.0140303559601,0,0,1.95534396172
675,0.0141077,0.0140303587541,0,0,1.9242310524
676,0.0141115,0.0140303606167,0,0,1.9804828167
677,0.0141076,0.0140303485096,0,0,1.94032597542
678,0.0141069,0.0140303149819,0,0,1.97701907158
679,0.0141078,0.0140302740037,0,1,2.00896000862
680,0.0141059,0.0140303494409,0,0,1.95333409309
681,0.014108,0.0140302861109,0,0,1.92595291138
682,0.0141093,0.0140301780775,0,1,1.97231698036
683,0.0141094,0.0140301370993,0,1,1.98977017403
684,0.0141105,0.014030075632,0,1,2.0189230442
685,0.0141079,0.0140302097425,0,0,1.9239089489
686,0.0141077,0.0140301901847,0,0,1.95096993446
687,0.014109,0.0140300421044,0,1,1.99148988724
688,0.0141056,0.014030136168,0,0,1.95914196968
689,0.0141099,0.0140300989151,0,0,1.92408704758
690,0.0141117,0.0140300691128,0,0,1.95188593864
691,0.0141046,0.0140301454812,0,0,1.9231569767
692,0.0141068,0.014030075632,0,0,1.95221590996
693,0.0141093,0.0140301007777,0,0,1.81198596954
694,0.0141049,0.0140300244093,0,1,1.9576458931
695,0.0141055,0.0140300141647,0,1,2.02030301094
696,0.0141086,0.0140300625935,0,0,1.95590019226
697,0.0140998,0.0140300272033,1,0,1.90933394432
698,0.0141113,0.0140300244093,0,0,1.83700704575
699,0.0141047,0.014029965736,0,1,1.87402701378
700,0.0141082,0.0140300104395,0,0,1.95194387436
701,0.0141066,0.0140299126506,0,1,1.98937010765
702,0.0141085,0.0140298772603,0,1,2.01882386208
703,0.0141101,0.0140298111364,0,1,1.97455215454
704,0.0141062,0.0140298167244,0,0,1.95189404488
705,0.0141026,0.0140297943726,0,1,1.96051883698
706,0.0141027,0.0140298027545,0,0,1.83616185188
707,0.0141042,0.0140298707411,0,0,1.81104898453
708,0.0141094,0.014029818587,0,0,1.83721208572
709,0.0141118,0.014029760845,0,1,1.87379288673
710,0.0141057,0.0140297468752,0,1,2.00319910049
711,0.0141058,0.0140296407044,0,1,1.98929595947
712,0.0141103,0.0140297831967,0,0,1.95591902733
713,0.0141071,0.0140295960009,0,1,1.98925185204
714,0.0141062,0.0140296034515,0,0,1.9525001049
715,0.0141056,0.0140297142789,0,0,1.85467600822
716,0.0141054,0.0140297999606,0,0,1.83752298355
717,0.0141066,0.0140296733007,0,0,1.81416320801
718,0.0141048,0.0140294441953,0,1,1.91494297981
719,0.0141099,0.0140295475721,0,0,1.94279384613
720,0.0141037,0.0140296202153,0,0,1.83567500114
721,0.0141041,0.0140295056626,0,0,1.81122303009
722,0.0141074,0.0140296276659,0,0,1.89130711555
723,0.0141037,0.0140294590965,0,0,1.92366290092
724,0.0141083,0.014029645361,0,0,1.87740898132
725,0.0141069,0.0140296043828,0,0,1.8107688427
726,0.0141043,0.0140295708552,0,0,1.83859395981
727,0.0141077,0.0140294991434,0,0,1.81161904335
728,0.0141105,0.0140295140445,0,0,1.85900688171
729,0.0141119,0.0140295354649,0,0,1.92615604401
730,0.0141044,0.0140293352306,0,1,1.9014480114
731,0.0141054,0.0140295540914,0,0,1.92172312737
732,0.0141092,0.014029301703,0,1,2.01663088799
733,0.0141081,0.0140294292942,0,0,1.93426084518
734,0.0141046,0.0140292793512,0,1,2.02000999451
735,0.0141117,0.0140294451267,0,0,1.92094707489
736,0.014105,0.0140294479206,0,0,1.95222210884
737,0.0141107,0.014029388316,0,0,1.89595103264
738,0.0141072,0.0140292746946,0,1,1.97902393341
739,0.0141101,0.014029241167,0,1,1.98722696304
740,0.0141021,0.0140292914584,0,0,1.97481203079
741,0.0141076,0.0140293519944,0,0,1.83552002907
742,0.0141032,0.0140292709693,0,0,1.92092609406
743,0.0141104,0.0140291685238,0,1,1.9919629097
744,0.0141074,0.0140292057768,0,0,1.95446610451
745,0.0141073,0.0140291266143,0,1,1.90060305595
746,0.014108,0.0140291843563,0,0,1.93322587013
747,0.0140988,0.0140291443095,1,0,1.92270612717
748,0.0141068,0.0140291200951,0,1,1.9808819294
749,0.0141102,0.0140290539712,0,1,1.99039101601
750,0.0141075,0.0140290502459,0,1,2.01164197922
751,0.0141056,0.0140290660784,0,0,1.92607808113
752,0.0141033,0.0140290735289,0,0,1.94292116165
753,0.0141063,0.0140289925039,0,1,1.96427702904
754,0.0141058,0.0140290055424,0,0,1.95368695259
755,0.0141075,0.0140289440751,0,1,1.97835206985
756,0.0141054,0.0140290698037,0,0,1.95272493362
757,0.0141123,0.0140291079879,0,0,1.89737200737
758,0.0141089,0.0140290316194,0,0,1.84068489075
759,0.0141088,0.0140289170668,0,1,1.92229914665
760,0.0141053,0.014029128477,0,0,1.95230102539
761,0.0141093,0.0140289720148,0,0,1.8129761219
762,0.0141072,0.0140289701521,0,0,1.85236310959
763,0.0141001,0.0140288267285,0,1,1.87688994408
764,0.0141057,0.0140289412811,0,0,1.94962978363
765,0.0141077,0.0140289422125,0,0,1.92510700226
766,0.014105,0.0140287904069,0,1,1.8971991539
767,0.0141087,0.014028782025,0,1,1.98959302902
768,0.0141061,0.0140289766714,0,0,1.95356106758
769,0.0141074,0.0140288332477,0,0,1.88258004189
770,0.014101,0.014028782025,0,0,1.88955020905
771,0.0141046,0.014028810896,0,0,1.81260204315
772,0.0141052,0.0140286944807,0,1,1.90091395378
773,0.0141075,0.0140287354589,0,0,1.92536878586
774,0.0141061,0.0140287606046,0,0,1.87789511681
775,0.0141054,0.0140288034454,0,0,1.8159160614
776,0.0141035,0.0140287587419,0,0,1.83640909195
777,0.0141051,0.0140287037939,0,0,1.89541101456
778,0.0141063,0.0140286656097,0,1,1.9193520546
779,0.0141101,0.0140287419781,0,0,1.92668390274
780,0.0141127,0.014028603211,0,1,1.90880393982
781,0.0141089,0.0140286404639,0,0,1.91252088547
782,0.0141105,0.0140286153182,0,0,1.91811680794
783,0.014101,0.0140285911039,0,1,1.89172911644
784,0.0141018,0.014028522186,0,1,2.00350213051
785,0.0141031,0.0140284858644,0,1,1.9891898632
786,0.0141024,0.0140285650268,0,0,1.94405794144
787,0.0141108,0.0140286386013,0,0,1.81241583824
788,0.0141081,0.0140285100788,0,0,1.83710098267
789,0.0141019,0.0140283992514,0,1,1.87712907791
790,0.0141057,0.0140285436064,0,0,1.95265698433
791,0.0141092,0.0140283787623,0,1,1.98875308037
792,0.0141117,0.0140285287052,0,0,1.8363699913
793,0.0141074,0.0140284113586,0,0,1.87619495392
794,0.0141064,0.0140283834189,0,0,1.92888307571
795,0.0141011,0.0140283554792,0,1,1.8733549118
796,0.0141045,0.0140284718946,0,0,1.94618296623
797,0.0141069,0.0140283741057,0,0,1.83066916466
798,0.0141088,0.01402828563,0,1,2.01898407936
799,0.0141137,0.0140283508226,0,0,1.91146492958
800,0.0141059,0.0140283629298,0,0,1.83805799484
801,0.0141057,0.014028351754,0,0,1.81225681305
802,0.0141052,0.0140282660723,0,1,1.90039420128
803,0.0141056,0.0140284160152,0,0,1.92729187012
804,0.0141041,0.014028170146,0,1,1.95057106018
805,0.0141072,0.0140282120556,0,0,1.92558908463
806,0.0141012,0.0140282325447,0,0,1.9301199913
807,0.0141058,0.0140281952918,0,0,1.8274409771
808,0.0141036,0.0140282036737,0,0,1.83683395386
809,0.0141057,0.0140281198546,0,1,1.87374901772
810,0.0141071,0.0140281869099,0,0,1.95264482498
811,0.0141068,0.0140281384811,0,0,1.92287611961
812,0.0141079,0.0140280844644,0,1,2.022742033
813,0.014109,0.0140281226486,0,0,1.9219019413
814,0.0141022,0.0140281524509,0,0,1.9512360096
815,0.0141013,0.0140281198546,0,0,1.87818694115
816,0.0141047,0.014028086327,0,0,1.91630291939
817,0.0141082,0.01402799692,0,1,1.97308778763
818,0.0141076,0.0140280202031,0,0,1.94138813019
819,0.0141014,0.0140280537307,0,0,1.87454295158
820,0.01411,0.0140280071646,0,0,1.95381093025
821,0.0141037,0.0140279838815,0,1,1.99058294296
822,0.0141093,0.0140278628096,0,1,2.01916503906
823,0.0141139,0.0140280453488,0,0,1.92279195786
824,0.0141016,0.0140278497711,0,1,2.01884293556
825,0.0141028,0.0140279084444,0,0,1.92200112343
826,0.0141,0.0140278618783,0,0,1.91959691048
827,0.0141073,0.0140279531479,0,0,1.92502093315
828,0.0141041,0.0140278572217,0,0,1.97727012634
829,0.0141066,0.0140278749168,0,0,1.94597101212
830,0.0141038,0.0140278134495,0,1,2.03648400307
831,0.0141063,0.014027829282,0,0,1.92505097389
832,0.0141073,0.0140277277678,0,1,2.02283287048
833,0.0141018,0.014027768746,0,0,1.92302393913
834,0.0141049,0.014027887024,0,0,1.95167398453
835,0.0141024,0.0140277566388,0,0,1.85154390335
836,0.0141011,0.0140276914462,0,1,1.89935708046
837,0.0141029,0.0140277389437,0,0,1.9230401516
838,0.0141041,0.0140277445316,0,0,1.91909909248
839,0.014108,0.0140277603641,0,0,2.12473702431
840,0.014104,0.0140275908634,0,1,2.01771116257
841,0.0141082,0.0140276122838,0,0,1.92159605026
842,0.0140991,0.0140277538449,0,0,1.88813996315
843,0.0141122,0.0140275936574,0,0,1.92284202576
844,0.0141068,0.0140276439488,0,0,1.93427419662
845,0.014111,0.0140276383609,0,0,1.81307697296
846,0.0141067,0.0140276513994,0,0,1.83572697639
847,0.0141009,0.0140274744481,0,1,1.88681483269
848,0.0141068,0.0140275331214,0,0,1.93233394623
849,0.0141083,0.0140275191516,0,0,1.94043302536
850,0.014108,0.0140275526792,0,0,1.85311985016
851,0.0141012,0.0140275778249,0,0,1.90648198128
852,0.0141079,0.0140274669975,0,1,1.99719810486
853,0.0141046,0.0140273813158,0,1,1.99503779411
854,0.0141016,0.0140274865553,0,0,1.93305301666
855,0.0141059,0.0140273198485,0,1,1.95626592636
856,0.0141059,0.0140272909775,0,1,2.02733588219
857,0.0141046,0.0140273617581,0,0,1.92993593216
858,0.0141066,0.0140273971483,0,0,1.81916093826
859,0.0141046,0.0140273030847,0,0,1.82710695267
860,0.0141002,0.014027312398,0,0,1.91043496132
861,0.0141076,0.0140272462741,0,1,1.89706611633
862,0.0141031,0.0140273980796,0,0,1.95324993134
863,0.0140999,0.0140272760764,0,0,1.9857468605
864,0.0141085,0.0140273142606,0,0,1.95061779022
865,0.0141028,0.0140272332355,0,1,2.02041506767
866,0.0141004,0.0140272630379,0,0,1.93797492981
867,0.0141073,0.0140271866694,0,1,2.01030802727
868,0.014106,0.0140272434801,0,0,1.93460607529
869,0.0141038,0.0140271373093,0,1,2.00509619713
870,0.0141044,0.0140271587297,0,0,1.93340992928
871,0.0141065,0.0140271615237,0,0,1.9441242218
872,0.0141005,0.0140270441771,0,1,1.95577502251
873,0.0141065,0.0140270879492,0,0,1.94173312187
874,0.0141003,0.0140271149576,0,0,1.88198280334
875,0.0141077,0.0140271531418,0,0,1.82476806641
876,0.0141094,0.014027136378,0,0,1.82239699364
877,0.0141021,0.0140269221738,0,1,1.88725113869
878,0.0140978,0.0140269640833,1,0,1.99149417877
879,0.0141077,0.0140269799158,0,0,1.95877504349
880,0.0140997,0.0140270004049,0,0,1.95040011406
881,0.0141003,0.0140269640833,0,0,1.88159584999
882,0.0141101,0.0140270041302,0,0,1.83508706093
883,0.0141042,0.014026908204,0,1,1.97792100906
884,0.0141016,0.0140269044787,0,1,2.00017499924
885,0.0141054,0.0140268569812,0,1,2.01528811455
886,0.0141072,0.0140268774703,0,0,1.9382519722
887,0.0141076,0.01402690541,0,0,1.89025998116
888,0.0141051,0.0140267992392,0,1,1.88279294968
889,0.0141009,0.0140268485993,0,0,1.94186401367
890,0.0141018,0.0140267256647,0,1,1.91469693184
891,0.0140996,0.0140267917886,0,0,1.94163489342
892,0.0141037,0.0140268905088,0,0,1.90014100075
893,0.0141055,0.0140267750248,0,0,1.82942986488
894,0.0141042,0.0140267312527,0,0,1.81793093681
895,0.0140997,0.0140266288072,0,1,1.89482307434
896,0.014104,0.014026763849,0,0,1.93076896667
897,0.0141052,0.0140266129747,0,1,2.00572800636
898,0.0141027,0.0140267098323,0,0,1.93592190742
899,0.0141028,0.0140265934169,0,1,2.00968503952
900,0.0141031,0.0140266856179,0,0,1.85410523415
901,0.014101,0.0140265766531,0,1,1.97563910484
902,0.0141001,0.0140265813097,0,0,1.82153201103
903,0.0141059,0.0140266101807,0,0,1.82893705368
904,0.0141057,0.0140265673399,0,1,1.88013577461
905,0.014103,0.0140265058726,0,1,1.99999403954
906,0.0141047,0.0140265524387,0,0,1.93204903603
907,0.0141009,0.0140264621004,0,1,1.92304992676
908,0.0141035,0.0140265095979,0,0,1.93246293068
909,0.0140998,0.0140264593065,0,1,1.94530701637
910,0.0141,0.0140265645459,0,0,1.93186116219
911,0.0141001,0.0140263754874,0,1,2.00099802017
912,0.0141053,0.0140263531357,0,1,1.99992084503
913,0.0141022,0.014026469551,0,0,1.94411802292
914,0.0141005,0.0140264099464,0,0,1.85571599007
915,0.0140994,0.0140263354406,0,1,1.89326810837
916,0.0141013,0.0140262106434,0,1,2.0049598217
917,0.0141049,0.0140262423083,0,0,1.93392705917
918,0.0141023,0.0140262832865,0,0,1.81972098351
919,0.0141036,0.0140262432396,0,0,1.91015100479
920,0.014102,0.0140263605863,0,0,1.92902898788
921,0.0141046,0.014026270248,0,0,1.83071208
922,0.0141023,0.0140262953937,0,0,1.81765508652
923,0.014108,0.0140262059867,0,1,1.88795900345
924,0.014101,0.0140262153,0,0,1.92992401123
925,0.0141064,0.0140261827037,0,1,1.93899297714
926,0.0141025,0.0140262050554,0,0,1.94887399673
927,0.0141032,0.0140261072665,0,1,1.88806891441
928,0.0141003,0.0140261407942,0,0,1.91822814941
929,0.0141027,0.0140260718763,0,1,1.88767886162
930,0.0141038,0.0140260551125,0,1,1.99964809418
931,0.0141027,0.0140260718763,0,0,1.93339896202
932,0.0141052,0.0140262087807,0,0,1.81529307365
933,0.0141062,0.0140259927139,0,1,1.90626096725
934,0.0141027,0.0140260318294,0,0,1.92836213112
935,0.0141025,0.0140260215849,0,0,1.93954586983
936,0.0141038,0.0140259871259,0,1,1.96404695511
937,0.014105,0.0140259666368,0,1,1.99413919449
938,0.0140976,0.0140259303153,1,1,1.99833703041
939,0.0141025,0.014025981538,0,0,1.94124102592
940,0.0141045,0.0140259992331,0,0,1.93676590919
941,0.0141021,0.0140259368345,0,0,1.8266108036
942,0.0141028,0.0140258837491,0,1,1.88340997696
943,0.0140981,0.0140258613974,0,1,2.01346302032
944,0.0141041,0.0140258045867,0,1,1.99810194969
945,0.0140999,0.0140258511528,0,0,1.9463789463
946,0.0141046,0.0140257915482,0,1,1.96746993065
947,0.0141055,0.0140257747844,0,1,1.99839806557
948,0.0141028,0.0140258185565,0,0,1.93370985985
949,0.0140986,0.0140258353204,0,0,1.83263611794
950,0.0141039,0.0140257831663,0,0,1.9038131237
951,0.0141039,0.0140257133171,0,1,1.90854001045
952,0.0140994,0.0140256723389,0,1,1.97709202766
953,0.0141042,0.0140256527811,0,1,2.01335406303
954,0.0141036,0.0140256239101,0,1,1.99512791634
955,0.0141061,0.0140255820006,0,1,2.00196385384
956,0.0140964,0.0140255559236,1,1,1.98763513565
957,0.0141034,0.0140255792066,0,0,1.95473599434
958,0.0141008,0.0140254916623,0,1,1.96249318123
959,0.0140991,0.0140256853774,0,0,1.94759082794
960,0.0140971,0.0140255875885,0,0,1.83166599274
961,0.0141037,0.0140256453305,0,0,1.95533514023
962,0.0141037,0.0140255149454,0,0,1.90659403801
963,0.0141099,0.0140255717561,0,0,1.8367729187
964,0.0141015,0.0140255102888,0,0,1.85839390755
965,0.0141023,0.014025464654,0,1,2.01903510094
966,0.0140962,0.0140253640711,1,1,1.98674297333
967,0.0141071,0.0140254367143,0,0,1.95532107353
968,0.0141012,0.0140253566206,0,1,1.95479416847
969,0.0140997,0.0140253650025,0,0,1.94462800026
970,0.0141035,0.0140254246071,0,0,1.80962014198
971,0.0140995,0.0140253696591,0,0,1.83552098274
972,0.0141011,0.0140252867714,0,1,1.87212109566
973,0.0141013,0.0140251507983,0,1,1.89583015442
974,0.0141048,0.0140251796693,0,0,1.92428708076
975,0.0140981,0.0140252877027,0,0,1.91246986389
976,0.0140971,0.0140254097059,0,0,1.81155991554
977,0.0141078,0.0140252383426,0,0,1.83431005478
978,0.0140952,0.0140252606943,1,0,1.84123706818
979,0.0140986,0.0140252225101,0,0,1.92556595802
980,0.0141003,0.0140251107514,0,1,1.88074994087
981,0.0141018,0.0140252420679,0,0,1.94004201889
982,0.0141004,0.0140251396224,0,0,1.81508588791
983,0.014099,0.0140251806006,0,0,1.88128614426
984,0.0140968,0.0140250492841,0,1,1.9890768528
985,0.0141024,0.0140251675621,0,0,1.95025086403
986,0.0141045,0.0140251694247,0,0,1.92287802696
987,0.0140981,0.0140250744298,0,0,1.91834187508
988,0.0140994,0.0140249701217,0,1,1.87141609192
989,0.0140993,0.0140250297263,0,0,1.94623398781
990,0.0141028,0.0140249477699,0,1,1.87161517143
991,0.0141006,0.0140250213444,0,0,1.94666290283
992,0.0141007,0.014024800621,0,1,1.89505696297
993,0.0141,0.0140248751268,0,0,1.94391179085
994,0.014099,0.0140248043463,0,0,1.86252903938
995,0.0141019,0.0140248378739,0,0,1.89632201195
996,0.0140958,0.0140246842057,0,1,1.87222790718
997,0.014094,0.014024852775,1,0,1.95211815834
998,0.014104,0.014024855569,0,0,1.92114496231
999,0.0141004,0.0140248155221,0,0,1.97926902771
1000,0.0140984,0.0140246609226,0,1,2.00780415535
1001,0.0141006,0.0140247726813,0,0,1.95259618759
1002,0.014104,0.0140247708187,0,0,1.9250061512
1003,0.0140945,0.0140246832743,0,0,1.90748095512
1004,0.0141041,0.0140248155221,0,0,1.89386796951
1005,0.0140984,0.0140247652307,0,0,1.85584807396
1006,0.0141043,0.0140244811773,0,1,1.87042808533
1007,0.0141002,0.014024535194,0,0,1.95543313026
1008,0.0141005,0.0140245454386,0,0,1.92270088196
1009,0.0141052,0.0140245128423,0,0,1.98308706284
1010,0.014105,0.0140245901421,0,0,1.93865895271
1011,0.014106,0.014024425298,0,1,2.0377240181
1012,0.014103,0.0140245733783,0,0,1.94252300262
1013,0.0141043,0.0140246367082,0,0,1.975949049
1014,0.0141012,0.0140244243667,0,1,1.93466615677
1015,0.0141007,0.0140243759379,0,1,2.03835201263
1016,0.0140946,0.014024425298,0,0,2.00846195221
1017,0.0141002,0.0140244765207,0,0,1.96884918213
1018,0.0141079,0.0140245296061,0,0,1.94866800308
1019,0.0141005,0.0140242883936,0,1,2.05609107018
1020,0.0141031,0.0140243703499,0,0,1.9351940155
1021,0.0141018,0.0140243824571,0,0,1.92403507233
1022,0.0141009,0.0140243982896,0,0,1.90152692795
1023,0.0141006,0.014024309814,0,0,1.94641184807
1024,0.0140953,0.0140242613852,0,1,1.97674512863
1025,0.0140989,0.0140242418274,0,1,2.01412892342
1026,0.0140979,0.0140243107453,0,0,1.91881108284
1027,0.014096,0.01402430702,0,0,1.82943606377
1028,0.0141042,0.0140242855996,0,0,1.87471199036
1029,0.014098,0.0140242604539,0,0,1.92237520218
1030,0.0141026,0.0140241505578,0,1,1.88383197784
1031,0.0140992,0.0140241291374,0,1,2.05240702629
1032,0.0140927,0.0140241514891,1,0,1.93833899498
1033,0.0141004,0.0140241291374,0,0,1.98465299606
1034,0.0141012,0.0140239885077,0,1,2.01294517517
1035,0.0141001,0.0140240266919,0,0,1.98812794685
1036,0.0141024,0.0140240136534,0,0,1.98603510857
1037,0.0140992,0.0140241384506,0,0,1.94914102554
1038,0.0140956,0.0140240769833,0,0,1.86261892319
1039,0.0141001,0.014024049975,0,0,1.83863902092
1040,0.0141027,0.0140240285546,0,0,1.81953310966
1041,0.014102,0.0140239791945,0,1,1.89206194878
1042,0.0141028,0.0140239037573,0,1,1.98237109184
1043,0.0141004,0.0140240136534,0,0,1.94926691055
1044,0.0141002,0.0140237482265,0,1,1.9873111248
1045,0.0141014,0.0140239736065,0,0,1.95085811615
1046,0.0140968,0.0140237482265,0,0,1.8598959446
1047,0.0140984,0.0140237631276,0,0,1.83150601387
1048,0.0140988,0.014023819007,0,0,1.91692304611
1049,0.0141009,0.0140237594023,0,0,1.91564583778
1050,0.0141025,0.0140237919986,0,0,1.88648581505
1051,0.014094,0.014023755677,0,0,1.8872551918
1052,0.0140998,0.0140236513689,0,1,1.88179302216
1053,0.0140999,0.0140237025917,0,0,1.94374990463
1054,0.0140962,0.0140236904845,0,0,1.91606998444
1055,0.0141036,0.0140235861763,0,1,1.90441203117
1056,0.0140979,0.0140237454325,0,0,1.93195605278
1057,0.014096,0.0140236867592,0,0,1.91429901123
1058,0.0141007,0.0140235256404,0,1,1.98230695724
1059,0.0141068,0.0140235489234,0,0,1.94922995567
1060,0.0140986,0.0140236197039,0,0,1.93484115601
1061,0.0140999,0.0140235722065,0,0,1.82945680618
1062,0.0140996,0.0140235070139,0,1,1.88113093376
1063,0.0140997,0.0140236252919,0,0,1.9459540844
1064,0.014103,0.0140234231949,0,1,1.99774193764
1065,0.014093,0.0140234706923,0,0,1.95779109001
1066,0.014097,0.0140235051513,0,0,1.81572699547
1067,0.0140965,0.0140234343708,0,0,1.83425807953
1068,0.0141025,0.0140233775601,0,1,1.95489192009
1069,0.0141003,0.0140232611448,0,1,1.99858403206
1070,0.0140979,0.014023409225,0,0,1.93425416946
1071,0.0140988,0.0140234017745,0,0,1.92228198051
1072,0.0140957,0.0140233058482,0,0,1.86983704567
1073,0.0140958,0.0140232928097,0,0,1.98779892921
1074,0.0140981,0.0140231624246,0,1,1.99761509895
1075,0.0140991,0.0140232043341,0,0,1.94451594353
1076,0.0141021,0.0140232928097,0,0,1.93102097511
1077,0.014103,0.0140231242403,0,1,1.9387409687
1078,0.0140984,0.0140233933926,0,0,1.91688108444
1079,0.0140967,0.0140231633559,0,0,1.84150195122
1080,0.0141001,0.0140231177211,0,1,1.99666810036
1081,0.014095,0.0140230348334,0,1,2.02303409576
1082,0.0140963,0.0140231614932,0,0,1.93596315384
1083,0.0140983,0.0140230273828,0,1,2.01636099815
1084,0.0140972,0.0140230664983,0,0,1.93701601028
1085,0.014102,0.0140230767429,0,0,1.96585416794
1086,0.0140965,0.0140230571851,0,0,1.93908405304
1087,0.0140978,0.0140231922269,0,0,2.10896801949
1088,0.0140952,0.0140230273828,0,0,1.92871308327
1089,0.0140915,0.0140229016542,1,1,2.05672717094
1090,0.0140969,0.0140229705721,0,0,1.94013905525
1091,0.0140997,0.0140229193494,0,0,1.94768691063
1092,0.0140954,0.0140228653327,0,1,2.02482700348
1093,0.0141032,0.0140229025856,0,0,1.96988606453
1094,0.0141016,0.0140228476375,0,1,1.99085688591
1095,0.0140949,0.0140226697549,0,1,2.02416300774
1096,0.0140946,0.0140228029341,0,0,1.96513795853
1097,0.0140975,0.0140227889642,0,0,1.96159291267
1098,0.0140957,0.0140227098018,0,0,1.96348619461
1099,0.0140957,0.0140227265656,0,0,1.96226286888
1100,0.0140995,0.0140226911753,0,0,1.97466993332
1101,0.0140958,0.0140227926895,0,0,1.88060212135
1102,0.0140987,0.0140226865187,0,0,1.85990095139
1103,0.0140956,0.0140225356445,0,1,1.99378299713
1104,0.0140995,0.0140226483345,0,0,1.95941901207
1105,0.0140968,0.0140227582306,0,0,1.94510293007
1106,0.014098,0.0140225794166,0,0,1.89801096916
1107,0.0141006,0.0140225971118,0,0,1.94414901733
1108,0.0141003,0.0140227591619,0,0,1.94000482559
1109,0.0140951,0.0140225440264,0,0,1.85633277893
1110,0.014097,0.0140225533396,0,0,1.93521404266
1111,0.0140981,0.0140225077048,0,1,2.02111697197
1112,0.0140988,0.0140223018825,0,1,2.06294083595
1113,0.0140963,0.0140224387869,0,0,1.94940805435
1114,0.0140998,0.014022314921,0,0,1.89267706871
1115,0.0140987,0.0140224276111,0,0,1.9485309124
1116,0.0140998,0.014022375457,0,0,1.93800711632
1117,0.014098,0.0140223661438,0,0,1.94917321205
1118,0.0141031,0.0140222990885,0,1,2.01475119591
1119,0.014097,0.0140222497284,0,1,2.02343702316
1120,0.0140929,0.0140222925693,0,0,1.93607592583
1121,0.0140941,0.0140222376212,0,1,1.93317198753
1122,0.0140929,0.0140221538022,0,1,2.0126760006
1123,0.0141002,0.0140221454203,0,1,2.01397895813
1124,0.0140933,0.0140221873298,0,0,1.94560003281
1125,0.0140975,0.014022112824,0,1,2.02081012726
1126,0.0141058,0.0140220485628,0,1,2.01023721695
1127,0.0141011,0.0140220280737,0,1,2.01673007011
1128,0.0140927,0.0140221612528,0,0,1.94429302216
1129,0.0140933,0.0140220280737,0,0,1.8920071125
1130,0.0140951,0.0140219908208,0,1,1.99828982353
1131,0.0140927,0.0140221063048,0,0,1.91647005081
1132,0.014095,0.0140218893066,0,1,2.01793384552
1133,0.0140961,0.0140218492597,0,1,2.01921606064
1134,0.0140917,0.0140218185261,0,1,2.01684403419
1135,0.0140985,0.014022002928,0,0,1.95000505447
1136,0.014095,0.014021824114,0,0,1.95068478584
1137,0.0140998,0.0140217132866,0,1,2.00363111496
1138,0.0141043,0.0140218473971,0,0,1.95110797882
1139,0.0141016,0.0140217188746,0,0,1.93666505814
1140,0.0140926,0.0140219358727,0,0,1.92427706718
1141,0.0140951,0.01402177196,0,0,1.87511992455
1142,0.0140994,0.0140218045563,0,0,1.95411896706
1143,0.0140984,0.0140218082815,0,0,1.94085788727
1144,0.0141037,0.0140218352899,0,0,1.95028495789
1145,0.0140946,0.0140216723084,0,1,2.01394796371
1146,0.0140981,0.0140216816217,0,0,1.94854092598
1147,0.0140948,0.0140217049047,0,0,1.93937587738
1148,0.0140973,0.0140215717256,0,1,1.97709107399
1149,0.0141,0.0140216117725,0,0,1.93819212914
1150,0.0141034,0.0140216648579,0,0,1.901709795
1151,0.0140954,0.0140215745196,0,0,1.93849205971
1152,0.0140964,0.0140214823186,0,1,2.04946398735
1153,0.0140967,0.014021535404,0,0,1.94107699394
1154,0.0140953,0.0140215540305,0,0,1.83749508858
1155,0.0141002,0.0140214292333,0,1,2.00585103035
1156,0.014097,0.0140214161947,0,1,2.0026268959
1157,0.0141032,0.0140213575214,0,1,1.99210691452
1158,0.0140976,0.0140214981511,0,0,1.95499587059
1159,0.0140909,0.0140213789418,1,0,1.89926981926
1160,0.0140993,0.0140214171261,0,0,1.91706895828
1161,0.0140975,0.0140212932602,0,1,2.01589202881
1162,0.0140911,0.0140213146806,0,0,1.95696187019
1163,0.0140911,0.0140211284161,0,1,2.01744890213
1164,0.0140923,0.0140213025734,0,0,1.94237399101
1165,0.0140965,0.0140213165432,0,0,1.92441916466
1166,0.0140967,0.0140212876722,0,0,1.88723802567
1167,0.0140985,0.0140212820843,0,0,1.92038488388
1168,0.0140974,0.0140211768448,0,0,1.89512515068
1169,0.0140955,0.0140211535618,0,0,1.95265889168
1170,0.0140897,0.0140209412202,1,1,2.00387597084
1171,0.0140927,0.0140210539103,0,0,1.95509505272
1172,0.0140937,0.0140210650861,0,0,1.93515205383
1173,0.0140936,0.0140210594982,0,0,1.94987797737
1174,0.0140904,0.0140210026875,0,0,1.94393515587
1175,0.0140957,0.0140209728852,0,0,1.87647104263
1176,0.0140928,0.0140209300444,0,1,1.99100399017
1177,0.0140878,0.0140209039673,1,1,1.91283297539
1178,0.0140958,0.0140208639205,0,1,2.01321196556
1179,0.0140999,0.0140208182856,0,1,2.02822184563
1180,0.0141,0.0140205863863,0,1,2.01974415779
1181,0.0140995,0.0140208071098,0,0,1.93968915939
1182,0.0140951,0.0140208499506,0,0,1.95400309563
1183,0.0140957,0.0140207661316,0,0,1.93955588341
1184,0.0140925,0.0140207167715,0,0,1.95170497894
1185,0.014096,0.0140204904601,0,1,2.00560498238
1186,0.0140946,0.0140207996592,0,0,1.95306515694
1187,0.0140977,0.0140207819641,0,0,1.94109082222
1188,0.0140997,0.0140206366777,0,0,1.9130051136
1189,0.0140945,0.0140205351636,0,0,1.94586396217
1190,0.0140958,0.0140206031501,0,0,1.91143703461
1191,0.0140961,0.0140205956995,0,0,1.9415910244
1192,0.0140956,0.0140204550698,0,1,2.01225781441
1193,0.0141,0.0140206897631,0,0,1.9447760582
1194,0.0140945,0.0140205165371,0,0,1.90187811852
1195,0.0140957,0.0140204448253,0,1,2.01613402367
1196,0.0140922,0.0140203963965,0,1,2.01544904709
1197,0.0140954,0.0140203638002,0,1,2.01027989388
1198,0.0140925,0.014020524919,0,0,1.95236587524
1199,0.0140948,0.0140203470364,0,1,2.01602387428
1200,0.0140933,0.0140203600749,0,0,1.94785094261
1201,0.0140937,0.0140202911571,0,1,2.01630520821
1202,0.0140951,0.0140202557668,0,1,2.02042794228
1203,0.0140948,0.0140202641487,0,0,1.94141721725
1204,0.0140929,0.0140204196796,0,0,1.95191001892
1205,0.0140907,0.0140201644972,0,1,2.01006412506
1206,0.0140896,0.0140202119946,0,0,1.95302700996
1207,0.0140922,0.014020184055,0,0,1.91293096542
1208,0.014094,0.0140201980248,0,0,1.88849115372
1209,0.0140965,0.0140199391171,0,1,2.01056194305
1210,0.0140919,0.0140201225877,0,0,1.93835806847
1211,0.0140975,0.0140199642628,0,0,1.91556501389
1212,0.014092,0.0140200294554,0,0,1.9413831234
1213,0.014097,0.0140199651942,0,0,1.84458112717
1214,0.014092,0.0140199717134,0,0,1.94493985176
1215,0.0140956,0.0140199754387,0,0,1.87719106674
1216,0.0140931,0.0140198105946,0,1,1.95644688606
1217,0.0140968,0.0140198869631,0,0,1.93758296967
1218,0.0140917,0.014019745402,0,1,1.99680113792
1219,0.0140915,0.0140197314322,0,1,2.01859593391
1220,0.0140929,0.0140198022127,0,0,1.94015312195
1221,0.0140933,0.0140196336433,0,1,2.00349783897
1222,0.0140932,0.0140196382999,0,0,1.93700885773
1223,0.0140944,0.0140196261927,0,1,1.9510178566
1224,0.0140962,0.0140197398141,0,0,1.94995903969
1225,0.0140977,0.0140195479617,0,1,2.0198431015
1226,0.0140882,0.0140196736902,0,0,1.95217895508
1227,0.0140914,0.0140197519213,0,0,1.94975399971
1228,0.0140903,0.0140196336433,0,0,1.95305085182
1229,0.014096,0.0140196578577,0,0,1.9454369545
1230,0.0140963,0.0140193942934,0,1,2.02557110786
1231,0.0140936,0.0140194874257,0,0,1.96089100838
1232,0.014092,0.0140196140856,0,0,1.94474196434
1233,0.0140892,0.0140194147825,0,0,1.95280694962
1234,0.014096,0.0140194222331,0,0,1.90029001236
1235,0.0140936,0.014019346796,0,1,2.01820492744
1236,0.014093,0.0140193905681,0,0,1.94457221031
1237,0.0140932,0.0140193607658,0,0,1.92373394966
1238,0.0140968,0.0140190608799,0,1,1.98090291023
1239,0.0140926,0.0140191465616,0,0,1.93448901176
1240,0.0140923,0.0140193086118,0,0,1.85206794739
1241,0.014099,0.0140193793923,0,0,1.97681713104
1242,0.0140978,0.014019289054,0,0,1.94289302826
1243,0.0140886,0.0140190972015,0,0,1.94696903229
1244,0.0140891,0.0140191670507,0,0,1.94265294075
1245,0.014091,0.0140190161765,0,1,2.02058315277
1246,0.0140884,0.0140189388767,0,1,2.01522994041
1247,0.0140933,0.0140190720558,0,0,1.95411396027
1248,0.0140852,0.0140191260725,1,0,1.94257688522
1249,0.0140932,0.014018968679,0,0,1.91573596001
1250,0.0140925,0.0140188811347,0,1,2.00770401955
1251,0.0140875,0.014018853195,0,1,2.02294111252
1252,0.0140971,0.0140189770609,0,0,1.9387140274
1253,0.0140886,0.014018734917,0,1,2.02323102951
1254,0.0140905,0.0140187283978,0,1,2.01291418076
1255,0.0140906,0.0140187079087,0,1,1.97294306755
1256,0.0140938,0.0140187889338,0,0,1.92272400856
1257,0.0140955,0.01401882153,0,0,1.95862293243
1258,0.0140956,0.0140187563375,0,0,1.95065116882
1259,0.0140899,0.0140187544748,0,0,1.83121204376
1260,0.0140952,0.0140185849741,0,1,2.01114320755
1261,0.0140922,0.0140187023208,0,0,1.93960094452
1262,0.0140972,0.014018506743,0,1,1.98824810982
1263,0.0140918,0.0140187302604,0,0,1.93274617195
1264,0.0140863,0.0140185467899,0,0,1.95297789574
1265,0.0140935,0.0140184992924,0,1,1.99850797653
1266,0.0140954,0.0140186203644,0,0,1.9519610405
1267,0.0140939,0.0140185393393,0,0,1.91336297989
1268,0.0140911,0.0140184592456,0,1,1.97936296463
1269,0.0140896,0.0140184955671,0,0,1.94459199905
1270,0.0140921,0.014018422924,0,1,1.99508595467
1271,0.0140843,0.0140182767063,1,1,2.00871801376
1272,0.0140913,0.0140183232725,0,0,1.95615792274
1273,0.0140914,0.0140184145421,0,0,1.93720912933
1274,0.0140962,0.0140181835741,0,1,2.03890705109
1275,0.0140853,0.01401819475,0,0,1.94178390503
1276,0.0140927,0.0140180466697,0,1,2.02415204048
1277,0.0140926,0.0140180392191,0,1,2.0353372097
1278,0.0140937,0.0140182049945,0,0,1.95908594131
1279,0.0140949,0.0140182012692,0,0,1.93499088287
1280,0.0140929,0.0140180243179,0,1,1.95841407776
1281,0.0140961,0.0140179917216,0,1,2.00488591194
1282,0.0140935,0.0140180066228,0,0,1.94089102745
1283,0.0140933,0.0140179693699,0,1,2.00637984276
1284,0.0140957,0.0140179088339,0,1,2.00656414032
1285,0.0140897,0.0140179330483,0,0,1.93936800957
1286,0.01409,0.0140179339796,0,0,1.93973898888
1287,0.0140916,0.014017900452,0,1,2.00685191154
1288,0.0140911,0.0140179162845,0,0,1.94195914268
1289,0.0140919,0.0140177337453,0,1,1.90413284302
1290,0.014087,0.0140177458525,0,0,1.95810413361
1291,0.0140893,0.0140176899731,0,1,2.00837516785
1292,0.0140896,0.0140177858993,0,0,1.90589690208
1293,0.0140858,0.0140177691355,0,0,1.84075808525
1294,0.0140971,0.0140177765861,0,0,1.95699000359
1295,0.0140923,0.0140177886933,0,0,1.8796889782
1296,0.0140865,0.0140177458525,0,0,1.8918159008
1297,0.0140944,0.014017556794,0,1,1.97627091408
1298,0.0140879,0.014017530717,0,1,2.02829313278
1299,0.0140917,0.014017472975,0,1,1.99968504906
1300,0.0140925,0.0140173425898,0,1,2.01901984215
1301,0.0140886,0.014017242007,0,1,2.0023829937
1302,0.0140925,0.0140174459666,0,0,1.9534330368
1303,0.014092,0.0140173640102,0,0,1.93845105171
1304,0.014086,0.0140175521374,0,0,1.94586205482
1305,0.0140892,0.0140173509717,0,0,1.93525004387
1306,0.0140882,0.0140173267573,0,0,1.94286608696
1307,0.0140883,0.0140173966065,0,0,1.94147181511
1308,0.0140928,0.014017149806,0,1,1.97364187241
1309,0.0140878,0.0140173081309,0,0,1.97859191895
1310,0.0140911,0.0140172084793,0,0,1.94260406494
1311,0.0140892,0.0140170846134,0,1,2.01533007622
1312,0.0140883,0.0140169579536,0,1,2.00952100754
1313,0.0140906,0.0140169924125,0,0,1.96349096298
1314,0.0140898,0.0140169942752,0,0,1.94180202484
1315,0.0140866,0.0140169467777,0,1,1.97234606743
1316,0.0140891,0.0140169654042,0,0,1.94692611694
1317,0.0140879,0.0140170278028,0,0,1.94406914711
1318,0.0140854,0.0140169085935,0,1,2.04808402061
1319,0.0140902,0.014016892761,0,1,2.03700709343
1320,0.01409,0.0140167903155,0,1,2.04453015327
1321,0.0140911,0.0140168396756,0,0,1.95445394516
1322,0.0140957,0.0140168117359,0,0,1.94817399979
1323,0.0140901,0.0140168629587,0,0,1.9382379055
1324,0.0140837,0.0140165248886,1,1,1.95886611938
1325,0.0140882,0.0140167409554,0,0,1.97302889824
1326,0.0140875,0.0140166897327,0,0,1.9656560421
1327,0.0140897,0.0140166161582,0,0,1.970225811
1328,0.0140877,0.0140166124329,0,0,1.88365578651
1329,0.0140884,0.0140165863559,0,0,1.94907808304
1330,0.0140866,0.0140166897327,0,0,1.94563317299
1331,0.0140877,0.0140164699405,0,1,1.96629691124
1332,0.0140913,0.0140165705234,0,0,1.95892000198
1333,0.0140843,0.0140163134784,0,1,2.00597500801
1334,0.0140894,0.0140164270997,0,0,1.96318292618
1335,0.0140918,0.0140163563192,0,0,1.92276096344
1336,0.0140866,0.0140162911266,0,1,2.01979517937
1337,0.0140891,0.0140162156895,0,1,2.00797700882
1338,0.0140839,0.0140162305906,0,0,1.94511914253
1339,0.0140866,0.0140162454918,0,0,1.9361410141
1340,0.0140966,0.0140161504969,0,1,2.00326704979
1341,0.0140923,0.0140160089359,0,1,1.99145698547
1342,0.0140877,0.014015792869,0,1,2.02118015289
1343,0.0140867,0.0140162743628,0,0,1.93360614777
1344,0.0140894,0.0140159614384,0,0,1.91572093964
1345,0.0140917,0.0140161225572,0,0,1.92569899559
1346,0.0140869,0.0140160182491,0,0,1.91322112083
1347,0.0140871,0.0140159633011,0,0,1.94557905197
1348,0.0140882,0.0140159353614,0,0,2.30109119415
1349,0.0140904,0.0140160284936,0,0,1.88910102844
1350,0.0140854,0.0140157034621,0,1,1.92147612572
1351,0.0140842,0.0140158124268,0,0,1.9364259243
1352,0.0140874,0.0140156643465,0,1,2.01225614548
1353,0.0140819,0.0140157565475,1,0,1.93603301048
1354,0.0140824,0.0140155851841,0,1,1.95766282082
1355,0.0140846,0.0140156997368,0,0,1.96084594727
1356,0.0140888,0.0140156755224,0,0,1.92147088051
1357,0.0140913,0.014015590772,0,0,1.95561909676
1358,0.0140902,0.0140157621354,0,0,1.96666312218
1359,0.0140875,0.0140154361725,0,1,2.04816579819
1360,0.0140904,0.0140155684203,0,0,1.94931101799
1361,0.0140849,0.0140154073015,0,1,2.02396893501
1362,0.0140825,0.0140154846013,0,0,1.93836688995
1363,0.0140885,0.0140153691173,0,1,2.02473282814
1364,0.0140868,0.0140155749395,0,0,1.96550989151
1365,0.0140865,0.0140152312815,0,1,2.04219794273
1366,0.0140907,0.0140153737739,0,0,1.93668985367
1367,0.0140772,0.0140152610838,1,0,1.94819688797
1368,0.014084,0.0140152918175,0,0,1.95759701729
1369,0.014084,0.0140151251107,0,1,2.03856015205
1370,0.0140824,0.0140152741224,0,0,1.96128511429
1371,0.0140834,0.01401513163,0,0,1.92150306702
1372,0.0140901,0.0140151223168,0,1,2.02973794937
1373,0.0140916,0.0140151455998,0,0,1.94923686981
1374,0.0140865,0.0140150934458,0,1,1.98685097694
1375,0.0140921,0.014015073888,0,1,2.01552009583
1376,0.01408,0.0140149025247,0,1,2.02186703682
1377,0.0140863,0.014014816843,0,1,1.99059700966
1378,0.0140861,0.0140149062499,0,0,1.95538711548
1379,0.0140822,0.0140147758648,0,1,2.00541591644
1380,0.0140845,0.0140146827325,0,1,2.01735591888
1381,0.0140916,0.0140150049701,0,0,1.93962407112
1382,0.014088,0.0140147078782,0,0,1.90924596786
1383,0.0140845,0.0140146063641,0,1,1.97760605812
1384,0.0140839,0.0140145616606,0,1,2.03518009186
1385,0.0140846,0.014014701359,0,0,1.9730079174
1386,0.0140856,0.0140147209167,0,0,1.94179010391
1387,0.0140861,0.0140144880861,0,1,2.01309990883
1388,0.0140843,0.0140145430341,0,0,1.9398920536
1389,0.0140888,0.0140146473423,0,0,1.94454598427
1390,0.0140867,0.0140146249905,0,0,1.88910198212
1391,0.0140798,0.0140143008903,0,1,1.99393010139
1392,0.014082,0.0140143902972,0,0,1.94101119041
1393,0.0140846,0.0140141304582,0,1,2.0188729763
1394,0.0140887,0.0140142608434,0,0,1.93908905983
1395,0.0140941,0.0140143577009,0,0,1.94966888428
1396,0.0140823,0.0140142235905,0,0,1.94505000114
1397,0.0140834,0.0140141425654,0,0,1.90224003792
1398,0.0140816,0.014014297165,0,0,1.94517493248
1399,0.0140886,0.0140140159056,0,1,1.91766905785
1400,0.014084,0.0140140932053,0,0,1.93968391418
1401,0.014083,0.0140140047297,0,1,2.01922917366
1402,0.0140827,0.0140140885487,0,0,1.92813682556
1403,0.0140858,0.0140136508271,0,1,2.0089840889
1404,0.0140792,0.0140137374401,0,0,1.94218397141
1405,0.0140834,0.0140139013529,0,0,1.88752508163
1406,0.0140804,0.0140139786527,0,0,1.92993092537
1407,0.0140855,0.0140139367431,0,0,1.95131707191
1408,0.0140853,0.0140141332522,0,0,1.94291090965
1409,0.0140859,0.0140141136944,0,0,1.95068717003
1410,0.0140832,0.0140136722475,0,0,1.94495820999
1411,0.0140848,0.014013685286,0,0,1.92494511604
1412,0.0140833,0.0140136992559,0,0,1.945759058
1413,0.0140837,0.0140135921538,0,1,1.98389697075
1414,0.0140809,0.0140135427937,0,1,2.00840497017
1415,0.0140788,0.0140135586262,0,0,1.90551400185
1416,0.014082,0.0140134869143,0,1,1.97901988029
1417,0.0140787,0.0140131851658,0,1,1.99397110939
1418,0.0140849,0.0140133230016,0,0,1.94557404518
1419,0.0140862,0.0140133565292,0,0,1.87374711037
1420,0.0140805,0.014013428241,0,0,1.89900422096
1421,0.0140784,0.014013344422,0,0,1.90749597549
1422,0.0140852,0.014013281092,0,0,1.94673204422
1423,0.0140836,0.0140129541978,0,1,2.01326394081
1424,0.0140853,0.0140130463988,0,0,1.95048213005
1425,0.0140821,0.0140129178762,0,1,2.01589894295
1426,0.0140856,0.0140130100772,0,0,1.94793391228
1427,0.0140815,0.0140132131055,0,0,1.95628285408
1428,0.014082,0.014012995176,0,0,1.94068408012
1429,0.014079,0.0140130305663,0,0,1.95450687408
1430,0.0140846,0.0140128973871,0,1,2.0108230114
1431,0.0140829,0.0140128340572,0,1,2.01574993134
1432,0.0140797,0.0140125984326,0,1,2.01505494118
1433,0.014083,0.0140129169449,0,0,1.94990086555
1434,0.0140819,0.0140127502382,0,0,1.94677710533
1435,0.0140758,0.014012507163,1,1,1.96712493896
1436,0.0140868,0.0140124429017,0,1,2.01368808746
1437,0.0140804,0.0140126189217,0,0,1.94181513786
1438,0.0140863,0.0140126105398,0,0,1.94646716118
1439,0.0140792,0.0140125555918,0,0,1.85716295242
1440,0.0140776,0.0140123851597,0,1,1.9992120266
1441,0.0140796,0.0140123190358,0,1,2.01561188698
1442,0.0140848,0.0140125630423,0,0,1.97639393806
1443,0.0140833,0.0140123059973,0,1,1.9966750145
1444,0.0140826,0.0140122827142,0,1,2.02296805382
1445,0.0140841,0.0140122128651,0,1,2.01020717621
1446,0.0140858,0.0140122566372,0,0,1.9492828846
1447,0.0140891,0.0140122342855,0,0,1.87986207008
1448,0.0140885,0.0140122035518,0,1,1.94592404366
1449,0.0140847,0.0140119474381,0,1,2.01874184608
1450,0.0140834,0.0140119688585,0,0,1.93860697746
1451,0.0140789,0.0140122165903,0,0,1.98037385941
1452,0.0140879,0.0140119409189,0,1,2.03078699112
1453,0.0140823,0.0140121364966,0,0,1.95973396301
1454,0.0140845,0.0140117686242,0,1,1.97827720642
1455,0.0140856,0.0140118338168,0,0,1.95421099663
1456,0.0140809,0.0140116885304,0,1,2.00767397881
1457,0.0140843,0.01401184313,0,0,1.94468307495
1458,0.0140788,0.0140117909759,0,0,1.91003394127
1459,0.0140797,0.0140115022659,0,1,1.95837306976
1460,0.0140746,0.0140116354451,1,0,1.94685006142
1461,0.0140843,0.0140117676929,0,0,1.96917796135
1462,0.014076,0.0140116624534,0,0,2.01348900795
1463,0.0140867,0.0140115236863,0,0,1.89313197136
1464,0.0140796,0.0140115944669,0,0,1.9983830452
1465,0.0140827,0.0140115851536,0,0,1.88445210457
1466,0.0140855,0.014011438936,0,1,1.95867586136
1467,0.0140805,0.0140113299713,0,1,1.95889210701
1468,0.0140836,0.0140114165843,0,0,1.90630483627
1469,0.0140758,0.0140112480149,0,1,1.9668238163
1470,0.0140804,0.0140111511573,0,1,1.96084213257
1471,0.0140768,0.0140110822394,0,1,1.98441314697
1472,0.0140789,0.0140111632645,0,0,1.95986890793
1473,0.0140794,0.0140109015629,0,1,2.06338191032
1474,0.0140833,0.0140111660585,0,0,1.97701215744
1475,0.0140773,0.0140111260116,0,0,1.95668721199
1476,0.0140847,0.0140106249601,0,1,2.04444718361
1477,0.0140818,0.0140108847991,0,0,1.95481300354
1478,0.0140785,0.0140108754858,0,0,1.94981098175
1479,0.0140878,0.0140105364844,0,1,2.01881217957
1480,0.0140753,0.0140109583735,0,0,1.94595813751
1481,0.0140807,0.0140108251944,0,0,1.98033714294
1482,0.0140772,0.0140107851475,0,0,1.97153711319
1483,0.0140739,0.0140107152984,1,0,1.98652696609
1484,0.0140808,0.0140105839819,0,0,1.96791601181
1485,0.0140784,0.0140105895698,0,0,1.95430803299
1486,0.0140759,0.0140105374157,0,0,1.9272851944
1487,0.0140781,0.0140103865415,0,1,2.01881790161
1488,0.0140852,0.014010425657,0,0,1.95636105537
1489,0.0140771,0.0140104917809,0,0,1.9321269989
1490,0.0140813,0.0140104182065,0,0,1.92912483215
1491,0.014071,0.0140103697777,1,1,2.02399992943
1492,0.0140821,0.0140103194863,0,1,2.02401208878
1493,0.0140766,0.0140102952719,0,1,2.00887584686
1494,0.0140788,0.0140099180862,0,1,2.02986311913
1495,0.0140797,0.0140100438148,0,0,1.94301986694
1496,0.0140776,0.0140101062134,0,0,1.94213294983
1497,0.0140817,0.0140099860728,0,0,1.92529678345
1498,0.014079,0.0140099218115,0,0,1.98582100868
1499,0.0140871,0.0140100307763,0,0,1.97117400169
1500,0.0140854,0.0140096861869,0,1,2.05241012573
1501,0.0140824,0.0140096638352,0,1,2.01305699348
1502,0.0140751,0.0140097253025,0,0,1.95858621597
1503,0.0140837,0.0140096647665,0,0,1.90268993378
1504,0.0140742,0.0140096712857,0,0,1.9581618309
1505,0.0140771,0.0140096573159,0,1,2.0160779953
1506,0.0140824,0.0140092913061,0,1,2.00797486305
1507,0.0140768,0.0140096088871,0,0,1.94447016716
1508,0.0140764,0.0140096163377,0,0,1.90697789192
1509,0.0140768,0.0140092987567,0,0,1.94700479507
1510,0.0140829,0.0140094105154,0,0,1.96621012688
1511,0.0140814,0.0140093732625,0,0,1.96300792694
1512,0.0140773,0.0140092177317,0,1,2.01168107986
1513,0.0140758,0.0140092503279,0,0,1.95305895805
1514,0.0140807,0.0140092391521,0,0,1.9526309967
1515,0.0140827,0.0140091823414,0,1,2.02205300331
1516,0.0140755,0.0140092438087,0,0,1.94319820404
1517,0.0140832,0.0140089774504,0,1,2.02526593208
1518,0.0140748,0.0140087781474,0,1,2.02168798447
1519,0.0140737,0.0140089420602,0,0,1.95581698418
1520,0.0140852,0.0140090091154,0,0,1.89992809296
1521,0.0140781,0.0140089178458,0,0,1.95100998878
1522,0.0140758,0.0140087390319,0,1,2.02854084969
1523,0.0140712,0.0140089225024,0,0,1.94787502289
1524,0.014081,0.0140086011961,0,1,1.99226593971
1525,0.0140762,0.0140086198226,0,0,1.94530487061
1526,0.014079,0.0140085183084,0,1,2.00449609756
1527,0.0140804,0.0140085844323,0,0,1.94419384003
1528,0.0140758,0.0140084149316,0,1,2.02702903748
1529,0.0140729,0.0140084531158,0,0,1.94301700592
1530,0.0140814,0.0140085015446,0,0,1.92047786713
1531,0.014073,0.0140084950253,0,0,1.93364310265
1532,0.0140792,0.0140083879232,0,1,1.93781280518
1533,0.0140773,0.0140085676685,0,0,1.91140508652
1534,0.0140796,0.0140083404258,0,1,2.0149409771
1535,0.0140797,0.0140079967678,0,1,2.00936603546
1536,0.0140791,0.0140078524128,0,1,2.01938009262
1537,0.0140762,0.0140081001446,0,0,1.97613406181
1538,0.0140833,0.0140078235418,0,1,2.01955509186
1539,0.0140775,0.0140081122518,0,0,1.93820595741
1540,0.0140813,0.0140077359974,0,1,1.99296212196
1541,0.0140773,0.0140080368146,0,0,1.94881701469
1542,0.0140729,0.0140076233074,0,1,2.01960206032
1543,0.0140757,0.0140076586977,0,0,1.95171403885
1544,0.0140773,0.0140076521784,0,0,1.95415687561
1545,0.0140805,0.0140076056123,0,1,2.01165485382
1546,0.0140799,0.0140076121315,0,0,1.96224284172
1547,0.0140755,0.0140074491501,0,1,2.01452493668
1548,0.0140759,0.0140074063092,0,1,2.02957701683
1549,0.0140754,0.0140075450763,0,0,1.93138098717
1550,0.0140731,0.014007483609,0,0,1.92427992821
1551,0.0140754,0.014007368125,0,1,1.99827098846
1552,0.0140768,0.0140072051436,0,1,2.02203083038
1553,0.0140699,0.0140071865171,1,1,1.99739813805
1554,0.0140791,0.0140071874484,0,0,1.95280194283
1555,0.0140725,0.0140071092173,0,1,1.90599608421
1556,0.0140784,0.0140070542693,0,1,1.96238899231
1557,0.0140754,0.0140070468187,0,1,2.00477695465
1558,0.0140743,0.0140069993213,0,1,2.02549791336
1559,0.0140804,0.0140068735927,0,1,2.00733280182
1560,0.014073,0.0140068661422,0,1,2.02840089798
1561,0.014077,0.0140067702159,0,1,2.00179100037
1562,0.0140782,0.0140067115426,0,1,2.02877211571
1563,0.0140783,0.0140068037435,0,0,1.94688200951
1564,0.0140755,0.0140067795292,0,0,1.8843588829
1565,0.0140739,0.0140064619482,0,1,1.9426138401
1566,0.0140719,0.014006389305,0,1,2.03383898735
1567,0.0140787,0.0140065448359,0,0,1.94445610046
1568,0.0140707,0.0140064107254,0,0,1.96079993248
1569,0.0140719,0.0140063725412,0,1,1.99205994606
1570,0.0140728,0.0140063297004,0,1,1.94838094711
1571,0.0140726,0.0140062533319,0,1,2.01738905907
1572,0.0140741,0.0140061778948,0,1,2.00076508522
1573,0.0140761,0.0140063194558,0,0,1.95220303535
1574,0.0140742,0.0140062430874,0,0,1.86523103714
1575,0.0140725,0.0140059506521,0,1,1.96656107903
1576,0.0140763,0.0140059497207,0,1,2.01456093788
1577,0.0140808,0.0140058007091,0,1,2.02294588089
1578,0.0140733,0.014005837962,0,0,1.94541478157
1579,0.0140718,0.0140059394762,0,0,1.92698717117
1580,0.0140726,0.0140056824312,0,1,2.01043105125
1581,0.0140735,0.014005809091,0,0,1.94668292999
1582,0.0140675,0.0140054346994,1,1,2.01598310471
1583,0.0140757,0.0140057671815,0,0,1.94761586189
1584,0.0140791,0.0140054719523,0,0,1.95384192467
1585,0.0140743,0.0140054617077,0,0,1.90909385681
1586,0.0140689,0.0140055920929,0,0,1.88344311714
1587,0.0140738,0.0140051348135,0,1,2.02835392952
1588,0.0140686,0.0140054188669,0,0,1.9548201561
1589,0.0140748,0.0140053071082,0,0,1.9739048481
1590,0.0140679,0.01400491409,0,1,2.03946304321
1591,0.0140762,0.0140051012859,0,0,1.96208405495
1592,0.0140697,0.0140050239861,0,0,1.96563911438
1593,0.0140687,0.0140048917383,0,1,1.99877381325
1594,0.0140734,0.0140048507601,0,1,2.01840496063
1595,0.0140681,0.0140047334135,0,1,2.02956485748
1596,0.0140729,0.0140047781169,0,0,1.96527910233
1597,0.0140702,0.014004861936,0,0,1.96516895294
1598,0.0140709,0.0140047473833,0,0,1.95990109444
1599,0.0140687,0.0140045657754,0,1,2.04001402855
1600,0.0140697,0.0140045592561,0,1,2.0350189209
1601,0.0140715,0.0140043469146,0,1,2.0160369873
1602,0.0140718,0.0140044111758,0,0,1.94368910789
1603,0.0140709,0.0140044894069,0,0,1.90895915031
1604,0.0140721,0.0140044456348,0,0,1.89648795128
1605,0.0140752,0.0140044735745,0,0,1.86670517921
1606,0.0140725,0.0140041187406,0,1,1.96556091309
1607,0.0140725,0.0140043636784,0,0,1.94808793068
1608,0.0140694,0.0140039967373,0,1,1.93331813812
1609,0.0140695,0.0140039054677,0,1,2.01392316818
1610,0.0140754,0.0140038356185,0,1,2.02537608147
1611,0.0140735,0.0140039576218,0,0,1.94990897179
1612,0.0140656,0.0140037396923,1,1,2.00921797752
1613,0.0140672,0.0140038477257,0,0,1.94983005524
1614,0.0140688,0.0140039576218,0,0,1.86708807945
1615,0.0140667,0.0140039967373,0,0,1.85366392136
1616,0.0140702,0.0140035012737,0,1,2.0188639164
1617,0.0140732,0.0140035189688,0,0,1.94827985764
1618,0.0140713,0.0140035515651,0,0,1.94515514374
1619,0.014067,0.0140033150092,0,1,2.01536202431
1620,0.0140696,0.0140034072101,0,0,1.9672908783
1621,0.0140719,0.0140033392236,0,0,1.88786792755
1622,0.014074,0.0140032963827,0,1,2.00160098076
1623,0.0140654,0.0140032935888,1,1,2.02092790604
1624,0.0140657,0.0140032237396,0,1,2.02989006042
1625,0.0140641,0.0140032283962,1,0,1.94837713242
1626,0.0140683,0.0140029648319,0,1,2.02490186691
1627,0.0140748,0.0140031641349,0,0,1.950122118
1628,0.014068,0.0140027655289,0,1,1.98632192612
1629,0.0140706,0.0140025066212,0,1,2.00698280334
1630,0.0140687,0.0140026509762,0,0,1.95685696602
1631,0.0140727,0.0140028577298,0,0,1.94088697433
1632,0.0140742,0.0140024302527,0,1,1.95889401436
1633,0.0140746,0.014002549462,0,0,1.95937991142
1634,0.0140753,0.0140025559813,0,0,1.91697001457
1635,0.0140701,0.0140024265274,0,1,2.00292992592
1636,0.0140691,0.0140021611005,0,1,2.02901387215
1637,0.0140669,0.0140023985878,0,0,1.94828915596
1638,0.0140645,0.0140021713451,0,0,1.94346117973
1639,0.0140684,0.0140022551641,0,0,1.94474220276
1640,0.0140694,0.0140022160485,0,0,1.9426150322
1641,0.0140625,0.0140020251274,1,1,2.02714014053
1642,0.0140692,0.0140019683167,0,1,2.01780486107
1643,0.0140737,0.0140019999817,0,0,1.95008206367
1644,0.0140688,0.0140017224476,0,1,2.00777506828
1645,0.0140641,0.0140017056838,0,1,2.01491594315
1646,0.0140673,0.0140017969534,0,0,1.94396185875
1647,0.0140661,0.0140013890341,0,1,2.01884913445
1648,0.0140708,0.0140014151111,0,0,1.94507193565
1649,0.0140656,0.0140017056838,0,0,1.95009803772
1650,0.0140695,0.0140015427023,0,0,1.94730687141
1651,0.01407,0.0140013778582,0,1,1.97741699219
1652,0.0140633,0.0140012148768,0,1,2.05410695076
1653,0.0140673,0.0140011459589,0,1,2.01463294029
1654,0.0140693,0.0140010444447,0,1,2.02535200119
1655,0.0140692,0.0140011860058,0,0,1.94591283798
1656,0.0140618,0.0140010183677,1,1,2.02379608154
1657,0.0140682,0.0140009252355,0,1,2.01079392433
1658,0.0140649,0.0140011189505,0,0,1.95476698875
1659,0.0140675,0.0140005759895,0,1,2.00708794594
1660,0.0140653,0.014000903815,0,0,1.955119133
1661,0.0140637,0.0140006523579,0,0,1.89272785187
1662,0.0140644,0.0140008646995,0,0,1.96964812279
1663,0.0140661,0.0140002574772,0,1,2.03508591652
1664,0.0140671,0.0140002630651,0,0,1.97855710983
1665,0.0140665,0.0140008442104,0,0,1.96173095703
1666,0.0140685,0.0140002863482,0,0,1.97026395798
1667,0.0140592,0.0140002984554,1,0,1.95391702652
1668,0.0140633,0.013999870047,0,1,2.019562006
1669,0.0140656,0.0140001885593,0,0,1.94969701767
1670,0.0140583,0.0139999929816,1,0,1.95047402382
1671,0.0140601,0.014000274241,0,0,1.9170999527
1672,0.0140693,0.0140001354739,0,0,1.97505998611
1673,0.0140639,0.0139998439699,0,1,2.05771994591
1674,0.0140642,0.0139999557287,0,0,1.9616420269
1675,0.0140631,0.013999258168,0,1,1.97974705696
1676,0.0140709,0.0139995086938,0,0,1.94675993919
1677,0.0140726,0.0139996418729,0,0,1.94722008705
1678,0.0140648,0.0139993820339,0,0,1.95095896721
1679,0.0140642,0.0139994099736,0,0,1.95213985443
1680,0.0140701,0.0139993987978,0,0,1.91231179237
1681,0.0140638,0.0139992218465,0,1,2.01619291306
1682,0.0140636,0.0139990830794,0,1,2.01508116722
1683,0.0140648,0.0139989648014,0,1,2.01200008392
1684,0.0140641,0.0139989033341,0,1,1.99271202087
1685,0.0140686,0.0139991873875,0,0,1.93491101265
1686,0.0140655,0.0139989508316,0,0,1.91919398308
1687,0.0140657,0.0139986360446,0,1,1.99650001526
1688,0.0140629,0.0139991473407,0,0,1.94204711914
1689,0.0140631,0.0139985084534,0,1,1.97750711441
1690,0.014063,0.0139986174181,0,0,1.97588992119
1691,0.014059,0.0139984283596,0,1,2.01251387596
1692,0.014057,0.0139986025169,1,0,1.95394396782
1693,0.0140632,0.0139983613044,0,1,1.97075200081
1694,0.0140588,0.0139984246343,0,0,1.95624089241
1695,0.0140623,0.0139983650297,0,0,1.94185185432
1696,0.0140574,0.0139982383698,0,1,2.02264308929
1697,0.0140639,0.0139980204403,0,1,2.01413297653
1698,0.0140589,0.0139980604872,0,0,1.94394612312
1699,0.0140632,0.0139982653782,0,0,1.92077708244
1700,0.0140624,0.0139976041391,0,1,2.01117491722
1701,0.0140647,0.013997823,0,0,1.94963502884
1702,0.0140601,0.0139978136867,0,0,1.92504501343
1703,0.0140628,0.0139980651438,0,0,1.89589214325
1704,0.0140671,0.0139978239313,0,0,1.93467402458
1705,0.0140601,0.0139975082129,0,1,1.89246892929
1706,0.0140631,0.0139972781762,0,1,2.04738998413
1707,0.0140605,0.013997329399,0,0,1.94620108604
1708,0.0140594,0.013997156173,0,1,2.0196390152
1709,0.0140577,0.0139969419688,0,1,2.01149010658
1710,0.0140658,0.0139971701428,0,0,1.94886898994
1711,0.0140629,0.013996954076,0,0,1.94106292725
1712,0.0140681,0.0139973443002,0,0,1.92100310326
1713,0.0140623,0.0139968115836,0,1,2.0074698925
1714,0.0140593,0.0139965275303,0,1,2.01536393166
1715,0.0140661,0.0139964288101,0,1,2.01008105278
1716,0.0140574,0.0139966038987,0,0,1.94055700302
1717,0.0140634,0.0139966486022,0,0,1.87237095833
1718,0.0140601,0.0139966309071,0,0,1.91822600365
1719,0.0140608,0.0139965098351,0,0,1.9456551075
1720,0.0140627,0.0139962453395,0,1,2.01686811447
1721,0.0140583,0.0139959743246,0,1,2.00894403458
1722,0.0140559,0.0139963747934,1,0,1.94691991806
1723,0.0140567,0.0139962630346,0,0,1.91541695595
1724,0.0140587,0.0139959994704,0,0,1.88476896286
1725,0.0140593,0.0139961121604,0,0,1.87535595894
1726,0.0140639,0.0139962946996,0,0,1.91270494461
1727,0.0140567,0.0139960423112,0,0,1.94885206223
1728,0.0140591,0.0139958867803,0,1,2.01843500137
1729,0.0140553,0.0139955673367,1,1,2.01115012169
1730,0.0140566,0.0139951445162,0,1,2.01827406883
1731,0.0140555,0.0139958374202,0,0,1.94973301888
1732,0.0140562,0.0139951435849,0,1,2.01937294006
1733,0.0140578,0.0139954192564,0,0,1.98686814308
1734,0.0140562,0.013995192945,0,0,1.94542384148
1735,0.0140585,0.0139952274039,0,0,1.94887590408
1736,0.0140613,0.0139947701246,0,1,1.94725704193
1737,0.0140486,0.0139946518466,1,1,2.020581007
1738,0.0140549,0.0139949349687,0,0,1.94342684746
1739,0.0140544,0.0139947738498,0,0,1.88550877571
1740,0.014066,0.0139945615083,0,1,1.94682002068
1741,0.014054,0.013994849287,0,0,1.95588088036
1742,0.014061,0.0139946751297,0,0,1.94020819664
1743,0.0140594,0.0139944227412,0,1,2.02896094322
1744,0.0140568,0.0139943370596,0,1,2.00212311745
1745,0.0140553,0.013994528912,0,0,1.95375609398
1746,0.0140604,0.0139941964298,0,1,1.97980594635
1747,0.0140579,0.0139939440414,0,1,2.05081796646
1748,0.0140545,0.0139942923561,0,0,1.9602432251
1749,0.0140561,0.0139941489324,0,0,1.96554517746
1750,0.014053,0.0139940716326,0,0,1.95869421959
1751,0.0140573,0.0139934532344,0,1,2.03696990013
1752,0.0140552,0.0139935528859,0,0,1.93919610977
1753,0.014058,0.0139937726781,0,0,1.94199800491
1754,0.0140556,0.0139936981723,0,0,1.90886688232
1755,0.014051,0.0139933256432,0,1,2.01631498337
1756,0.0140559,0.0139933582395,0,0,1.95280694962
1757,0.0140596,0.013993437402,0,0,1.90723896027
1758,0.0140537,0.0139931244776,0,1,2.02120494843
1759,0.014051,0.0139930387959,0,1,2.01992702484
1760,0.0140579,0.0139930071309,0,1,2.01909899712
1761,0.0140534,0.0139931179583,0,0,1.95327711105
1762,0.0140541,0.0139927826822,0,1,2.02026414871
1763,0.0140537,0.0139926690608,0,1,2.01116704941
1764,0.0140528,0.0139926448464,0,1,2.01445794106
1765,0.014055,0.0139926942065,0,0,1.9361178875
1766,0.014051,0.0139924306422,0,1,1.91578698158
1767,0.0140522,0.0139925098047,0,0,1.93697690964
1768,0.0140503,0.0139924753457,0,0,1.89117097855
1769,0.0140566,0.0139923477545,0,1,1.94814705849
1770,0.0140513,0.0139921968803,0,1,2.02030396461
1771,0.0140516,0.0139921754599,0,1,2.01265597343
1772,0.0140518,0.0139920376241,0,1,2.01496005058
1773,0.014048,0.0139922918752,1,0,1.98001408577
1774,0.014051,0.0139916911721,0,1,2.01532006264
1775,0.0140461,0.0139916520566,1,1,2.01405000687
1776,0.0140522,0.0139920441434,0,0,1.95065402985
1777,0.014053,0.0139915850013,0,1,2.00868797302
1778,0.0140496,0.013991497457,0,1,2.01295995712
1779,0.0140519,0.0139917237684,0,0,1.94789099693
1780,0.0140511,0.013991298154,0,1,2.0264480114
1781,0.0140506,0.0139909731224,0,1,2.02962899208
1782,0.0140505,0.0139910327271,0,0,1.96318006516
1783,0.0140487,0.0139913102612,0,0,1.88773107529
1784,0.0140504,0.0139908948913,0,1,2.00238323212
1785,0.0140507,0.0139911286533,0,0,1.96709489822
1786,0.0140492,0.0139908138663,0,1,2.02652001381
1787,0.01405,0.0139903575182,0,1,2.03257393837
1788,0.0140532,0.0139903984964,0,0,1.94318795204
1789,0.0140511,0.0139902690426,0,1,2.01394796371
1790,0.014055,0.0139905819669,0,0,1.94426894188
1791,0.0140456,0.0139900073409,1,1,2.01422309875
1792,0.0140464,0.013990377076,0,0,1.94888091087
1793,0.014046,0.0139901190996,0,0,1.91735911369
1794,0.0140491,0.0139900716022,0,0,1.95179510117
1795,0.0140504,0.0139899263158,0,1,2.0109539032
1796,0.0140488,0.0139900054783,0,0,1.95666909218
1797,0.0140485,0.0139899076894,0,1,2.01243376732
1798,0.0140499,0.0139896748587,0,1,2.01885008812
1799,0.0140497,0.0139896320179,0,1,2.01239395142
1800,0.0140476,0.0139896282926,0,1,2.01290297508
1801,0.0140547,0.01398973912,0,0,1.9449660778
1802,0.0140493,0.0139895724133,0,1,1.98257493973
1803,0.0140461,0.0139895211905,0,1,2.01058602333
1804,0.0140516,0.0139891607687,0,1,2.01003694534
1805,0.0140481,0.0139887938276,0,1,2.00911688805
1806,0.01405,0.0139887826517,0,1,2.0480799675
1807,0.014043,0.0139893973246,1,0,1.9501850605
1808,0.0140517,0.013988783583,0,0,1.91395902634
1809,0.0140459,0.0139888897538,0,0,1.95052313805
1810,0.0140417,0.0139887388796,1,1,2.01282000542
1811,0.0140536,0.0139884147793,0,1,2.0126721859
1812,0.0140476,0.0139883430675,0,1,2.01281309128
1813,0.0140502,0.013988639228,0,0,1.95309615135
1814,0.0140443,0.0139879416674,0,1,2.01322293282
1815,0.0140481,0.0139880012721,0,0,1.95205497742
1816,0.0140456,0.0139877581969,0,1,1.97782897949
1817,0.0140475,0.0139879053459,0,0,1.93883395195
1818,0.0140437,0.0139876212925,0,1,2.01127815247
1819,0.0140477,0.0139879863709,0,0,1.95185303688
1820,0.0140446,0.0139874117449,0,1,1.95037102699
1821,0.0140529,0.0139875495806,0,0,1.96020102501
1822,0.0140461,0.0139873158187,0,1,2.03558802605
1823,0.0140489,0.013987573795,0,0,1.95989990234
1824,0.0140453,0.0139872767031,0,1,2.03527402878
1825,0.0140465,0.0139868436381,0,1,2.00795197487
1826,0.0140437,0.0139868268743,0,1,2.04868006706
1827,0.0140449,0.0139869479463,0,0,1.93648195267
1828,0.0140403,0.0139867058024,1,1,2.00233793259
1829,0.0140447,0.0139866387472,0,1,2.00478506088
1830,0.0140444,0.0139864394441,0,1,2.02839994431
1831,0.0140505,0.0139871472493,0,0,1.90841197968
1832,0.0140477,0.013986306265,0,1,1.90357708931
1833,0.0140412,0.013986765407,0,0,1.93545818329
1834,0.0140402,0.0139862978831,1,1,1.9654481411
1835,0.0140464,0.0139859123155,0,1,2.00413298607
1836,0.0140491,0.0139859104529,0,1,2.01791906357
1837,0.0140465,0.0139860408381,0,0,1.92919206619
1838,0.0140382,0.01398558449,1,1,1.89542603493
1839,0.0140411,0.0139856534079,0,0,1.94727301598
1840,0.0140419,0.0139854503796,0,1,2.01317214966
1841,0.0140394,0.0139855043963,0,0,1.94169688225
1842,0.0140392,0.0139855947345,0,0,1.95213294029
1843,0.0140435,0.0139850508422,0,1,2.04312992096
1844,0.0140395,0.0139853861183,0,0,1.95553398132
1845,0.0140454,0.013985385187,0,0,1.94624090195
1846,0.0140444,0.013984776102,0,1,2.04673314095
1847,0.0140421,0.0139847435057,0,1,2.01406598091
1848,0.014045,0.0139845553786,0,1,2.02012395859
1849,0.0140482,0.0139851206914,0,0,1.95741796494
1850,0.0140397,0.0139849130064,0,0,1.93814706802
1851,0.014038,0.0139847220853,1,0,1.90592694283
1852,0.0140397,0.0139847174287,0,0,1.93846392632
1853,0.0140424,0.0139840263873,0,1,2.01730394363
1854,0.0140416,0.0139840468764,0,0,1.93621301651
1855,0.0140456,0.0139838140458,0,1,1.93805885315
1856,0.0140341,0.0139840384945,1,0,1.94123721123
1857,0.0140431,0.013983367011,0,1,2.0171880722
1858,0.0140389,0.013983566314,0,0,1.93745112419
1859,0.0140373,0.0139840170741,0,0,1.95436906815
1860,0.0140465,0.0139836072922,0,0,1.85804796219
1861,0.0140398,0.0139830261469,0,1,1.99808096886
1862,0.0140392,0.0139834815636,0,0,1.94205713272
1863,0.0140416,0.013983277604,0,0,1.94963812828
1864,0.0140375,0.0139834899455,0,0,1.91889810562
1865,0.0140378,0.0139830224216,0,1,1.9452149868
1866,0.0140439,0.0139828352258,0,1,2.03967499733
1867,0.0140348,0.0139826349914,0,1,2.01577401161
1868,0.0140422,0.0139829432592,0,0,1.94146990776
1869,0.014036,0.0139831025153,0,0,1.94776797295
1870,0.0140401,0.0139823462814,0,1,2.01064991951
1871,0.0140377,0.0139820957556,0,1,2.00815987587
1872,0.0140364,0.0139822559431,0,0,1.94848513603
1873,0.0140345,0.0139822922647,0,0,1.948969841
1874,0.0140388,0.0139819262549,0,1,2.01445508003
1875,0.0140391,0.0139821982011,0,0,1.93295502663
1876,0.0140359,0.0139820817858,0,0,1.89822602272
1877,0.0140346,0.0139813991264,0,1,1.94034099579
1878,0.0140347,0.0139817846939,0,0,1.94494700432
1879,0.0140356,0.0139813236892,0,1,2.01426005363
1880,0.0140376,0.0139810610563,0,1,2.00915789604
1881,0.0140321,0.0139813283458,1,0,1.94454407692
1882,0.014034,0.0139811048284,0,0,1.90258598328
1883,0.0140355,0.0139815267175,0,0,1.93162202835
1884,0.0140366,0.0139807909727,0,1,1.98601102829
1885,0.0140354,0.0139808654785,0,0,1.94001793861
1886,0.0140336,0.0139806075022,0,1,2.01402997971
1887,0.0140281,0.0139805972576,1,1,2.01859378815
1888,0.0140359,0.0139801362529,0,1,2.01412582397
1889,0.0140337,0.0139805693179,0,0,1.95045208931
1890,0.014035,0.0139807444066,0,0,1.94322800636
1891,0.0140415,0.0139802340418,0,0,1.92244410515
1892,0.0140381,0.0139798363671,0,1,1.99733090401
1893,0.0140343,0.0139794480056,0,1,2.02322816849
1894,0.0140302,0.0139800831676,0,0,1.94226813316
1895,0.0140307,0.0139797516167,0,0,1.95580005646
1896,0.0140305,0.0139795262367,0,0,1.92215108871
1897,0.0140335,0.0139796528965,0,0,1.94501113892
1898,0.0140364,0.0139796361327,0,0,1.94140386581
1899,0.0140341,0.0139796556905,0,0,1.95447015762
1900,0.0140232,0.0139790922403,1,1,2.01054692268
1901,0.0140318,0.0139792412519,0,0,1.94122600555
1902,0.0140328,0.0139787076041,0,1,1.9791200161
1903,0.0140321,0.0139788668603,0,0,1.99237203598
1904,0.0140338,0.0139793995768,0,0,1.90318799019
1905,0.0140358,0.0139789534733,0,0,1.91289401054
1906,0.0140318,0.0139787364751,0,0,1.89433002472
1907,0.0140332,0.0139784766361,0,1,1.92967104912
1908,0.014031,0.0139782577753,0,1,2.00521707535
1909,0.0140257,0.0139779830351,0,1,2.02111101151
1910,0.0140293,0.0139779206365,0,1,2.00735998154
1911,0.0140342,0.0139784859493,0,0,1.9540309906
1912,0.0140326,0.01397773996,0,1,2.00450706482
1913,0.0140324,0.0139776580036,0,1,2.0266020298
1914,0.0140232,0.0139776468277,0,1,2.00707101822
1915,0.0140314,0.0139773711562,0,1,2.02347397804
1916,0.0140321,0.0139775574207,0,0,1.94754981995
1917,0.0140367,0.0139771392569,0,1,2.0187189579
1918,0.0140301,0.0139772119001,0,0,1.84762096405
1919,0.0140333,0.013976983726,0,1,2.0067460537
1920,0.0140288,0.0139766708016,0,1,2.01584005356
1921,0.0140344,0.0139768365771,0,0,1.94173502922
1922,0.0140242,0.0139764733613,0,1,1.98622393608
1923,0.0140293,0.0139762191102,0,1,2.03069496155
1924,0.0140311,0.0139766726643,0,0,1.95138883591
1925,0.0140326,0.0139762312174,0,0,1.90401697159
1926,0.014027,0.0139761297032,0,1,2.02506113052
1927,0.014028,0.0139755299315,0,1,2.01239299774
1928,0.0140297,0.0139758754522,0,0,1.93524694443
1929,0.0140288,0.0139756351709,0,0,1.94269990921
1930,0.014028,0.0139753855765,0,1,1.93404698372
1931,0.0140274,0.0139761501923,0,0,1.95896100998
1932,0.0140241,0.0139751276001,0,1,2.03937315941
1933,0.0140277,0.0139754582196,0,0,1.97426486015
1934,0.0140229,0.0139753622934,1,0,1.9745798111
1935,0.0140272,0.0139746600762,0,1,2.02713298798
1936,0.0140249,0.013974766247,0,0,1.98466706276
1937,0.0140268,0.0139747904614,0,0,1.96386814117
1938,0.0140308,0.0139747420326,0,0,1.93356204033
1939,0.0140282,0.0139745622873,0,1,2.03334403038
1940,0.0140227,0.0139745092019,1,1,2.05700993538
1941,0.0140226,0.0139737725258,1,1,2.01640820503
1942,0.0140229,0.0139744328335,0,0,1.95431494713
1943,0.0140268,0.0139738405123,0,0,1.94749903679
1944,0.0140213,0.013973611407,1,1,2.02433681488
1945,0.0140292,0.0139738870785,0,0,1.95129513741
1946,0.0140239,0.0139738935977,0,0,1.89476203918
1947,0.0140268,0.0139738572761,0,0,1.948335886
1948,0.014022,0.0139735164121,0,1,2.005423069
1949,0.0140197,0.0139730004594,1,1,2.01729297638
1950,0.0140206,0.0139735694975,0,0,1.93853592873
1951,0.0140146,0.0139730703086,1,0,1.91088294983
1952,0.0140234,0.0139729315415,0,1,1.99815917015
1953,0.0140171,0.0139726260677,0,1,2.02035307884
1954,0.0140245,0.0139728114009,0,0,1.94655609131
1955,0.0140279,0.0139725506306,0,1,1.99499511719
1956,0.0140201,0.013972918503,0,0,1.94279384613
1957,0.0140234,0.0139724416658,0,1,2.00889396667
1958,0.0140193,0.0139724090695,0,1,2.02938604355
1959,0.0140222,0.0139719536528,0,1,1.9842300415
1960,0.0140189,0.0139721957967,0,0,1.95540809631
1961,0.014021,0.0139725683257,0,0,1.91217494011
1962,0.0140205,0.0139717869461,0,1,2.00608301163
1963,0.0140251,0.0139717832208,0,1,2.01453399658
1964,0.0140264,0.013971417211,0,1,2.01446890831
1965,0.014015,0.0139716006815,0,0,1.94322109222
1966,0.0140177,0.0139710139483,0,1,2.01958799362
1967,0.0140192,0.0139711350203,0,0,1.9404771328
1968,0.014023,0.0139710437506,0,0,1.9525270462
1969,0.0140138,0.0139705287293,1,1,2.03376293182
1970,0.0140172,0.0139706898481,0,0,1.95240283012
1971,0.0140212,0.0139705752954,0,0,1.95465898514
1972,0.0140188,0.013970724307,0,0,1.83751893044
1973,0.01402,0.0139705445617,0,0,1.9386818409
1974,0.0140167,0.0139704318717,0,1,1.98107600212
1975,0.0140172,0.0139699969441,0,1,2.04192018509
1976,0.0140153,0.013970579952,0,0,1.95291209221
1977,0.0140185,0.0139702549204,0,0,1.9425868988
1978,0.0140207,0.0139692276716,0,1,2.01766705513
1979,0.0140167,0.0139698814601,0,0,1.9371240139
1980,0.0140145,0.0139699373394,0,0,1.9679710865
1981,0.0140192,0.0139689277858,0,1,2.04065585136
1982,0.0140137,0.013968645595,1,1,2.03795790672
1983,0.0140129,0.0139686204493,1,1,2.05020189285
1984,0.0140194,0.0139688979834,0,0,1.95036792755
1985,0.0140119,0.0139686632901,1,0,1.9773080349
1986,0.0140172,0.0139688812196,0,0,1.96143507957
1987,0.0140164,0.0139678074047,0,1,2.0378510952
1988,0.014013,0.013968359679,0,0,2.00342798233
1989,0.0140157,0.0139677776024,0,1,2.03500890732
1990,0.0140109,0.0139677748084,1,1,2.01879501343
1991,0.0140121,0.0139684500173,0,0,1.96910500526
1992,0.0140095,0.0139677058905,1,1,1.99275994301
1993,0.0140164,0.0139671722427,0,1,2.01059794426
1994,0.0140103,0.0139677813277,0,0,1.94746208191
1995,0.0140147,0.0139679210261,0,0,1.94015598297
1996,0.0140145,0.0139676826075,0,0,1.94842600822
1997,0.0140117,0.0139674730599,0,0,1.94412302971
1998,0.0140102,0.0139667792246,0,1,1.98731303215
1999,0.0140137,0.0139670800418,0,0,1.94275188446
