epoch,train_loss,valid_loss,has_train_loss_improved,has_valid_loss_improved,duration
0,0.0141286,0.014042542316,1,1,1.87080907822
1,0.0141318,0.0140424938872,0,1,1.97845005989
2,0.0141328,0.0140424501151,0,1,2.00882005692
3,0.0141274,0.0140424072742,1,1,2.09903478622
4,0.0141267,0.0140423625708,1,1,1.99601221085
5,0.0141244,0.0140423225239,1,1,1.96460390091
6,0.01413,0.0140422815457,0,1,2.0155711174
7,0.0141281,0.0140422424302,0,1,1.97426819801
8,0.0141272,0.0140422005206,0,1,1.99599194527
9,0.0141262,0.0140421651304,0,1,1.95940423012
10,0.0141227,0.0140421269462,1,1,2.01652407646
11,0.0141236,0.0140420952812,0,1,1.97877383232
12,0.014126,0.0140420598909,0,1,1.98931884766
13,0.0141223,0.0140420272946,1,1,1.96014213562
14,0.0141294,0.0140419974923,0,1,2.00887608528
15,0.0141288,0.01404196769,0,1,1.9757540226
16,0.014125,0.0140419406816,0,1,2.00148487091
17,0.0141265,0.0140419080853,0,1,1.96556401253
18,0.014126,0.0140418801457,0,1,2.01246714592
19,0.0141361,0.0140418484807,0,1,1.95910692215
20,0.0141264,0.014041820541,0,1,1.98378992081
21,0.0141298,0.01404179167,0,1,1.97402691841
22,0.0141243,0.014041762799,0,1,2.01443219185
23,0.0141302,0.014041736722,0,1,1.97724294662
24,0.0141271,0.0140417059883,0,1,1.99006795883
25,0.0141315,0.0140416836366,0,1,1.95823693275
26,0.014122,0.0140416603535,1,1,2.01373505592
27,0.0141231,0.0140416324139,0,1,1.98403716087
28,0.0141272,0.0140416063368,0,1,2.00850009918
29,0.0141221,0.0140415802598,0,1,1.9764289856
30,0.0141237,0.0140415551141,0,1,2.01500606537
31,0.014125,0.0140415299684,0,1,1.98519992828
32,0.0141218,0.014041505754,1,1,1.99239802361
33,0.0141325,0.0140414824709,0,1,1.95779800415
34,0.014125,0.0140414610505,0,1,2.01446819305
35,0.0141279,0.0140414377674,0,1,1.97395205498
36,0.0141284,0.014041419141,0,1,2.00804400444
37,0.0141276,0.0140413949266,0,1,1.95832085609
38,0.014126,0.0140413716435,0,1,1.99691486359
39,0.0141207,0.0140413502231,1,1,1.96259593964
40,0.0141258,0.0140413269401,0,1,2.00711202621
41,0.0141226,0.014041306451,0,1,1.9638531208
42,0.0141286,0.0140412868932,0,1,1.99077892303
43,0.0141302,0.0140412626788,0,1,1.98402285576
44,0.014128,0.0140412403271,0,1,2.01456785202
45,0.0141265,0.0140412217006,0,1,1.98166513443
46,0.0141188,0.0140412040055,1,1,1.99962210655
47,0.0141268,0.0140411835164,0,1,1.96929717064
48,0.0141263,0.014041162096,0,1,2.12681913376
49,0.0141258,0.0140411388129,0,1,1.96748209
50,0.0141283,0.0140411183238,0,1,2.00747108459
51,0.0141277,0.0140410969034,0,1,1.97199511528
52,0.0141226,0.0140410829335,0,1,2.00129103661
53,0.0141196,0.0140410633758,0,1,1.9662539959
54,0.0141239,0.0140410428867,0,1,2.00074696541
55,0.0141308,0.0140410223976,0,1,1.96880316734
56,0.0141246,0.0140410037711,0,1,2.0011138916
57,0.0141228,0.0140409823507,0,1,1.99019217491
58,0.0141212,0.0140409627929,0,1,1.99969291687
59,0.014124,0.0140409441665,0,1,1.96763396263
60,0.0141243,0.0140409208834,0,1,1.99034118652
61,0.0141262,0.0140408976004,0,1,1.96828603745
62,0.0141192,0.0140408743173,0,1,1.9894349575
63,0.0141215,0.0140408547595,0,1,1.9914700985
64,0.014122,0.014040841721,0,1,2.00172686577
65,0.0141297,0.0140408212319,0,1,1.96777510643
66,0.0141204,0.0140408016741,0,1,2.02251291275
67,0.0141232,0.0140407849103,0,1,1.92927789688
68,0.0141305,0.0140407644212,0,1,1.99522590637
69,0.0141273,0.0140407439321,0,1,1.96981692314
70,0.0141231,0.0140407243744,0,1,1.99398899078
71,0.0141268,0.0140407010913,0,1,1.9430501461
72,0.0141266,0.0140406824648,0,1,1.97998595238
73,0.0141256,0.0140406647697,0,1,1.94153785706
74,0.0141269,0.0140406461433,0,1,1.97255110741
75,0.0141273,0.0140406275168,0,1,1.94139385223
76,0.0141208,0.014040610753,0,1,1.98204684258
77,0.0141153,0.0140405902639,1,1,1.93885493279
78,0.0141214,0.0140405735001,0,1,1.97246003151
79,0.0141205,0.0140405548736,0,1,1.94577693939
80,0.0141193,0.0140405362472,0,1,1.9696059227
81,0.0141261,0.0140405166894,0,1,1.93722200394
82,0.0141238,0.0140404999256,0,1,1.96196198463
83,0.0141251,0.0140404803678,0,1,1.94209718704
84,0.0141213,0.0140404580161,0,1,1.9719440937
85,0.0141256,0.014040440321,0,1,1.95143604279
86,0.0141241,0.0140404179692,0,1,1.97411298752
87,0.0141194,0.0140403984115,0,1,1.94071412086
88,0.0141219,0.0140403788537,0,1,1.97604703903
89,0.0141235,0.0140403620899,0,1,1.94124794006
90,0.0141249,0.0140403462574,0,1,1.97399187088
91,0.0141242,0.0140403229743,0,1,1.94399785995
92,0.0141178,0.0140403006226,0,1,1.96319890022
93,0.0141194,0.0140402838588,0,1,1.940294981
94,0.0141227,0.0140402661636,0,1,1.9786939621
95,0.0141206,0.0140402466059,0,1,1.93480396271
96,0.0141176,0.0140402270481,0,1,1.97368216515
97,0.0141276,0.0140402102843,0,1,1.94362211227
98,0.014125,0.0140401888639,0,1,1.97259402275
99,0.0141261,0.0140401702374,0,1,1.93903517723
100,0.0141196,0.0140401544049,0,1,1.97318601608
101,0.0141264,0.0140401339158,0,1,1.94616699219
102,0.014118,0.0140401134267,0,1,1.97358894348
103,0.0141195,0.014040093869,0,1,1.93668103218
104,0.0141236,0.0140400761738,0,1,1.97449588776
105,0.0141254,0.0140400556847,0,1,1.93896603584
106,0.0141186,0.0140400342643,0,1,1.97215485573
107,0.0141182,0.0140400175005,0,1,1.94445586205
108,0.0141234,0.0140399988741,0,1,1.97160100937
109,0.0141207,0.0140399746597,0,1,1.94067311287
110,0.0141192,0.0140399569646,0,1,1.96376895905
111,0.0141177,0.0140399346128,0,1,1.94367098808
112,0.0141274,0.014039915055,0,1,1.9604101181
113,0.0141209,0.0140398945659,0,1,1.94013309479
114,0.0141286,0.0140398768708,0,1,1.97224020958
115,0.0141266,0.0140398545191,0,1,1.93965911865
116,0.0141232,0.0140398349613,0,1,1.97150206566
117,0.0141317,0.0140398163348,0,1,1.93669700623
118,0.014126,0.014039799571,0,1,1.92884898186
119,0.0141181,0.0140397790819,0,1,1.93994092941
120,0.0141201,0.0140397585928,0,1,1.97093510628
121,0.0141196,0.0140397362411,0,1,1.95457792282
122,0.0141234,0.0140397148207,0,1,1.96151208878
123,0.0141258,0.0140396934003,0,1,1.94063210487
124,0.0141232,0.0140396757051,0,1,1.96211290359
125,0.0141211,0.014039655216,0,1,1.93707203865
126,0.0141203,0.0140396347269,0,1,1.97111988068
127,0.0141212,0.0140396161005,0,1,1.94027304649
128,0.0141189,0.0140395965427,0,1,1.97456002235
129,0.0141227,0.0140395760536,0,1,1.93688106537
130,0.0141146,0.0140395564958,1,1,1.9589111805
131,0.0141208,0.0140395360067,0,1,1.94363903999
132,0.0141184,0.0140395127237,0,1,1.97135591507
133,0.0141266,0.0140394922346,0,1,1.9384200573
134,0.0141295,0.0140394726768,0,1,1.96097493172
135,0.0141215,0.014039453119,0,1,1.9398868084
136,0.0141226,0.0140394316986,0,1,1.97444200516
137,0.0141232,0.0140394130722,0,1,1.94042086601
138,0.0141182,0.0140393925831,0,1,1.97467398643
139,0.0141231,0.0140393702313,0,1,1.92527604103
140,0.0141232,0.0140393478796,0,1,1.97163891792
141,0.0141199,0.0140393292531,0,1,1.97177505493
142,0.0141218,0.0140393069014,0,1,1.96105194092
143,0.0141204,0.0140392845497,0,1,1.94064211845
144,0.0141227,0.0140392640606,0,1,1.97074508667
145,0.0141234,0.0140392435715,0,1,1.93846988678
146,0.0141275,0.0140392212197,0,1,1.96228098869
147,0.0141247,0.0140392016619,0,1,1.93998408318
148,0.0141219,0.0140391811728,0,1,1.97569799423
149,0.0141182,0.0140391606838,0,1,1.94189596176
150,0.0141188,0.014039141126,0,1,1.9801428318
151,0.0141243,0.0140391215682,0,1,1.96274089813
152,0.014114,0.0140391010791,1,1,2.03241920471
153,0.0141206,0.0140390815213,0,1,1.97997903824
154,0.0141171,0.0140390610322,0,1,2.02020716667
155,0.0141176,0.0140390414745,0,1,1.99951601028
156,0.014124,0.014039020054,0,1,2.00871801376
157,0.0141163,0.0140389986336,0,1,1.98101091385
158,0.0141198,0.0140389781445,0,1,1.99895501137
159,0.0141252,0.0140389548615,0,1,1.94039082527
160,0.0141191,0.0140389325097,0,1,1.97573900223
161,0.0141199,0.0140389138833,0,1,1.94186282158
162,0.0141234,0.0140388943255,0,1,1.9773850441
163,0.0141162,0.0140388747677,0,1,1.93823099136
164,0.0141244,0.0140388561413,0,1,1.97661018372
165,0.0141194,0.0140388356522,0,1,1.93982791901
166,0.014115,0.0140388133004,0,1,1.97240185738
167,0.0141174,0.01403879188,0,1,1.94070410728
168,0.0141256,0.0140387713909,0,1,1.97975802422
169,0.0141161,0.0140387509018,0,1,1.9391040802
170,0.0141244,0.0140387276188,0,1,1.97478890419
171,0.0141223,0.0140387071297,0,1,1.94442892075
172,0.014125,0.0140386866406,0,1,1.97473406792
173,0.0141192,0.0140386661515,0,1,1.93799901009
174,0.0141238,0.0140386456624,0,1,1.97380781174
175,0.0141216,0.0140386279672,0,1,1.94097208977
176,0.0141189,0.0140386093408,0,1,1.97283387184
177,0.0141202,0.0140385879204,0,1,1.94275307655
178,0.014119,0.0140385674313,0,1,1.97846603394
179,0.0141199,0.0140385432169,0,1,1.94116187096
180,0.014121,0.0140385236591,0,1,1.97240686417
181,0.0141263,0.0140385013074,0,1,1.94215703011
182,0.0141211,0.0140384798869,0,1,1.97166895866
183,0.01412,0.0140384584665,0,1,1.94009613991
184,0.0141244,0.0140384370461,0,1,1.97463202477
185,0.0141231,0.014038416557,0,1,1.95225286484
186,0.0141142,0.0140383932739,0,1,1.97415399551
187,0.01412,0.0140383727849,0,1,1.92726707458
188,0.0141248,0.0140383541584,0,1,1.97786808014
189,0.014119,0.014038332738,0,1,1.93595600128
190,0.0141213,0.0140383122489,0,1,1.97487592697
191,0.0141205,0.0140382936224,0,1,1.94068193436
192,0.014119,0.0140382712707,0,1,1.96262788773
193,0.0141124,0.0140382498503,1,1,1.93758606911
194,0.0141193,0.0140382265672,0,1,1.9736289978
195,0.0141221,0.0140382088721,0,1,1.94136381149
196,0.0141186,0.014038185589,0,1,1.96081495285
197,0.0141188,0.0140381641686,0,1,1.93928194046
198,0.0141239,0.0140381418169,0,1,1.97855401039
199,0.0141194,0.0140381213278,0,1,1.93946003914
200,0.0141209,0.0140380999073,0,1,1.97066688538
201,0.0141213,0.0140380775556,0,1,1.94208884239
202,0.0141236,0.0140380552039,0,1,1.97537016869
203,0.0141146,0.0140380347148,0,1,1.94042921066
204,0.0141214,0.0140380142257,0,1,1.97423601151
205,0.0141219,0.0140379928052,0,1,1.97407412529
206,0.0141135,0.0140379723161,0,1,1.97490906715
207,0.0141165,0.0140379499644,0,1,1.93966197968
208,0.0141162,0.0140379294753,0,1,1.97919297218
209,0.0141189,0.0140379089862,0,1,1.9389500618
210,0.0141214,0.0140378884971,0,1,1.97364091873
211,0.0141214,0.0140378670767,0,1,1.94327306747
212,0.0141144,0.0140378465876,0,1,1.97165513039
213,0.0141238,0.0140378260985,0,1,1.93802785873
214,0.0141159,0.0140378065407,0,1,1.96995282173
215,0.0141188,0.0140377860516,0,1,1.94538187981
216,0.0141196,0.0140377664939,0,1,1.97094297409
217,0.0141141,0.0140377441421,0,1,1.94138598442
218,0.0141216,0.0140377227217,0,1,1.96992206573
219,0.0141232,0.0140377013013,0,1,1.92483496666
220,0.014115,0.0140376789495,0,1,1.97025084496
221,0.0141194,0.0140376631171,0,1,1.93932199478
222,0.01412,0.0140376416966,0,1,1.97388100624
223,0.0141153,0.0140376202762,0,1,1.93916702271
224,0.0141182,0.0140375988558,0,1,1.97076487541
225,0.0141175,0.014037579298,0,1,1.94245004654
226,0.0141181,0.0140375578776,0,1,1.95611310005
227,0.0141195,0.0140375373885,0,1,1.93884897232
228,0.0141146,0.0140375150368,0,1,1.97706699371
229,0.0141168,0.0140374964103,0,1,1.94036221504
230,0.0141181,0.0140374731272,0,1,1.97131490707
231,0.0141165,0.0140374517068,0,1,1.94099807739
232,0.0141223,0.0140374312177,0,1,1.95612883568
233,0.0141145,0.0140374097973,0,1,1.94179415703
234,0.0141186,0.0140373883769,0,1,1.95454907417
235,0.0141169,0.0140373706818,0,1,1.85093307495
236,0.0141208,0.01403734833,0,1,1.96929907799
237,0.0141174,0.0140373278409,0,1,1.93868398666
238,0.0141179,0.0140373073518,0,1,1.95768904686
239,0.0141157,0.0140372877941,0,1,1.93880295753
240,0.0141178,0.0140372682363,0,1,1.97102093697
241,0.0141118,0.0140372468159,1,1,1.94013500214
242,0.0141205,0.0140372281894,0,1,1.97048807144
243,0.0141223,0.0140372049063,0,1,1.92561411858
244,0.0141142,0.0140371834859,0,1,1.96954607964
245,0.0141199,0.0140371620655,0,1,1.94176292419
246,0.0141193,0.0140371406451,0,1,1.9706120491
247,0.0141194,0.0140371192247,0,1,1.93912196159
248,0.0141197,0.0140370978042,0,1,1.97251605988
249,0.014122,0.0140370791778,0,1,1.94006705284
250,0.0141164,0.0140370586887,0,1,1.97189903259
251,0.0141165,0.0140370381996,0,1,1.9389359951
252,0.0141217,0.0140370186418,0,1,1.97861385345
253,0.0141184,0.0140369972214,0,1,1.93963003159
254,0.0141186,0.0140369776636,0,1,1.97255516052
255,0.0141147,0.0140369534492,0,1,1.94065690041
256,0.0141094,0.0140369320288,1,1,1.97001695633
257,0.0141158,0.0140369124711,0,1,1.93903112411
258,0.0141131,0.0140368910506,0,1,1.9717040062
259,0.0141138,0.0140368705615,0,1,1.93901515007
260,0.0141177,0.0140368510038,0,1,1.958589077
261,0.0141213,0.0140368295833,0,1,1.94456386566
262,0.0141211,0.0140368090943,0,1,1.97300291061
263,0.014119,0.0140367858112,0,1,1.93659090996
264,0.0141162,0.0140367690474,0,1,1.97022509575
265,0.0141211,0.014036747627,0,1,1.941218853
266,0.0141198,0.0140367280692,0,1,1.97041702271
267,0.0141127,0.0140367075801,0,1,1.93956494331
268,0.0141139,0.0140366861597,0,1,1.96983194351
269,0.0141208,0.0140366666019,0,1,1.93980789185
270,0.0141196,0.0140366451815,0,1,1.97612595558
271,0.0141176,0.014036626555,0,1,1.93933010101
272,0.0141184,0.0140366051346,0,1,1.96232795715
273,0.0141144,0.0140365827829,0,1,1.94010806084
274,0.0141149,0.0140365622938,0,1,1.97164392471
275,0.0141211,0.014036542736,0,1,1.92945599556
276,0.0141178,0.0140365213156,0,1,1.97088813782
277,0.0141216,0.0140365017578,0,1,1.9929189682
278,0.0141188,0.0140364803374,0,1,2.02882885933
279,0.0141193,0.0140364607796,0,1,2.00247693062
280,0.0141196,0.0140364393592,0,1,1.99773597717
281,0.0141177,0.0140364170074,0,1,2.00123596191
282,0.0141162,0.014036398381,0,1,2.03000402451
283,0.0141166,0.0140363778919,0,1,1.98701906204
284,0.0141155,0.0140363546088,0,1,2.0077021122
285,0.0141182,0.0140363350511,0,1,1.98594808578
286,0.0141174,0.014036314562,0,1,2.02255678177
287,0.0141161,0.0140362950042,0,1,2.00171113014
288,0.0141201,0.0140362763777,0,1,2.02898406982
289,0.0141159,0.01403625682,0,1,1.97013020515
290,0.0141172,0.0140362353995,0,1,2.02641296387
291,0.014121,0.0140362130478,0,1,2.00480794907
292,0.0141167,0.0140361916274,0,1,2.03504800797
293,0.0141205,0.0140361720696,0,1,1.96785497665
294,0.0141191,0.0140361515805,0,1,2.00729703903
295,0.0141167,0.0140361320227,0,1,2.00890088081
296,0.014122,0.0140361115336,0,1,2.03099393845
297,0.0141171,0.0140360901132,0,1,2.00323796272
298,0.0141205,0.0140360686928,0,1,2.02555418015
299,0.0141184,0.0140360482037,0,1,1.98738908768
300,0.0141233,0.0140360295773,0,1,2.02436304092
301,0.0141134,0.0140360081568,0,1,2.0189268589
302,0.0141219,0.0140359885991,0,1,2.00471901894
303,0.0141173,0.0140359671786,0,1,1.98018813133
304,0.0141148,0.0140359466895,0,1,2.03659319878
305,0.0141157,0.0140359271318,0,1,1.99677395821
306,0.0141192,0.0140359094366,0,1,2.02410316467
307,0.0141192,0.0140358889475,0,1,1.99675893784
308,0.0141122,0.0140358693898,0,1,2.02040100098
309,0.0141149,0.0140358479694,0,1,1.98574113846
310,0.0141205,0.0140358293429,0,1,1.99425697327
311,0.0141199,0.0140358079225,0,1,1.99252200127
312,0.0141169,0.0140357911587,0,1,2.01261901855
313,0.0141132,0.0140357688069,0,1,1.96720600128
314,0.0141108,0.0140357492492,0,1,1.99251508713
315,0.01412,0.0140357278287,0,1,1.98715496063
316,0.014117,0.0140357101336,0,1,2.01186203957
317,0.014115,0.0140356877819,0,1,1.96912097931
318,0.0141094,0.0140356700867,0,1,1.99297690392
319,0.0141135,0.0140356486663,0,1,1.98798513412
320,0.0141207,0.0140356291085,0,1,2.01748895645
321,0.0141223,0.0140356086195,0,1,1.9826130867
322,0.0141125,0.0140355890617,0,1,1.99744915962
323,0.0141172,0.0140355685726,0,1,1.97183585167
324,0.01412,0.0140355480835,0,1,2.01096916199
325,0.0141134,0.0140355285257,0,1,1.97069787979
326,0.0141184,0.0140355089679,0,1,1.98961591721
327,0.0141174,0.0140354884788,0,1,1.99486899376
328,0.0141137,0.0140354679897,0,1,2.01319599152
329,0.0141156,0.0140354475006,0,1,1.98471212387
330,0.014116,0.0140354279429,0,1,2.01251196861
331,0.0141092,0.0140354083851,1,1,1.96669697762
332,0.0141148,0.0140353888273,0,1,2.01189088821
333,0.0141214,0.0140353664756,0,1,1.98665785789
334,0.0141125,0.0140353478491,0,1,2.01300215721
335,0.0141089,0.0140353282914,1,1,1.96671295166
336,0.014119,0.0140353096649,0,1,1.98275995255
337,0.0141164,0.0140352910385,0,1,1.98632097244
338,0.0141183,0.0140352705494,0,1,2.0132420063
339,0.014116,0.0140352500603,0,1,1.98124718666
340,0.0141112,0.0140352286398,0,1,2.02118992805
341,0.0141106,0.0140352100134,0,1,1.98399305344
342,0.0141177,0.0140351895243,0,1,2.01087522507
343,0.0141141,0.0140351671726,0,1,1.98461604118
344,0.0141143,0.0140351485461,0,1,2.01748514175
345,0.0141204,0.0140351289883,0,1,1.98807311058
346,0.0141151,0.0140351094306,0,1,2.0049200058
347,0.0141137,0.0140350898728,0,1,1.99457192421
348,0.0141124,0.0140350721776,0,1,2.00546503067
349,0.0141162,0.0140350507572,0,1,1.96623706818
350,0.014114,0.0140350311995,0,1,2.00710201263
351,0.0141162,0.0140350107104,0,1,1.98725700378
352,0.0141161,0.0140349902213,0,1,2.00586104393
353,0.0141166,0.0140349706635,0,1,1.96604800224
354,0.0141202,0.0140349501744,0,1,1.98411607742
355,0.0141163,0.0140349306166,0,1,1.98831105232
356,0.0141193,0.0140349138528,0,1,1.98706793785
357,0.0141156,0.014034894295,0,1,1.97039008141
358,0.0141166,0.0140348728746,0,1,2.00381016731
359,0.0141139,0.0140348533168,0,1,1.98822402954
360,0.0141132,0.0140348337591,0,1,2.0104868412
361,0.0141142,0.0140348151326,0,1,1.96716403961
362,0.0141161,0.0140347946435,0,1,2.00626111031
363,0.0141141,0.0140347741544,0,1,1.98876786232
364,0.0141159,0.0140347545967,0,1,1.9743180275
365,0.0141076,0.0140347350389,1,1,1.96636414528
366,0.014121,0.0140347173437,0,1,2.00878810883
367,0.0141155,0.0140346968547,0,1,2.016726017
368,0.0141167,0.0140346791595,0,1,1.9874382019
369,0.0141105,0.0140346614644,0,1,1.95250201225
370,0.0141095,0.014034640044,0,1,1.99463295937
371,0.0141128,0.0140346204862,0,1,1.98458409309
372,0.0141187,0.0140346009284,0,1,2.00570702553
373,0.014113,0.0140345804393,0,1,1.9639351368
374,0.0141116,0.0140345627442,0,1,2.01263403893
375,0.014116,0.0140345441177,0,1,1.98537611961
376,0.0141161,0.0140345226973,0,1,1.98523402214
377,0.0141117,0.0140345012769,0,1,1.97177195549
378,0.0141124,0.0140344826505,0,1,2.00882291794
379,0.0141123,0.014034464024,0,1,1.9686319828
380,0.0141134,0.0140344444662,0,1,2.0133330822
381,0.0141168,0.0140344258398,0,1,1.95277810097
382,0.0141169,0.0140344053507,0,1,1.99889397621
383,0.0141193,0.0140343876556,0,1,1.98486995697
384,0.0141193,0.0140343653038,0,1,1.99277186394
385,0.014118,0.0140343476087,0,1,1.96843099594
386,0.0141184,0.0140343271196,0,1,2.00988602638
387,0.0141159,0.0140343075618,0,1,2.01820921898
388,0.014117,0.0140342861414,0,1,2.00712800026
389,0.014116,0.0140342675149,0,1,1.96519589424
390,0.0141162,0.0140342470258,0,1,2.00499606133
391,0.0141108,0.0140342274681,0,1,1.98442006111
392,0.0141143,0.014034206979,0,1,1.9958319664
393,0.0141136,0.0140341883525,0,1,1.98569607735
394,0.0141125,0.0140341678634,0,1,2.00167894363
395,0.0141195,0.0140341483057,0,1,1.96806192398
396,0.0141145,0.0140341278166,0,1,2.00562405586
397,0.0141163,0.0140341091901,0,1,1.98566603661
398,0.014108,0.014034088701,0,1,2.00341296196
399,0.0141163,0.0140340691432,0,1,1.96715188026
400,0.014113,0.0140340495855,0,1,2.01222991943
401,0.0141118,0.014034028165,0,1,1.9900329113
402,0.0141122,0.0140340095386,0,1,1.98669600487
403,0.0141116,0.0140339909121,0,1,1.99166297913
404,0.0141097,0.0140339722857,0,1,2.00897717476
405,0.0141168,0.0140339536592,0,1,1.98728013039
406,0.0141127,0.0140339322388,0,1,1.98650312424
407,0.0141087,0.014033912681,0,1,1.96837806702
408,0.0141128,0.0140338921919,0,1,2.00625705719
409,0.0141159,0.0140338726342,0,1,1.96966695786
410,0.0141122,0.0140338521451,0,1,2.00899505615
411,0.0141139,0.0140338344499,0,1,1.96501493454
412,0.0141122,0.0140338158235,0,1,2.00728011131
413,0.0141166,0.0140337962657,0,1,1.98678803444
414,0.014109,0.0140337767079,0,1,2.03133392334
415,0.0141129,0.0140337580815,0,1,1.96847891808
416,0.0141134,0.0140337385237,0,1,1.98514795303
417,0.0141105,0.0140337208286,0,1,1.99028897285
418,0.0141144,0.0140337003395,0,1,2.00384712219
419,0.0141078,0.014033681713,0,1,1.98796081543
420,0.0141137,0.0140336630866,0,1,1.97890686989
421,0.0141135,0.0140336435288,0,1,1.99260306358
422,0.0141081,0.0140336230397,0,1,2.00523114204
423,0.0141095,0.0140336044133,0,1,1.98817110062
424,0.0141167,0.0140335839242,0,1,1.99019598961
425,0.0141187,0.014033566229,0,1,1.96889710426
426,0.0141082,0.0140335457399,0,1,2.00153899193
427,0.0141076,0.0140335261822,0,1,1.98814606667
428,0.014113,0.0140335047618,0,1,2.00727701187
429,0.0141132,0.0140334861353,0,1,1.9649310112
430,0.0141181,0.0140334675089,0,1,1.99830818176
431,0.0141129,0.0140334488824,0,1,1.98659896851
432,0.0141095,0.0140334302559,0,1,2.00699496269
433,0.0141113,0.0140334125608,0,1,1.96548390388
434,0.0141133,0.0140333948657,0,1,2.03382515907
435,0.0141089,0.0140333743766,0,1,1.98939704895
436,0.0141137,0.0140333566815,0,1,2.00454211235
437,0.0141176,0.014033338055,0,1,1.9691491127
438,0.0141103,0.0140333194286,0,1,1.99521994591
439,0.0141096,0.0140333017334,0,1,1.98806786537
440,0.0141126,0.0140332821757,0,1,2.00330591202
441,0.0141154,0.0140332616866,0,1,1.9692440033
442,0.0141192,0.0140332402661,0,1,1.98422503471
443,0.0141162,0.014033219777,0,1,1.97717690468
444,0.0141077,0.0140332020819,0,1,1.99794197083
445,0.0141114,0.0140331815928,0,1,1.97397017479
446,0.014114,0.0140331638977,0,1,1.98413991928
447,0.0141137,0.0140331443399,0,1,1.98940610886
448,0.0141182,0.0140331266448,0,1,2.00755381584
449,0.0141139,0.0140331061557,0,1,1.96522021294
450,0.0141123,0.0140330875292,0,1,2.00683498383
451,0.0141194,0.0140330670401,0,1,2.01778793335
452,0.0141099,0.0140330474824,0,1,2.00673413277
453,0.0141193,0.0140330288559,0,1,1.96703910828
454,0.0141162,0.0140330102295,0,1,2.01173996925
455,0.0141075,0.0140329897404,1,1,1.98549199104
456,0.014115,0.0140329720452,0,1,2.00702309608
457,0.0141065,0.0140329534188,1,1,1.96527099609
458,0.0141074,0.0140329329297,0,1,1.98600101471
459,0.0141169,0.0140329152346,0,1,1.98496007919
460,0.0141079,0.0140328947455,0,1,2.00652289391
461,0.014105,0.014032876119,1,1,1.97588300705
462,0.0141158,0.0140328556299,0,1,1.98585486412
463,0.0141128,0.0140328360721,0,1,1.97417902946
464,0.0141118,0.0140328174457,0,1,2.01169300079
465,0.0141145,0.0140328006819,0,1,1.98512601852
466,0.0141132,0.0140327820554,0,1,1.98752593994
467,0.0141087,0.0140327643603,0,1,1.96736598015
468,0.0141077,0.0140327438712,0,1,2.00836706161
469,0.0141054,0.0140327252448,0,1,1.98658180237
470,0.0141143,0.0140327075496,0,1,2.01051998138
471,0.014109,0.0140326889232,0,1,1.99687004089
472,0.0141076,0.0140326684341,0,1,2.01057314873
473,0.0141095,0.014032650739,0,1,1.98657608032
474,0.0141094,0.0140326321125,0,1,2.00597405434
475,0.0141179,0.0140326153487,0,1,1.96541213989
476,0.0141087,0.0140325976536,0,1,1.98690199852
477,0.0141134,0.0140325771645,0,1,1.98359513283
478,0.0141154,0.014032558538,0,1,2.01010584831
479,0.0141076,0.0140325399116,0,1,1.98998308182
480,0.0141135,0.0140325212851,0,1,1.98786282539
481,0.0141189,0.014032500796,0,1,1.99012589455
482,0.0141131,0.0140324840322,0,1,2.00989603996
483,0.0141127,0.0140324644744,0,1,1.96381402016
484,0.0141176,0.0140324467793,0,1,1.9956510067
485,0.0141147,0.0140324272215,0,1,1.98634815216
486,0.0141109,0.0140324067324,0,1,1.99498081207
487,0.0141073,0.0140323862433,0,1,1.98105406761
488,0.0141099,0.0140323694795,0,1,1.9886200428
489,0.0141032,0.0140323489904,1,1,1.98461914062
490,0.0141093,0.0140323312953,0,1,2.00796914101
491,0.0141108,0.0140323136002,0,1,2.01951503754
492,0.0141124,0.0140322959051,0,1,1.98463392258
493,0.0141083,0.0140322772786,0,1,1.96430587769
494,0.0141141,0.0140322577208,0,1,1.98662400246
495,0.0141073,0.0140322400257,0,1,1.98676395416
496,0.0141117,0.0140322204679,0,1,2.0078098774
497,0.0141128,0.0140321999788,0,1,1.96471905708
498,0.0141129,0.0140321804211,0,1,2.04205298424
499,0.0141076,0.0140321627259,0,1,1.9889330864
500,0.0141059,0.0140321422368,0,1,2.00469613075
501,0.0141134,0.0140321236104,0,1,1.96926903725
502,0.0141108,0.0140321049839,0,1,2.00445795059
503,0.0141116,0.0140320863575,0,1,1.98670506477
504,0.0141112,0.0140320686623,0,1,2.01377701759
505,0.0141083,0.0140320500359,0,1,1.96871304512
506,0.014116,0.0140320295468,0,1,1.98665499687
507,0.0141113,0.0140320118517,0,1,1.98529696465
508,0.0141082,0.0140319932252,0,1,2.00857305527
509,0.0141153,0.0140319755301,0,1,1.98830699921
510,0.0141178,0.0140319559723,0,1,2.00405597687
511,0.0141092,0.0140319382772,0,1,1.98945021629
512,0.0141122,0.0140319205821,0,1,2.00571489334
513,0.0141144,0.0140319019556,0,1,1.96681714058
514,0.0141167,0.0140318833292,0,1,1.97605705261
515,0.0141107,0.0140318647027,0,1,1.96695899963
516,0.0141167,0.0140318470076,0,1,1.99462890625
517,0.0141113,0.0140318265185,0,1,1.98479008675
518,0.0141105,0.014031810686,0,1,2.01154708862
519,0.014108,0.0140317892656,0,1,1.98754811287
520,0.0141158,0.0140317715704,0,1,2.0047519207
521,0.0141097,0.014031752944,0,1,1.98994398117
522,0.0141128,0.0140317333862,0,1,1.98438596725
523,0.0141118,0.0140317147598,0,1,1.98818302155
524,0.0141177,0.0140316961333,0,1,2.0062930584
525,0.0141182,0.0140316756442,0,1,1.96832799911
526,0.0141139,0.0140316588804,0,1,2.00426006317
527,0.014111,0.014031640254,0,1,1.98805904388
528,0.0141112,0.0140316216275,0,1,1.99027085304
529,0.014104,0.0140316048637,0,1,1.98951196671
530,0.0141151,0.0140315843746,0,1,2.0039999485
531,0.0141074,0.0140315685421,0,1,1.99088788033
532,0.0141055,0.014031548053,0,1,1.98784708977
533,0.0141047,0.0140315294266,0,1,1.96321797371
534,0.0141122,0.0140315089375,0,1,2.00436306
535,0.0141142,0.0140314921737,0,1,1.97204399109
536,0.0141165,0.0140314716846,0,1,2.00783801079
537,0.0141057,0.0140314558521,0,1,1.96636390686
538,0.0141152,0.0140314372256,0,1,2.03646993637
539,0.0141091,0.0140314185992,0,1,1.97229003906
540,0.0141088,0.0140313990414,0,1,2.00435090065
541,0.0141148,0.0140313813463,0,1,1.97141599655
542,0.0141051,0.0140313608572,0,1,1.98498010635
543,0.0141044,0.0140313422307,0,1,1.99200797081
544,0.0141085,0.0140313254669,0,1,1.98459005356
545,0.0141125,0.0140313040465,0,1,1.96871209145
546,0.0141085,0.0140312844887,0,1,2.00422286987
547,0.0141116,0.014031264931,0,1,1.98773908615
548,0.0141134,0.0140312472358,0,1,2.01158690453
549,0.0141133,0.0140312276781,0,1,1.95280694962
550,0.0141078,0.0140312081203,0,1,1.99909996986
551,0.0141137,0.0140311894938,0,1,1.98848104477
552,0.0141147,0.0140311708674,0,1,2.00745606422
553,0.0141114,0.0140311522409,0,1,1.95640492439
554,0.014111,0.0140311336145,0,1,1.98681092262
555,0.0141117,0.0140311131254,0,1,2.00626015663
556,0.0141102,0.0140310972929,0,1,1.99649190903
557,0.0141063,0.0140310777351,0,1,1.98563408852
558,0.014111,0.0140310591087,0,1,1.98572087288
559,0.0141173,0.0140310395509,0,1,1.96802091599
560,0.0141099,0.0140310209244,0,1,2.00713300705
561,0.0141081,0.014031002298,0,1,1.96584701538
562,0.0141044,0.0140309827402,0,1,1.98775792122
563,0.0141089,0.0140309631824,0,1,1.98931503296
564,0.0141126,0.0140309464186,0,1,2.00780797005
565,0.0141066,0.0140309277922,0,1,1.9674448967
566,0.014109,0.0140309100971,0,1,2.00771808624
567,0.014105,0.0140308905393,0,1,1.97098898888
568,0.0141093,0.0140308719128,0,1,2.01516008377
569,0.014113,0.0140308523551,0,1,1.96527314186
570,0.0141093,0.0140308327973,0,1,1.99624800682
571,0.0141111,0.0140308151022,0,1,1.98703980446
572,0.0141146,0.0140307946131,0,1,2.00911808014
573,0.0141123,0.0140307759866,0,1,1.96804618835
574,0.0141071,0.0140307592228,0,1,1.98647403717
575,0.0141091,0.014030742459,0,1,2.01846408844
576,0.0141084,0.0140307229012,0,1,2.01055407524
577,0.0141109,0.0140307052061,0,1,1.96236395836
578,0.0141062,0.0140306865796,0,1,1.98860096931
579,0.0141099,0.0140306670219,0,1,1.98591899872
580,0.0141086,0.0140306493267,0,1,2.0076341629
581,0.0141096,0.014030629769,0,1,1.98533296585
582,0.0141058,0.0140306120738,0,1,2.0089609623
583,0.0141122,0.0140305915847,0,1,1.98628902435
584,0.014103,0.0140305738896,1,1,2.00916099548
585,0.0141102,0.0140305552632,0,1,1.96689891815
586,0.0141091,0.0140305357054,0,1,1.99695587158
587,0.0141057,0.0140305161476,0,1,1.98578596115
588,0.0141154,0.0140304984525,0,1,2.01116704941
589,0.0141069,0.0140304807574,0,1,1.96465301514
590,0.0141077,0.0140304621309,0,1,1.98833680153
591,0.0141093,0.0140304425731,0,1,1.9864590168
592,0.014119,0.014030424878,0,1,2.00582909584
593,0.014111,0.0140304053202,0,1,1.98607587814
594,0.0141051,0.0140303848311,0,1,1.98810696602
595,0.0141087,0.0140303652734,0,1,2.01852893829
596,0.01411,0.0140303457156,0,1,2.00758194923
597,0.0141079,0.0140303261578,0,1,1.9875459671
598,0.0141095,0.0140303084627,0,1,1.98849701881
599,0.0141104,0.0140302907676,0,1,1.98426103592
600,0.014104,0.0140302712098,0,1,2.00422978401
601,0.0141133,0.0140302525833,0,1,1.98546004295
602,0.0141119,0.0140302330256,0,1,2.01686906815
603,0.0141075,0.0140302143991,0,1,1.96781516075
604,0.0141129,0.014030196704,0,1,1.98919510841
605,0.0141085,0.0140301790088,0,1,1.98622584343
606,0.014108,0.0140301613137,0,1,2.00909781456
607,0.0141025,0.0140301436186,1,1,1.96389317513
608,0.0141074,0.0140301240608,0,1,2.01472806931
609,0.0141079,0.014030104503,0,1,1.96484184265
610,0.0141082,0.0140300849453,0,1,1.98961997032
611,0.0141135,0.0140300663188,0,1,1.98697304726
612,0.0141073,0.014030046761,0,1,2.01132798195
613,0.014109,0.0140300281346,0,1,1.98704600334
614,0.0141037,0.0140300076455,0,1,1.98866510391
615,0.0141059,0.014029989019,0,1,1.98838305473
616,0.0141081,0.0140299694613,0,1,2.00999188423
617,0.0141077,0.0140299526975,0,1,1.96248412132
618,0.0141126,0.014029931277,0,1,1.98777389526
619,0.0141024,0.0140299135819,1,1,1.98392915726
620,0.0141079,0.0140298958868,0,1,2.01082205772
621,0.0141053,0.0140298753977,0,1,1.98456716537
622,0.0141152,0.0140298567712,0,1,2.04012203217
623,0.0141065,0.0140298381448,0,1,1.99001502991
624,0.0141132,0.0140298195183,0,1,2.00820398331
625,0.0141086,0.0140297980979,0,1,1.96671199799
626,0.0141065,0.0140297794715,0,1,1.98986792564
627,0.0141095,0.014029760845,0,1,1.98848986626
628,0.0141079,0.0140297422186,0,1,2.00931501389
629,0.0141108,0.0140297226608,0,1,1.98795413971
630,0.0141117,0.014029703103,0,1,1.98672413826
631,0.0141044,0.0140296872705,0,1,1.96937608719
632,0.0141112,0.0140296686441,0,1,1.99866104126
633,0.0141172,0.014029648155,0,1,1.98936986923
634,0.0141101,0.0140296313912,0,1,1.97722792625
635,0.0141076,0.0140296118334,0,1,1.99078202248
636,0.0141083,0.0140295950696,0,1,2.00737094879
637,0.0141125,0.0140295755118,0,1,1.98838710785
638,0.0141085,0.014029555954,0,1,1.98927497864
639,0.0141088,0.0140295391902,0,1,1.98169898987
640,0.0141045,0.0140295196325,0,1,2.00983691216
641,0.0141066,0.014029501006,0,1,1.97073912621
642,0.0141138,0.0140294805169,0,1,2.0332839489
643,0.0141111,0.0140294609591,0,1,1.96756005287
644,0.0141027,0.01402944047,0,1,2.00664496422
645,0.0141117,0.0140294199809,0,1,1.98822999001
646,0.0141087,0.0140293994918,0,1,1.97630405426
647,0.0141033,0.0140293808654,0,1,1.96741914749
648,0.0141037,0.0140293622389,0,1,2.00872397423
649,0.0141105,0.0140293436125,0,1,1.98741292953
650,0.0141087,0.0140293259174,0,1,2.00317502022
651,0.0141053,0.0140293054283,0,1,1.95152306557
652,0.0141075,0.0140292858705,0,1,1.99865603447
653,0.0141044,0.014029267244,0,1,1.9878411293
654,0.0141035,0.0140292486176,0,1,1.98783493042
655,0.0141072,0.0140292309225,0,1,1.9884159565
656,0.014111,0.014029212296,0,1,2.00793504715
657,0.0141077,0.0140291955322,0,1,1.97157096863
658,0.0141057,0.0140291722491,0,1,1.98811888695
659,0.0141077,0.0140291526914,0,1,1.9914560318
660,0.0141099,0.0140291349962,0,1,2.00695800781
661,0.0141115,0.0140291163698,0,1,1.98485994339
662,0.0141053,0.0140290958807,0,1,1.98537516594
663,0.0141023,0.0140290791169,1,1,1.95167899132
664,0.0141086,0.0140290614218,0,1,2.00817990303
665,0.0141063,0.0140290409327,0,1,1.98889780045
666,0.014109,0.0140290213749,0,1,1.99549794197
667,0.0141096,0.0140289999545,0,1,1.96637105942
668,0.0141146,0.014028981328,0,1,2.00567507744
669,0.0141059,0.0140289636329,0,1,1.98451089859
670,0.014108,0.0140289422125,0,1,1.98902392387
671,0.014106,0.014028923586,0,1,1.96497392654
672,0.0141039,0.0140289049596,0,1,2.01249289513
673,0.0141092,0.0140288844705,0,1,1.98293399811
674,0.0141087,0.0140288649127,0,1,2.00819993019
675,0.0141061,0.0140288453549,0,1,1.96742582321
676,0.0141098,0.0140288267285,0,1,2.00807118416
677,0.014106,0.0140288071707,0,1,1.98410701752
678,0.0141052,0.0140287866816,0,1,2.00749993324
679,0.0141061,0.0140287680551,0,1,1.99379897118
680,0.0141042,0.0140287484974,0,1,1.98972606659
681,0.0141063,0.0140287280083,0,1,1.986743927
682,0.0141076,0.0140287093818,0,1,2.00899100304
683,0.0141077,0.0140286879614,0,1,1.98502612114
684,0.0141088,0.0140286693349,0,1,1.98858594894
685,0.0141061,0.0140286507085,0,1,1.98872089386
686,0.014106,0.0140286311507,0,1,2.00668382645
687,0.0141073,0.0140286106616,0,1,1.98317909241
688,0.0141039,0.0140285938978,0,1,1.99071884155
689,0.0141082,0.0140285724774,0,1,1.96744084358
690,0.01411,0.0140285529196,0,1,2.00951910019
691,0.0141028,0.0140285305679,0,1,1.98709893227
692,0.0141051,0.0140285100788,0,1,2.0112631321
693,0.0141076,0.0140284914523,0,1,1.96628689766
694,0.0141032,0.0140284718946,0,1,2.01104784012
695,0.0141038,0.0140284514055,0,1,1.97108006477
696,0.0141069,0.0140284318477,0,1,1.98839902878
697,0.0140981,0.0140284122899,1,1,1.96507501602
698,0.0141096,0.0140283945948,0,1,2.009111166
699,0.014103,0.014028375037,0,1,2.00074505806
700,0.0141064,0.0140283582732,0,1,2.0014231205
701,0.0141048,0.0140283377841,0,1,1.96459794044
702,0.0141067,0.0140283182263,0,1,1.99755096436
703,0.0141083,0.0140282968059,0,1,1.98448109627
704,0.0141045,0.0140282781795,0,1,2.00897312164
705,0.0141009,0.014028256759,0,1,1.96762490273
706,0.0141009,0.0140282381326,0,1,2.01242613792
707,0.0141025,0.0140282195061,0,1,1.98400402069
708,0.0141076,0.0140281999484,0,1,2.0071041584
709,0.01411,0.014028178528,0,1,1.96568989754
710,0.0141039,0.0140281589702,0,1,2.01092004776
711,0.014104,0.0140281394124,0,1,1.98588895798
712,0.0141085,0.0140281198546,0,1,2.01055216789
713,0.0141052,0.0140281002969,0,1,1.96840214729
714,0.0141044,0.0140280807391,0,1,1.99686598778
715,0.0141037,0.0140280611813,0,1,1.97922301292
716,0.0141036,0.0140280416235,0,1,1.97796487808
717,0.0141048,0.0140280211344,0,1,1.96474289894
718,0.0141029,0.0140280034393,0,1,1.99749898911
719,0.014108,0.0140279838815,0,1,1.98926496506
720,0.0141018,0.0140279643238,0,1,2.00895309448
721,0.0141023,0.0140279466286,0,1,1.96416115761
722,0.0141056,0.0140279242769,0,1,1.98557090759
723,0.0141018,0.0140279037878,0,1,1.96471691132
724,0.0141064,0.0140278851613,0,1,1.99685907364
725,0.014105,0.0140278665349,0,1,1.98826098442
726,0.0141024,0.0140278469771,0,1,2.01863598824
727,0.0141058,0.0140278255567,0,1,1.97284913063
728,0.0141086,0.0140278059989,0,1,2.00897097588
729,0.01411,0.0140277855098,0,1,1.98998594284
730,0.0141025,0.0140277678147,0,1,1.98569393158
731,0.0141035,0.0140277473256,0,1,1.95319008827
732,0.0141073,0.0140277305618,0,1,2.00977993011
733,0.0141062,0.0140277091414,0,1,1.96284103394
734,0.0141027,0.0140276886523,0,1,1.98588299751
735,0.0141097,0.0140276709571,0,1,1.98785614967
736,0.0141031,0.0140276504681,0,1,1.99144291878
737,0.0141088,0.0140276309103,0,1,1.9887778759
738,0.0141053,0.0140276122838,0,1,1.98499894142
739,0.0141081,0.0140275927261,0,1,1.95561909676
740,0.0141002,0.0140275740996,0,1,2.00738692284
741,0.0141057,0.0140275526792,0,1,1.98750185966
742,0.0141012,0.0140275312588,0,1,2.00843691826
743,0.0141085,0.014027511701,0,1,1.9679608345
744,0.0141054,0.0140274912119,0,1,2.00901985168
745,0.0141053,0.0140274716541,0,1,1.98653316498
746,0.014106,0.014027451165,0,1,2.02503490448
747,0.0140969,0.0140274316072,1,1,1.96736097336
748,0.0141049,0.0140274111181,0,1,2.00471305847
749,0.0141083,0.0140273915604,0,1,1.9881207943
750,0.0141055,0.01402737014,0,1,2.00512194633
751,0.0141037,0.0140273505822,0,1,1.96538114548
752,0.0141013,0.0140273319557,0,1,1.98474097252
753,0.0141043,0.014027312398,0,1,1.99253487587
754,0.0141038,0.0140272909775,0,1,2.00313997269
755,0.0141055,0.0140272714198,0,1,1.98743009567
756,0.0141034,0.014027249068,0,1,1.98879480362
757,0.0141103,0.0140272276476,0,1,1.96760797501
758,0.0141069,0.0140272099525,0,1,2.00627493858
759,0.0141068,0.0140271876007,0,1,1.99563503265
760,0.0141033,0.0140271671116,0,1,2.00647306442
761,0.0141073,0.0140271466225,0,1,1.96615600586
762,0.0141051,0.0140271270648,0,1,2.01262497902
763,0.0140981,0.014027107507,0,1,1.98474884033
764,0.0141036,0.0140270879492,0,1,1.98777794838
765,0.0141056,0.0140270646662,0,1,1.9665119648
766,0.014103,0.0140270441771,0,1,2.00868988037
767,0.0141067,0.0140270246193,0,1,1.97710990906
768,0.0141041,0.0140270041302,0,1,2.01271796227
769,0.0141053,0.0140269855037,0,1,1.96403312683
770,0.014099,0.0140269640833,0,1,2.01038599014
771,0.0141025,0.0140269426629,0,1,1.9908850193
772,0.0141031,0.0140269212425,0,1,2.00882291794
773,0.0141055,0.0140269007534,0,1,1.96527886391
774,0.014104,0.0140268784016,0,1,1.99750113487
775,0.0141033,0.0140268569812,0,1,1.98602485657
776,0.0141015,0.0140268383548,0,1,2.00693511963
777,0.014103,0.0140268169343,0,1,1.96439695358
778,0.0141041,0.0140267973766,0,1,1.988270998
779,0.0141079,0.0140267768875,0,1,1.98604607582
780,0.0141106,0.014026758261,0,1,2.02250885963
781,0.0141068,0.0140267377719,0,1,1.96114301682
782,0.0141084,0.0140267163515,0,1,1.98961997032
783,0.0140988,0.0140266977251,0,1,1.964854002
784,0.0140997,0.0140266781673,0,1,2.01235198975
785,0.014101,0.0140266548842,0,1,1.98605704308
786,0.0141002,0.0140266334638,0,1,1.98869395256
787,0.0141087,0.014026613906,0,1,1.98877692223
788,0.0141059,0.0140265896916,0,1,2.00814080238
789,0.0140998,0.0140265710652,0,1,1.96535015106
790,0.0141035,0.0140265487134,0,1,1.99774909019
791,0.0141071,0.0140265282243,0,1,1.97296905518
792,0.0141096,0.0140265068039,0,1,2.00802612305
793,0.0141053,0.0140264863148,0,1,1.96601295471
794,0.0141042,0.0140264630318,0,1,2.00022912025
795,0.0140988,0.0140264425427,0,1,1.98879218102
796,0.0141023,0.0140264220536,0,1,1.98598098755
797,0.0141047,0.0140264015645,0,1,1.96462202072
798,0.0141066,0.0140263782814,0,1,2.00326800346
799,0.0141115,0.014026359655,0,1,1.98539805412
800,0.0141037,0.0140263373032,0,1,2.00851297379
801,0.0141035,0.0140263168141,0,1,1.96580791473
802,0.014103,0.0140262953937,0,1,1.99811410904
803,0.0141034,0.0140262739733,0,1,1.98819684982
804,0.0141019,0.0140262534842,0,1,2.00991082191
805,0.014105,0.0140262302011,0,1,1.96209692955
806,0.014099,0.014026209712,0,1,1.98588299751
807,0.0141035,0.0140261882916,0,1,1.97034406662
808,0.0141014,0.0140261668712,0,1,2.040320158
809,0.0141034,0.0140261473134,0,1,1.98517298698
810,0.0141049,0.0140261240304,0,1,1.98436903954
811,0.0141045,0.0140261035413,0,1,1.9897069931
812,0.0141056,0.0140260830522,0,1,2.00372505188
813,0.0141067,0.0140260625631,0,1,1.96508908272
814,0.0141,0.0140260411426,0,1,1.99768996239
815,0.0140989,0.0140260197222,0,1,1.98794078827
816,0.0141024,0.0140259973705,0,1,1.98528194427
817,0.0141059,0.0140259768814,0,1,1.97037410736
818,0.0141054,0.0140259535983,0,1,1.9997689724
819,0.014099,0.0140259331092,0,1,1.98710989952
820,0.0141077,0.0140259116888,0,1,2.0068500042
821,0.0141014,0.0140258902684,0,1,1.96730995178
822,0.014107,0.0140258679166,0,1,1.98760700226
823,0.0141116,0.0140258474275,0,1,1.986317873
824,0.0140992,0.0140258278698,0,1,2.01048207283
825,0.0141004,0.0140258073807,0,1,1.98873806
826,0.0140976,0.0140257859603,0,1,2.00568199158
827,0.0141049,0.0140257636085,0,1,1.9865090847
828,0.0141017,0.0140257431194,0,1,2.02570104599
829,0.0141041,0.014025721699,0,1,1.98763298988
830,0.0141013,0.0140256984159,0,1,1.98566603661
831,0.014104,0.0140256742015,0,1,1.96829605103
832,0.0141049,0.0140256527811,0,1,2.00457191467
833,0.0140994,0.0140256294981,0,1,1.98870611191
834,0.0141025,0.0140256080776,0,1,2.00661897659
835,0.0141,0.0140255885199,0,1,1.9898519516
836,0.0140987,0.0140255661681,0,1,1.99759078026
837,0.0141005,0.0140255428851,0,1,1.98467588425
838,0.0141017,0.0140255205333,0,1,2.00155305862
839,0.0141056,0.0140254981816,0,1,1.95313715935
840,0.0141015,0.0140254739672,0,1,1.97589588165
841,0.0141058,0.0140254534781,0,1,1.98876285553
842,0.0140967,0.014025430195,1,1,1.98766994476
843,0.0141097,0.0140254078433,0,1,1.96609592438
844,0.0141043,0.0140253854915,0,1,2.00790715218
845,0.0141086,0.0140253650025,0,1,1.98339700699
846,0.0141042,0.0140253426507,0,1,2.00890994072
847,0.0140984,0.0140253184363,0,1,1.96541190147
848,0.0141043,0.0140252988786,0,1,1.98759508133
849,0.0141059,0.0140252774581,0,1,1.9845969677
850,0.0141055,0.0140252541751,0,1,2.00966119766
851,0.0140987,0.014025233686,0,1,1.97202110291
852,0.0141053,0.0140252104029,0,1,1.98795700073
853,0.014102,0.0140251880512,0,1,1.98840880394
854,0.014099,0.0140251675621,0,1,2.00752592087
855,0.0141034,0.0140251433477,0,1,1.98430299759
856,0.0141034,0.0140251191333,0,1,1.98843693733
857,0.0141021,0.0140250967816,0,1,1.98630595207
858,0.014104,0.0140250744298,0,1,2.00649285316
859,0.014102,0.0140250511467,0,1,1.96617412567
860,0.0140976,0.014025028795,0,1,2.0107820034
861,0.0141051,0.0140250064433,0,1,1.97327613831
862,0.0141005,0.0140249822289,0,1,2.00632405281
863,0.0140973,0.0140249598771,0,1,1.99005794525
864,0.0141059,0.0140249375254,0,1,1.98491477966
865,0.0141003,0.0140249151736,0,1,1.97410798073
866,0.0140978,0.0140248918906,0,1,2.00777697563
867,0.0141047,0.0140248686075,0,1,1.9855890274
868,0.0141034,0.0140248471871,0,1,1.9853849411
869,0.0141012,0.014024823904,0,1,1.96823787689
870,0.0141018,0.014024800621,0,1,2.0005710125
871,0.0141039,0.0140247792006,0,1,1.9875369072
872,0.0140979,0.0140247568488,0,1,1.97902703285
873,0.0141039,0.0140247344971,0,1,1.96760487556
874,0.0140977,0.0140247121453,0,1,2.0075969696
875,0.0141051,0.0140246916562,0,1,1.97233891487
876,0.0141068,0.0140246646479,0,1,2.00765609741
877,0.0140995,0.0140246432275,0,1,1.96529698372
878,0.0140951,0.014024621807,1,1,1.99140310287
879,0.0141051,0.0140245994553,0,1,1.98437595367
880,0.0140971,0.0140245761722,0,1,2.02772903442
881,0.0140976,0.0140245538205,0,1,1.96707892418
882,0.0141074,0.0140245305374,0,1,1.97717404366
883,0.0141015,0.0140245081857,0,1,1.98750710487
884,0.0140989,0.01402448304,0,1,1.99478793144
885,0.0141027,0.0140244597569,0,1,1.98838186264
886,0.0141045,0.0140244383365,0,1,1.98889183998
887,0.0141048,0.0140244159847,0,1,1.98943996429
888,0.0141023,0.0140243927017,0,1,2.0060968399
889,0.0140982,0.0140243703499,0,1,1.96975803375
890,0.0140991,0.0140243461356,0,1,1.98675107956
891,0.0140968,0.0140243247151,0,1,1.96736907959
892,0.0141009,0.0140243023634,0,1,2.00198292732
893,0.0141027,0.0140242762864,0,1,1.98837304115
894,0.0141015,0.0140242530033,0,1,1.98848104477
895,0.0140969,0.0140242297202,0,1,1.96545600891
896,0.0141012,0.0140242064372,0,1,1.99945092201
897,0.0141025,0.0140241831541,0,1,1.97053694725
898,0.0141,0.0140241589397,0,1,2.00867486
899,0.0140999,0.014024136588,0,1,1.96366286278
900,0.0141003,0.0140241142362,0,1,2.03226709366
901,0.0140982,0.0140240890905,0,1,1.98980021477
902,0.0140972,0.0140240658075,0,1,1.99782419205
903,0.0141031,0.0140240415931,0,1,1.96585297585
904,0.0141029,0.0140240173787,0,1,1.98463988304
905,0.0141002,0.0140239950269,0,1,1.98783183098
906,0.0141019,0.0140239708126,0,1,2.00603795052
907,0.014098,0.0140239447355,0,1,1.96824121475
908,0.0141006,0.0140239233151,0,1,1.98659992218
909,0.014097,0.0140238991007,0,1,1.98813605309
910,0.0140971,0.0140238748863,0,1,2.01162481308
911,0.0140972,0.0140238506719,0,1,1.98748993874
912,0.0141024,0.0140238283202,0,1,1.98605108261
913,0.0140993,0.0140238041058,0,1,1.98979902267
914,0.0140976,0.0140237798914,0,1,2.00990200043
915,0.0140965,0.014023755677,0,1,1.98761987686
916,0.0140984,0.0140237305313,0,1,1.98837089539
917,0.014102,0.0140237063169,0,1,1.96301293373
918,0.0140994,0.0140236821026,0,1,2.00755000114
919,0.0141007,0.0140236588195,0,1,1.98375797272
920,0.014099,0.0140236355364,0,1,2.00828909874
921,0.0141017,0.0140236122534,0,1,1.96635293961
922,0.0140994,0.0140235889703,0,1,2.01069712639
923,0.014105,0.0140235647559,0,1,1.99070310593
924,0.014098,0.0140235405415,0,1,2.00902605057
925,0.0141034,0.0140235153958,0,1,1.96616101265
926,0.0140995,0.0140234902501,0,1,1.99094319344
927,0.0141002,0.0140234651044,0,1,1.98664307594
928,0.0140972,0.0140234418213,0,1,1.99475812912
929,0.0140997,0.0140234166756,0,1,1.98251795769
930,0.0141007,0.0140233933926,0,1,1.98776507378
931,0.0140997,0.0140233691782,0,1,1.95334601402
932,0.0141021,0.0140233449638,0,1,2.03053188324
933,0.0141031,0.0140233198181,0,1,1.9880759716
934,0.0140996,0.0140232928097,0,1,1.99282002449
935,0.0140994,0.0140232695267,0,1,1.97079777718
936,0.0141008,0.014023244381,0,1,2.00534391403
937,0.0141019,0.0140232210979,0,1,1.98445487022
938,0.0140945,0.0140231950209,1,1,2.0123128891
939,0.0140994,0.0140231698751,0,1,1.99097585678
940,0.0141014,0.0140231437981,0,1,1.98827600479
941,0.014099,0.0140231214464,0,1,1.98818302155
942,0.0140997,0.0140230935067,0,1,2.01156592369
943,0.0140949,0.0140230702236,0,1,1.97101187706
944,0.014101,0.0140230469406,0,1,1.98573303223
945,0.0140968,0.0140230208635,0,1,1.96832299232
946,0.0141014,0.0140229957178,0,1,1.99524784088
947,0.0141024,0.0140229696408,0,1,1.98399591446
948,0.0140996,0.0140229426324,0,1,2.00927710533
949,0.0140954,0.014022918418,0,1,1.9863409996
950,0.0141007,0.0140228932723,0,1,1.98775887489
951,0.0141007,0.014022869058,0,1,1.98467111588
952,0.0140961,0.0140228448436,0,1,2.03475093842
953,0.0141011,0.0140228187665,0,1,1.96876192093
954,0.0141004,0.0140227926895,0,1,1.99577283859
955,0.0141029,0.0140227675438,0,1,1.98879313469
956,0.0140931,0.0140227433294,1,1,2.00787401199
957,0.0141002,0.0140227163211,0,1,1.96666884422
958,0.0140975,0.014022693038,0,1,1.98180985451
959,0.0140958,0.0140226660296,0,1,1.97971510887
960,0.0140938,0.0140226408839,0,1,1.99716281891
961,0.0141005,0.0140226157382,0,1,1.97769904137
962,0.0141005,0.0140225924551,0,1,1.98019886017
963,0.0141066,0.0140225673094,0,1,1.95742297173
964,0.0140982,0.0140225393698,0,1,1.99462485313
965,0.014099,0.0140225142241,0,1,1.97604489326
966,0.014093,0.0140224872157,1,1,1.98374199867
967,0.0141038,0.0140224630013,0,1,1.95481491089
968,0.0140979,0.0140224350616,0,1,1.9988758564
969,0.0140964,0.0140224080533,0,1,1.97121214867
970,0.0141002,0.0140223801136,0,1,1.99671697617
971,0.0140962,0.0140223558992,0,1,1.95813703537
972,0.0140977,0.0140223307535,0,1,2.00574398041
973,0.0140979,0.0140223046765,0,1,1.97593903542
974,0.0141014,0.0140222785994,0,1,1.99586200714
975,0.0140947,0.0140222515911,0,1,1.97745299339
976,0.0140938,0.0140222273767,0,1,1.97696900368
977,0.0141044,0.0140222012997,0,1,1.97650194168
978,0.0140918,0.01402217336,1,1,1.99493813515
979,0.0140952,0.0140221500769,0,1,1.97697091103
980,0.0140969,0.0140221249312,0,1,1.97331094742
981,0.0140983,0.0140220969915,0,1,1.95682907104
982,0.0140969,0.0140220727772,0,1,2.00094008446
983,0.0140956,0.0140220467001,0,1,1.9765431881
984,0.0140933,0.0140220196918,0,1,1.97706985474
985,0.014099,0.0140219945461,0,1,1.95823502541
986,0.014101,0.0140219666064,0,1,1.99499511719
987,0.0140946,0.0140219405293,0,1,1.9750418663
988,0.014096,0.014021916315,0,1,1.99478387833
989,0.0140959,0.014021887444,0,1,1.95655107498
990,0.0140993,0.0140218604356,0,1,1.97595906258
991,0.0140971,0.0140218352899,0,1,1.97581505775
992,0.0140972,0.0140218064189,0,1,1.99419188499
993,0.0140965,0.0140217784792,0,1,1.97654104233
994,0.0140954,0.0140217542648,0,1,1.97794294357
995,0.0140983,0.0140217272565,0,1,1.96082305908
996,0.0140922,0.0140217021108,0,1,1.99507403374
997,0.0140905,0.0140216741711,1,1,1.98180198669
998,0.0141004,0.0140216462314,0,1,1.97648596764
999,0.0140969,0.0140216192231,0,1,1.97242498398
1000,0.0140948,0.0140215922147,0,1,1.99281907082
1001,0.0140971,0.0140215661377,0,1,1.95355010033
1002,0.0141004,0.0140215372667,0,1,1.98591804504
1003,0.0140909,0.0140215102583,0,1,1.96848297119
1004,0.0141005,0.0140214813873,0,1,2.01385998726
1005,0.0140948,0.014021454379,0,1,1.95010900497
1006,0.0141006,0.0140214273706,0,1,1.97224211693
1007,0.0140965,0.0140214003623,0,1,1.97670197487
1008,0.0140969,0.0140213714913,0,1,1.98861503601
1009,0.0141015,0.0140213435516,0,1,1.96374797821
1010,0.0141013,0.0140213184059,0,1,1.96757292747
1011,0.0141023,0.0140212904662,0,1,1.96841597557
1012,0.0140993,0.0140212625265,0,1,1.97319412231
1013,0.0141006,0.0140212336555,0,1,1.93886899948
1014,0.0140975,0.0140212047845,0,1,1.95869088173
1015,0.0140969,0.0140211768448,0,1,1.95757198334
1016,0.0140909,0.0140211489052,0,1,1.95707702637
1017,0.0140964,0.0140211209655,0,1,1.93956708908
1018,0.0141042,0.0140210920945,0,1,1.97996592522
1019,0.0140967,0.0140210632235,0,1,1.95688915253
1020,0.0140993,0.0140210380778,0,1,1.95706486702
1021,0.014098,0.0140210092068,0,1,1.94152784348
1022,0.0140971,0.0140209784731,0,1,1.9796860218
1023,0.0140968,0.0140209542587,0,1,1.95209503174
1024,0.0140914,0.0140209253877,0,1,1.97984480858
1025,0.0140951,0.0140208983794,0,1,1.93814516068
1026,0.0140941,0.0140208685771,0,1,1.97922515869
1027,0.0140922,0.0140208425,0,1,1.96010303497
1028,0.0141004,0.0140208145604,0,1,1.9795999527
1029,0.0140941,0.0140207856894,0,1,1.93720006943
1030,0.0140987,0.0140207605436,0,1,1.9575009346
1031,0.0140953,0.0140207335353,0,1,1.95931410789
1032,0.0140888,0.0140207018703,1,1,1.98224687576
1033,0.0140965,0.0140206729993,0,1,1.95788908005
1034,0.0140973,0.0140206441283,0,1,1.97297096252
1035,0.0140962,0.014020614326,0,1,1.9427549839
1036,0.0140986,0.014020585455,0,1,1.96972894669
1037,0.0140952,0.0140205556527,0,1,1.94477701187
1038,0.0140917,0.0140205267817,0,1,1.95554590225
1039,0.0140961,0.0140204997733,0,1,1.92299199104
1040,0.0140987,0.0140204690397,0,1,1.97634720802
1041,0.0140981,0.0140204401687,0,1,1.98640680313
1042,0.0140988,0.014020412229,0,1,1.97785401344
1043,0.0140963,0.014020383358,0,1,1.93474602699
1044,0.0140962,0.0140203507617,0,1,1.97697091103
1045,0.0140974,0.0140203237534,0,1,1.94946289062
1046,0.0140928,0.0140202930197,0,1,1.97776889801
1047,0.0140944,0.0140202641487,0,1,1.93406486511
1048,0.0140948,0.0140202324837,0,1,1.9673500061
1049,0.0140969,0.0140202045441,0,1,1.95617699623
1050,0.0140984,0.0140201756731,0,1,1.9771270752
1051,0.0140899,0.0140201440081,0,1,1.95782518387
1052,0.0140958,0.0140201132745,0,1,1.95951104164
1053,0.0140958,0.0140200862661,0,1,1.95423793793
1054,0.0140922,0.0140200573951,0,1,1.97778987885
1055,0.0140994,0.0140200285241,0,1,1.94730806351
1056,0.0140938,0.0140199987218,0,1,1.97784614563
1057,0.0140919,0.0140199698508,0,1,1.96285486221
1058,0.0140966,0.0140199409798,0,1,1.9821138382
1059,0.0141026,0.0140199111775,0,1,1.95464396477
1060,0.0140944,0.0140198804438,0,1,1.97815418243
1061,0.0140957,0.0140198506415,0,1,1.93635582924
1062,0.0140953,0.0140198208392,0,1,1.97686100006
1063,0.0140955,0.0140197928995,0,1,1.95783209801
1064,0.0140989,0.0140197621658,0,1,1.96158719063
1065,0.0140888,0.0140197323635,1,1,1.9543428421
1066,0.0140928,0.0140197006986,0,1,1.97750592232
1067,0.0140923,0.0140196708962,0,1,1.95474290848
1068,0.0140983,0.0140196392313,0,1,1.97379207611
1069,0.014096,0.0140196112916,0,1,1.93603801727
1070,0.0140936,0.0140195842832,0,1,1.97752904892
1071,0.0140945,0.0140195535496,0,1,1.96130204201
1072,0.0140914,0.0140195246786,0,1,1.97445678711
1073,0.0140914,0.0140194948763,0,1,1.93797087669
1074,0.0140938,0.01401946228,0,1,1.97995710373
1075,0.0140948,0.0140194343403,0,1,1.96003389359
1076,0.0140977,0.0140194036067,0,1,1.9766728878
1077,0.0140986,0.014019372873,0,1,1.9367389679
1078,0.0140941,0.0140193421394,0,1,1.97969889641
1079,0.0140923,0.0140193095431,0,1,1.96094584465
1080,0.0140957,0.0140192750841,0,1,1.97790384293
1081,0.0140906,0.0140192452818,0,1,1.93735480309
1082,0.0140919,0.0140192145482,0,1,1.97980093956
1083,0.0140939,0.0140191828832,0,1,1.95670795441
1084,0.0140928,0.0140191502869,0,1,1.97968316078
1085,0.0140976,0.0140191186219,0,1,1.96972894669
1086,0.014092,0.0140190897509,0,1,1.95816612244
1087,0.0140933,0.0140190571547,0,1,1.94448804855
1088,0.0140907,0.0140190273523,0,1,1.96675300598
1089,0.014087,0.014018994756,1,1,1.95314311981
1090,0.0140924,0.0140189640224,0,1,1.95824289322
1091,0.0140952,0.0140189351514,0,1,1.95910406113
1092,0.0140909,0.0140189053491,0,1,1.96565699577
1093,0.0140987,0.0140188727528,0,1,1.9550049305
1094,0.014097,0.0140188420191,0,1,1.96130013466
1095,0.0140903,0.0140188122168,0,1,1.95949101448
1096,0.01409,0.0140187777579,0,1,1.97644305229
1097,0.014093,0.0140187470242,0,1,1.95812392235
1098,0.0140911,0.0140187134966,0,1,1.95832300186
1099,0.0140911,0.014018682763,0,1,1.93683099747
1100,0.0140949,0.014018651098,0,1,1.97873091698
1101,0.0140911,0.0140186185017,0,1,1.95683598518
1102,0.014094,0.0140185859054,0,1,1.98088502884
1103,0.0140909,0.0140185533091,0,1,1.92443704605
1104,0.0140949,0.0140185225755,0,1,1.98031902313
1105,0.0140921,0.0140184871852,0,1,1.95791292191
1106,0.0140934,0.0140184555203,0,1,1.97839903831
1107,0.0140959,0.0140184257179,0,1,1.93747019768
1108,0.0140956,0.0140183931217,0,1,1.96361207962
1109,0.0140904,0.014018359594,0,1,1.95911717415
1110,0.0140922,0.0140183279291,0,1,1.9782910347
1111,0.0140934,0.0140182934701,0,1,1.95694899559
1112,0.014094,0.0140182599425,0,1,1.95593094826
1113,0.0140914,0.0140182264149,0,1,1.92708992958
1114,0.014095,0.0140181938186,0,1,1.97964501381
1115,0.0140939,0.0140181612223,0,1,1.95724010468
1116,0.014095,0.014018128626,0,1,1.97932100296
1117,0.0140931,0.0140180978924,0,1,1.93703603745
1118,0.0140982,0.0140180643648,0,1,1.97866392136
1119,0.0140921,0.0140180345625,0,1,1.95817804337
1120,0.014088,0.0140180028975,0,1,1.9781498909
1121,0.0140892,0.0140179693699,0,1,1.94024610519
1122,0.0140879,0.0140179377049,0,1,2.0000398159
1123,0.0140953,0.0140179041773,0,1,1.94320988655
1124,0.0140883,0.0140178687871,0,1,1.97558808327
1125,0.0140926,0.0140178324655,0,1,1.93858289719
1126,0.0141008,0.0140177989379,0,1,1.97711706161
1127,0.0140961,0.0140177635476,0,1,1.95596385002
1128,0.0140878,0.01401773002,0,1,1.9766190052
1129,0.0140883,0.0140176974237,0,1,1.93846702576
1130,0.0140901,0.0140176638961,0,1,1.98302698135
1131,0.0140877,0.0140176294371,0,1,1.96169185638
1132,0.01409,0.0140175949782,0,1,1.97931814194
1133,0.0140911,0.0140175586566,0,1,1.9373831749
1134,0.0140866,0.0140175232664,1,1,1.95866799355
1135,0.0140935,0.0140174897388,0,1,1.9423520565
1136,0.0140899,0.0140174571425,0,1,1.97879695892
1137,0.0140947,0.0140174226835,0,1,1.95843887329
1138,0.0140991,0.0140173872933,0,1,1.96294021606
1139,0.0140964,0.0140173528343,0,1,1.95667409897
1140,0.0140875,0.0140173165128,0,1,1.97812199593
1141,0.01409,0.0140172820538,0,1,1.95777201653
1142,0.0140943,0.0140172485262,0,1,1.97551107407
1143,0.0140932,0.0140172122046,0,1,1.95658397675
1144,0.0140985,0.0140171777457,0,1,1.9648680687
1145,0.0140894,0.0140171432868,0,1,1.95842885971
1146,0.0140929,0.0140171088278,0,1,1.977602005
1147,0.0140896,0.0140170743689,0,1,1.95793199539
1148,0.014092,0.0140170389786,0,1,1.95817303658
1149,0.0140947,0.0140170026571,0,1,1.93620610237
1150,0.0140981,0.0140169681981,0,1,1.97913599014
1151,0.0140901,0.0140169328079,0,1,1.9566988945
1152,0.0140912,0.014016895555,0,1,1.98075008392
1153,0.0140914,0.0140168629587,0,1,1.9356341362
1154,0.01409,0.0140168266371,0,1,1.99125504494
1155,0.0140949,0.0140167893842,0,1,1.9413921833
1156,0.0140917,0.0140167539939,0,1,1.97798085213
1157,0.0140978,0.0140167204663,0,1,1.94404602051
1158,0.0140922,0.0140166841447,0,1,1.98242497444
1159,0.0140855,0.0140166487545,1,1,1.94104814529
1160,0.0140939,0.0140166142955,0,1,1.98196697235
1161,0.014092,0.0140165770426,0,1,1.95823788643
1162,0.0140857,0.0140165416524,0,1,1.97457718849
1163,0.0140856,0.0140165025368,0,1,1.93756890297
1164,0.0140868,0.0140164662153,0,1,1.9603331089
1165,0.014091,0.0140164317563,0,1,1.9415538311
1166,0.0140912,0.0140163945034,0,1,1.97687220573
1167,0.014093,0.0140163600445,0,1,1.96155619621
1168,0.0140919,0.0140163237229,0,1,1.95714211464
1169,0.01409,0.0140162901953,0,1,1.96003890038
1170,0.0140842,0.0140162520111,1,1,1.97579908371
1171,0.0140871,0.0140162138268,0,1,1.95579004288
1172,0.0140881,0.0140161765739,0,1,1.95702886581
1173,0.0140881,0.0140161383897,0,1,1.935297966
1174,0.0140848,0.0140161020681,0,1,1.97463011742
1175,0.0140901,0.0140160666779,0,1,1.95929479599
1176,0.0140872,0.0140160284936,0,1,1.97576498985
1177,0.0140821,0.0140159940347,1,1,1.95642495155
1178,0.0140901,0.0140159558505,0,1,1.95934605598
1179,0.0140943,0.0140159185976,0,1,1.95745301247
1180,0.0140943,0.014015879482,0,1,1.97320413589
1181,0.0140938,0.0140158422291,0,1,1.96052908897
1182,0.0140894,0.0140158031136,0,1,1.95954298973
1183,0.01409,0.0140157677233,0,1,1.93721413612
1184,0.0140868,0.0140157286078,0,1,1.9803879261
1185,0.0140902,0.0140156904235,0,1,1.95687484741
1186,0.0140887,0.0140156522393,0,1,1.97600913048
1187,0.0140918,0.0140156140551,0,1,1.9381070137
1188,0.0140938,0.0140155768022,0,1,1.97895097733
1189,0.0140887,0.0140155404806,0,1,1.95369291306
1190,0.0140899,0.0140155032277,0,1,1.95844602585
1191,0.0140902,0.0140154641122,0,1,1.96696996689
1192,0.0140897,0.0140154259279,0,1,1.97689414024
1193,0.0140941,0.0140153896064,0,1,1.95527911186
1194,0.0140885,0.0140153495595,0,1,1.9775018692
1195,0.0140898,0.0140153085813,0,1,1.93838191032
1196,0.0140863,0.0140152722597,0,1,1.97811198235
1197,0.0140894,0.0140152312815,0,1,1.95461988449
1198,0.0140865,0.0140151912346,0,1,1.97783184052
1199,0.0140888,0.0140151539817,0,1,1.93639683723
1200,0.0140872,0.0140151148662,0,1,1.96098089218
1201,0.0140877,0.014015076682,0,1,1.95824599266
1202,0.014089,0.0140150366351,0,1,1.97861790657
1203,0.0140888,0.0140149965882,0,1,1.93655014038
1204,0.0140868,0.0140149593353,0,1,1.98014712334
1205,0.0140845,0.0140149183571,0,1,1.9462659359
1206,0.0140836,0.0140148773789,0,1,1.9614238739
1207,0.0140861,0.0140148373321,0,1,1.94505000114
1208,0.0140878,0.0140147972852,0,1,1.96440815926
1209,0.0140904,0.014014756307,0,1,1.94255805016
1210,0.0140857,0.0140147190541,0,1,1.96202707291
1211,0.0140913,0.0140146790072,0,1,1.94510602951
1212,0.0140858,0.014014638029,0,1,1.96321296692
1213,0.0140907,0.0140145989135,0,1,1.94095087051
1214,0.0140858,0.0140145597979,0,1,1.96313405037
1215,0.0140894,0.0140145197511,0,1,1.94133090973
1216,0.0140868,0.0140144797042,0,1,1.96609091759
1217,0.0140904,0.0140144396573,0,1,1.94649100304
1218,0.0140853,0.0140143986791,0,1,1.97200107574
1219,0.0140852,0.0140143604949,0,1,1.93590211868
1220,0.0140865,0.0140143195167,0,1,1.93855810165
1221,0.014087,0.0140142776072,0,1,1.92404603958
1222,0.0140869,0.0140142356977,0,1,1.94027113914
1223,0.0140879,0.0140141937882,0,1,1.9169728756
1224,0.0140897,0.01401415281,0,1,1.93929409981
1225,0.0140913,0.0140141127631,0,1,1.95000696182
1226,0.0140817,0.0140140717849,1,1,1.93807983398
1227,0.0140849,0.0140140298754,0,1,1.91737318039
1228,0.0140838,0.0140139898285,0,1,1.9384598732
1229,0.0140894,0.0140139460564,0,1,1.9540719986
1230,0.0140897,0.0140139041469,0,1,1.984623909
1231,0.0140871,0.0140138631687,0,1,1.96410298347
1232,0.0140854,0.0140138203278,0,1,1.98330783844
1233,0.0140826,0.0140137802809,0,1,1.94772219658
1234,0.0140893,0.0140137393028,0,1,1.96388816833
1235,0.014087,0.0140136983246,0,1,1.9445130825
1236,0.0140864,0.0140136536211,0,1,1.98166203499
1237,0.0140865,0.0140136126429,0,1,1.96538901329
1238,0.0140901,0.0140135688707,0,1,1.96354103088
1239,0.0140859,0.0140135269612,0,1,1.94309616089
1240,0.0140856,0.014013483189,0,1,1.98325395584
1241,0.0140921,0.0140134403482,0,1,1.9627969265
1242,0.014091,0.0140133956447,0,1,1.98038887978
1243,0.0140819,0.0140133546665,0,1,1.94298386574
1244,0.0140823,0.014013309963,0,1,1.97229504585
1245,0.0140843,0.0140132652596,0,1,1.99007892609
1246,0.0140816,0.0140132214874,1,1,1.98178911209
1247,0.0140864,0.0140131814405,0,1,1.94389891624
1248,0.0140784,0.014013136737,1,1,1.96615195274
1249,0.0140862,0.0140130929649,0,1,1.94984006882
1250,0.0140856,0.0140130510554,0,1,1.95183300972
1251,0.0140806,0.0140130063519,0,1,1.94321703911
1252,0.0140902,0.0140129653737,0,1,1.99522089958
1253,0.0140816,0.0140129178762,0,1,1.95651912689
1254,0.0140835,0.0140128731728,0,1,1.97934985161
1255,0.0140836,0.0140128312632,0,1,1.94161605835
1256,0.0140867,0.0140127874911,0,1,1.98255205154
1257,0.0140884,0.0140127427876,0,1,1.94846200943
1258,0.0140885,0.0140126980841,0,1,1.9870300293
1259,0.0140828,0.0140126552433,0,1,1.94178795815
1260,0.014088,0.0140126114711,0,1,1.9617369175
1261,0.014085,0.014012564905,0,1,1.95868611336
1262,0.0140901,0.0140125183389,0,1,1.97700595856
1263,0.0140846,0.0140124736354,0,1,1.95556807518
1264,0.0140791,0.0140124317259,0,1,1.95590996742
1265,0.0140863,0.0140123870224,0,1,1.95932412148
1266,0.0140882,0.0140123432502,0,1,1.97822904587
1267,0.0140867,0.0140122985467,0,1,1.9354557991
1268,0.0140838,0.0140122529119,0,1,1.97549915314
1269,0.0140823,0.0140122044832,0,1,1.96642518044
1270,0.0140848,0.0140121597797,0,1,1.95514011383
1271,0.014077,0.0140121141449,1,1,1.93733096123
1272,0.014084,0.0140120675787,0,1,1.97816610336
1273,0.014084,0.0140120210126,0,1,1.95355796814
1274,0.0140888,0.0140119744465,0,1,1.9771630764
1275,0.0140779,0.0140119288117,0,1,1.93602800369
1276,0.0140852,0.0140118841082,0,1,1.97599506378
1277,0.0140852,0.0140118394047,0,1,1.95376610756
1278,0.0140863,0.0140117937699,0,1,1.97537493706
1279,0.0140875,0.0140117462724,0,1,1.93975400925
1280,0.0140854,0.0140116978437,0,1,1.94964504242
1281,0.0140885,0.0140116522089,0,1,1.93416905403
1282,0.0140859,0.0140116065741,0,1,1.97820210457
1283,0.0140857,0.0140115600079,0,1,1.93666505814
1284,0.0140881,0.0140115143731,0,1,1.97435712814
1285,0.0140821,0.014011467807,0,1,1.95798993111
1286,0.0140824,0.0140114203095,0,1,1.95878696442
1287,0.0140839,0.0140113709494,0,1,1.92166304588
1288,0.0140833,0.014011326246,0,1,1.98283195496
1289,0.0140842,0.0140112796798,0,1,1.98382806778
1290,0.0140793,0.0140112321824,0,1,1.97781801224
1291,0.0140815,0.0140111846849,0,1,1.9310760498
1292,0.0140818,0.0140111353248,0,1,1.98024702072
1293,0.014078,0.0140110887587,0,1,1.95735096931
1294,0.0140893,0.0140110403299,0,1,1.97559499741
1295,0.0140845,0.0140109928325,0,1,1.95564103127
1296,0.0140787,0.0140109444037,0,1,1.94774198532
1297,0.0140865,0.0140108969063,0,1,1.95485591888
1298,0.01408,0.0140108456835,0,1,1.97203207016
1299,0.0140838,0.0140107981861,0,1,1.95555996895
1300,0.0140846,0.0140107506886,0,1,1.96144485474
1301,0.0140805,0.0140107022598,0,1,1.95991110802
1302,0.0140846,0.0140106528997,0,1,1.96638202667
1303,0.014084,0.0140106054023,0,1,1.95542001724
1304,0.014078,0.0140105560422,0,1,1.95829105377
1305,0.0140812,0.0140105085447,0,1,1.93443417549
1306,0.0140801,0.0140104582533,0,1,1.98110699654
1307,0.0140802,0.0140104107559,0,1,1.9558339119
1308,0.0140847,0.0140103641897,0,1,1.97905993462
1309,0.0140796,0.0140103120357,0,1,1.93966984749
1310,0.0140829,0.0140102636069,0,1,1.9785118103
1311,0.014081,0.0140102133155,0,1,1.95759105682
1312,0.0140801,0.0140101611614,0,1,1.9760658741
1313,0.0140823,0.0140101127326,0,1,1.95173406601
1314,0.0140815,0.0140100605786,0,1,1.97993612289
1315,0.0140782,0.0140100149438,0,1,1.95734286308
1316,0.0140808,0.014009963721,0,1,1.9984369278
1317,0.0140795,0.0140099134296,0,1,1.93805289268
1318,0.0140771,0.0140098603442,0,1,1.96091890335
1319,0.0140819,0.0140098091215,0,1,1.9567899704
1320,0.0140816,0.0140097606927,0,1,1.97919583321
1321,0.0140826,0.01400970947,0,1,1.95968794823
1322,0.0140872,0.0140096573159,0,1,1.95835113525
1323,0.0140817,0.0140096051618,0,1,1.94885396957
1324,0.0140753,0.0140095548704,1,1,1.96002483368
1325,0.0140797,0.014009501785,0,1,1.94347786903
1326,0.014079,0.0140094533563,0,1,1.95900797844
1327,0.0140812,0.0140094049275,0,1,1.93809604645
1328,0.0140791,0.0140093527734,0,1,1.95773410797
1329,0.0140798,0.014009299688,0,1,1.94510102272
1330,0.014078,0.0140092493966,0,1,1.95713186264
1331,0.014079,0.0140091972426,0,1,1.92212104797
1332,0.0140827,0.0140091469511,0,1,1.93794298172
1333,0.0140756,0.0140090985224,0,1,1.9210870266
1334,0.0140807,0.0140090445057,0,1,1.92974209785
1335,0.014083,0.0140089942142,0,1,1.92264699936
1336,0.0140778,0.0140089401975,0,1,1.9559981823
1337,0.0140803,0.0140088889748,0,1,1.92141699791
1338,0.0140751,0.0140088368207,1,1,1.9395070076
1339,0.0140778,0.014008782804,0,1,1.91895008087
1340,0.0140878,0.0140087287873,0,1,1.94137716293
1341,0.0140834,0.0140086757019,0,1,1.92170810699
1342,0.0140787,0.0140086226165,0,1,1.93988204002
1343,0.0140777,0.0140085695311,0,1,1.93159508705
1344,0.0140805,0.0140085136518,0,1,1.93883800507
1345,0.0140827,0.0140084596351,0,1,1.917719841
1346,0.0140779,0.014008404687,0,1,1.9609670639
1347,0.014078,0.014008349739,0,1,1.91714501381
1348,0.0140792,0.014008297585,0,1,1.9340569973
1349,0.0140812,0.0140082407743,0,1,1.93575191498
1350,0.0140763,0.0140081886202,0,1,1.93172693253
1351,0.0140751,0.0140081346035,1,1,1.91562581062
1352,0.0140781,0.0140080796555,0,1,1.92941713333
1353,0.0140728,0.0140080228448,1,1,1.9153239727
1354,0.0140733,0.0140079688281,0,1,1.92184209824
1355,0.0140753,0.0140079129487,0,1,1.91588687897
1356,0.0140795,0.0140078598633,0,1,1.93232989311
1357,0.0140819,0.0140078058466,0,1,2.10540390015
1358,0.0140809,0.0140077481046,0,1,1.9310131073
1359,0.0140782,0.0140076959506,0,1,1.91176700592
1360,0.0140809,0.0140076391399,0,1,1.92672920227
1361,0.0140755,0.0140075851232,0,1,1.91459107399
1362,0.014073,0.0140075292438,0,1,1.92334008217
1363,0.014079,0.0140074752271,0,1,1.91358208656
1364,0.0140772,0.0140074202791,0,1,1.92119216919
1365,0.014077,0.0140073662624,0,1,1.9126868248
1366,0.0140812,0.014007310383,0,1,1.91908097267
1367,0.0140676,0.0140072563663,1,1,1.91270399094
1368,0.0140744,0.0140071995556,0,1,1.92918515205
1369,0.0140743,0.0140071455389,0,1,1.91323280334
1370,0.0140727,0.0140070905909,0,1,1.92941784859
1371,0.0140737,0.0140070328489,0,1,1.91472697258
1372,0.0140804,0.0140069751069,0,1,1.93021202087
1373,0.0140818,0.0140069173649,0,1,1.91112112999
1374,0.0140767,0.0140068605542,0,1,1.92772507668
1375,0.0140823,0.0140068046749,0,1,1.9140431881
1376,0.0140703,0.0140067469329,0,1,1.92936015129
1377,0.0140764,0.0140066910535,0,1,1.91261291504
1378,0.0140762,0.0140066295862,0,1,1.92913579941
1379,0.0140723,0.0140065746382,0,1,1.91377806664
1380,0.0140747,0.0140065168962,0,1,1.93303108215
1381,0.0140815,0.0140064600855,0,1,1.91338300705
1382,0.0140778,0.0140064004809,0,1,1.93098402023
1383,0.0140745,0.0140063418075,0,1,2.00232100487
1384,0.0140738,0.0140062803403,0,1,1.92947506905
1385,0.0140746,0.0140062225983,0,1,1.91337394714
1386,0.0140755,0.0140061657876,0,1,1.92892694473
1387,0.0140759,0.0140061061829,0,1,1.91239404678
1388,0.0140741,0.0140060475096,0,1,1.92802715302
1389,0.0140785,0.0140059897676,0,1,1.91412210464
1390,0.0140765,0.0140059292316,0,1,1.92157912254
1391,0.0140696,0.014005869627,0,1,1.9132668972
1392,0.0140717,0.0140058081597,0,1,1.92874693871
1393,0.0140743,0.0140057485551,0,1,1.90509700775
1394,0.0140783,0.0140056889504,0,1,1.92818212509
1395,0.0140836,0.0140056284145,0,1,1.91404819489
1396,0.0140719,0.0140055669472,0,1,1.92899394035
1397,0.014073,0.0140055073425,0,1,1.90268707275
1398,0.0140711,0.0140054449439,0,1,1.92677903175
1399,0.0140781,0.0140053853393,0,1,1.93065285683
1400,0.0140735,0.0140053266659,0,1,1.91830992699
1401,0.0140724,0.0140052679926,0,1,1.90537190437
1402,0.0140721,0.014005208388,0,1,1.93098711967
1403,0.0140753,0.0140051487833,0,1,1.91247010231
1404,0.0140686,0.0140050882474,0,1,1.92867898941
1405,0.0140728,0.014005029574,0,1,1.91227197647
1406,0.0140696,0.0140049653128,0,1,1.9296848774
1407,0.0140748,0.0140049019828,0,1,1.91205787659
1408,0.0140745,0.0140048423782,0,1,1.92825818062
1409,0.0140751,0.0140047818422,0,1,1.9054479599
1410,0.0140724,0.0140047203749,0,1,1.92006993294
1411,0.014074,0.0140046561137,0,1,1.9138071537
1412,0.0140724,0.0140045946464,0,1,1.98179101944
1413,0.0140728,0.0140045313165,0,1,1.94764399529
1414,0.01407,0.0140044707805,0,1,1.98170399666
1415,0.0140679,0.0140044055879,0,1,1.9690721035
1416,0.0140709,0.0140043441206,0,1,1.9549779892
1417,0.0140676,0.0140042807907,1,1,1.93242096901
1418,0.0140738,0.0140042137355,0,1,1.94875097275
1419,0.0140751,0.0140041531995,0,1,1.93345689774
1420,0.0140693,0.0140040880069,0,1,1.93833708763
1421,0.0140673,0.0140040256083,1,1,1.91401004791
1422,0.014074,0.014003961347,0,1,1.93386507034
1423,0.0140723,0.0140038980171,0,1,1.91362810135
1424,0.014074,0.0140038337559,0,1,1.93029689789
1425,0.0140707,0.0140037704259,0,1,1.91426610947
1426,0.0140743,0.0140037089586,0,1,1.93371510506
1427,0.0140702,0.0140036428347,0,1,1.91559314728
1428,0.0140706,0.0140035785735,0,1,1.9293859005
1429,0.0140675,0.0140035161749,0,1,1.91524791718
1430,0.0140731,0.0140034509823,0,1,1.9184820652
1431,0.0140714,0.014003383927,0,1,1.9128139019
1432,0.0140682,0.0140033205971,0,1,1.92848014832
1433,0.0140714,0.0140032526106,0,1,1.94738221169
1434,0.0140703,0.0140031864867,0,1,1.92800998688
1435,0.0140641,0.0140031231567,1,1,1.90465021133
1436,0.0140752,0.0140030570328,0,1,1.9347679615
1437,0.0140689,0.0140029890463,0,1,1.90613889694
1438,0.0140747,0.014002924785,0,1,1.92048811913
1439,0.0140674,0.0140028577298,0,1,1.91398096085
1440,0.0140658,0.0140027888119,0,1,1.92034387589
1441,0.0140678,0.0140027245507,0,1,1.90998411179
1442,0.014073,0.0140026584268,0,1,1.91825008392
1443,0.0140714,0.0140025941655,0,1,1.90499711037
1444,0.0140706,0.0140025252476,0,1,1.93266892433
1445,0.0140721,0.0140024591237,0,1,1.91445493698
1446,0.0140739,0.0140023911372,0,1,1.93143296242
1447,0.014077,0.0140023259446,0,1,1.91388607025
1448,0.0140765,0.0140022588894,0,1,1.93015599251
1449,0.0140726,0.0140021909028,0,1,1.91228914261
1450,0.0140712,0.0140021229163,0,1,1.92995905876
1451,0.0140667,0.0140020577237,0,1,1.9169819355
1452,0.0140756,0.0140019897372,0,1,1.92831897736
1453,0.0140701,0.0140019217506,0,1,1.91449403763
1454,0.0140722,0.014001856558,0,1,1.93545985222
1455,0.0140732,0.0140017876402,0,1,1.91284918785
1456,0.0140685,0.0140017187223,0,1,1.92714381218
1457,0.014072,0.0140016498044,0,1,1.91171789169
1458,0.0140663,0.0140015808865,0,1,1.92160201073
1459,0.0140673,0.0140015147626,0,1,1.90482592583
1460,0.0140621,0.0140014458448,1,1,1.9203209877
1461,0.0140717,0.0140013769269,0,1,1.91438794136
1462,0.0140634,0.0140013070777,0,1,1.95072889328
1463,0.0140742,0.0140012372285,0,1,1.93972682953
1464,0.014067,0.014001166448,0,1,1.94894695282
1465,0.01407,0.0140010965988,0,1,1.93361496925
1466,0.0140728,0.0140010276809,0,1,1.94523191452
1467,0.0140678,0.0140009569004,0,1,1.91355204582
1468,0.0140709,0.0140008842573,0,1,1.94989800453
1469,0.0140631,0.0140008162707,0,1,1.93357777596
1470,0.0140675,0.0140007454902,0,1,1.95298814774
1471,0.014064,0.0140006765723,0,1,1.93044400215
1472,0.0140661,0.0140006020665,0,1,1.95050597191
1473,0.0140665,0.01400053408,0,1,1.92924189568
1474,0.0140704,0.0140004642308,0,1,1.94855499268
1475,0.0140644,0.0140003906563,0,1,1.93152117729
1476,0.0140717,0.0140003189445,0,1,1.94816493988
1477,0.0140687,0.0140002444386,0,1,1.92687797546
1478,0.0140654,0.0140001755208,0,1,1.95070719719
1479,0.0140746,0.0140001028776,0,1,1.9251101017
1480,0.0140621,0.0140000293031,0,1,1.95034503937
1481,0.0140676,0.0139999575913,0,1,1.93264985085
1482,0.0140639,0.0139998868108,0,1,1.94568800926
1483,0.0140606,0.0139998150989,1,1,1.93593287468
1484,0.0140675,0.0139997424558,0,1,1.95119190216
1485,0.0140651,0.0139996688813,0,1,1.92887806892
1486,0.0140626,0.0139995943755,0,1,1.94747900963
1487,0.0140647,0.0139995217323,0,1,1.93164682388
1488,0.0140718,0.0139994490892,0,1,1.94886088371
1489,0.0140636,0.0139993783087,0,1,1.93301105499
1490,0.0140677,0.0139993019402,0,1,1.95133709908
1491,0.0140576,0.0139992283657,1,1,1.93045783043
1492,0.0140685,0.0139991538599,0,1,1.94733095169
1493,0.014063,0.0139990784228,0,1,1.92927193642
1494,0.0140652,0.0139990057796,0,1,1.9517660141
1495,0.0140659,0.0139989340678,0,1,1.93093705177
1496,0.0140638,0.013998859562,0,1,1.95070099831
1497,0.0140678,0.0139987850562,0,1,1.92744708061
1498,0.0140651,0.013998712413,0,1,1.94884800911
1499,0.0140732,0.0139986351132,0,1,1.931235075
1500,0.0140715,0.0139985615388,0,1,1.94939613342
1501,0.0140683,0.013998484239,0,1,1.92988586426
1502,0.0140611,0.0139984078705,0,1,1.94544291496
1503,0.0140696,0.0139983333647,0,1,1.93246006966
1504,0.0140602,0.0139982569963,0,1,1.94514393806
1505,0.0140629,0.0139981778339,0,1,1.92852401733
1506,0.0140683,0.0139981014654,0,1,1.94621491432
1507,0.0140626,0.013998025097,0,1,1.92773199081
1508,0.0140622,0.0139979496598,0,1,1.95130491257
1509,0.0140625,0.0139978704974,0,1,1.93345808983
1510,0.0140685,0.0139977969229,0,1,1.94838690758
1511,0.0140671,0.0139977224171,0,1,1.93011784554
1512,0.0140629,0.0139976451173,0,1,1.95122694969
1513,0.0140613,0.0139975640923,0,1,1.92992186546
1514,0.0140662,0.0139974839985,0,1,1.94763493538
1515,0.0140681,0.0139974066988,0,1,1.94750618935
1516,0.014061,0.0139973284677,0,1,1.94751906395
1517,0.0140685,0.0139972520992,0,1,1.91191077232
1518,0.0140602,0.0139971766621,0,1,1.9271941185
1519,0.014059,0.0139971002936,0,1,1.92934608459
1520,0.0140704,0.0139970220625,0,1,1.94779586792
1521,0.0140634,0.0139969419688,0,1,1.92878508568
1522,0.014061,0.0139968683943,0,1,1.95570588112
1523,0.0140564,0.0139967901632,1,1,1.92695116997
1524,0.0140661,0.0139967137948,0,1,1.95268797874
1525,0.0140613,0.0139966309071,0,1,1.93453001976
1526,0.0140641,0.0139965517446,0,1,1.98501896858
1527,0.0140654,0.0139964725822,0,1,1.97470521927
1528,0.0140608,0.0139963924885,0,1,1.96218705177
1529,0.0140578,0.0139963133261,0,1,1.96425700188
1530,0.0140663,0.013996232301,0,1,1.98298692703
1531,0.0140579,0.0139961531386,0,1,1.96337890625
1532,0.014064,0.0139960749075,0,1,1.95939803123
1533,0.014062,0.0139959957451,0,1,1.96518397331
1534,0.0140642,0.0139959165826,0,1,2.05531287193
1535,0.0140643,0.0139958355576,0,1,1.93123602867
1536,0.0140638,0.0139957536012,0,1,1.95221805573
1537,0.0140607,0.0139956707135,0,1,1.93647384644
1538,0.0140677,0.0139955896884,0,1,1.95086503029
1539,0.0140621,0.013995507732,0,1,1.92945289612
1540,0.0140658,0.0139954276383,0,1,1.94743990898
1541,0.0140619,0.0139953475446,0,1,1.93274497986
1542,0.0140574,0.0139952646568,0,1,1.94908905029
1543,0.01406,0.0139951827005,0,1,1.93172812462
1544,0.0140615,0.0139950998127,0,1,1.9496948719
1545,0.0140648,0.0139950215816,0,1,1.93203186989
1546,0.0140642,0.0139949386939,0,1,1.95546102524
1547,0.0140597,0.0139948558062,0,1,1.94287991524
1548,0.0140601,0.0139947719872,0,1,1.94861102104
1549,0.0140595,0.0139946890995,0,1,1.93086194992
1550,0.0140572,0.0139946052805,0,1,1.94925880432
1551,0.0140593,0.0139945233241,0,1,1.93274784088
1552,0.0140607,0.0139944404364,0,1,1.9276099205
1553,0.0140538,0.0139943575487,1,1,1.93362998962
1554,0.0140631,0.0139942737296,0,1,1.9534881115
1555,0.0140563,0.0139941936359,0,1,1.91429281235
1556,0.0140622,0.0139941088855,0,1,1.93340992928
1557,0.0140591,0.0139940250665,0,1,1.93144083023
1558,0.014058,0.0139939403161,0,1,1.95118880272
1559,0.0140641,0.0139938574284,0,1,1.92973208427
1560,0.0140566,0.0139937736094,0,1,1.94540691376
1561,0.0140606,0.0139936869964,0,1,1.93015789986
1562,0.0140617,0.0139936003834,0,1,1.94564819336
1563,0.0140617,0.013993515633,0,1,1.92901015282
1564,0.0140591,0.0139934271574,0,1,1.94678092003
1565,0.0140574,0.013993342407,0,1,1.91454601288
1566,0.0140552,0.013993258588,0,1,1.94757890701
1567,0.0140621,0.0139931729063,0,1,1.91444897652
1568,0.014054,0.013993085362,0,1,1.94914889336
1569,0.0140551,0.0139929996803,0,1,1.92141985893
1570,0.0140561,0.0139929130673,0,1,1.93011498451
1571,0.0140558,0.013992825523,0,1,1.91335010529
1572,0.0140572,0.0139927379787,0,1,1.92772388458
1573,0.0140591,0.0139926513657,0,1,1.92605686188
1574,0.0140572,0.0139925647527,0,1,1.95330905914
1575,0.0140554,0.0139924781397,0,1,1.91215085983
1576,0.0140591,0.0139923915267,0,1,1.9284760952
1577,0.0140637,0.0139923039824,0,1,1.91554903984
1578,0.0140562,0.0139922145754,0,1,1.93128585815
1579,0.0140546,0.0139921251684,0,1,1.91283512115
1580,0.0140553,0.0139920385554,0,1,1.9468331337
1581,0.0140563,0.0139919500798,0,1,1.93069195747
1582,0.0140502,0.0139918606728,1,1,1.94844794273
1583,0.0140583,0.0139917768538,0,1,1.92897605896
1584,0.0140616,0.0139916874468,0,1,1.92855787277
1585,0.0140567,0.0139915980399,0,1,1.92833089828
1586,0.0140514,0.0139915095642,0,1,1.94592690468
1587,0.0140563,0.0139914201573,0,1,1.91224193573
1588,0.014051,0.0139913307503,0,1,1.92857789993
1589,0.0140572,0.0139912422746,0,1,1.91072702408
1590,0.0140502,0.0139911528677,1,1,1.93026185036
1591,0.0140584,0.013991064392,0,1,1.93254113197
1592,0.0140519,0.0139909749851,0,1,1.92784309387
1593,0.014051,0.0139908865094,0,1,1.93113207817
1594,0.0140555,0.0139907971025,0,1,1.92840385437
1595,0.0140502,0.0139907030389,0,1,1.91351795197
1596,0.014055,0.0139906089753,0,1,1.92985200882
1597,0.0140522,0.0139905204996,0,1,1.93304896355
1598,0.0140529,0.013990432024,0,1,1.93101596832
1599,0.0140506,0.0139903416857,0,1,1.93427801132
1600,0.0140515,0.0139902476221,0,1,1.92958593369
1601,0.0140534,0.0139901544899,0,1,1.932710886
1602,0.0140535,0.0139900622889,0,1,1.93239688873
1603,0.0140524,0.0139899710193,0,1,1.93241214752
1604,0.0140538,0.0139898788184,0,1,1.95056700706
1605,0.0140568,0.0139897875488,0,1,1.92177200317
1606,0.0140539,0.0139896953478,0,1,1.94904088974
1607,0.014054,0.0139896050096,0,1,1.9121670723
1608,0.0140509,0.013989510946,0,1,1.94893789291
1609,0.0140509,0.013989418745,0,1,1.91610717773
1610,0.0140567,0.0139893274754,0,1,1.94730401039
1611,0.014055,0.0139892343432,0,1,1.93225502968
1612,0.0140469,0.0139891440049,1,1,1.92894697189
1613,0.0140484,0.01398904901,0,1,1.93093013763
1614,0.0140501,0.0139889540151,0,1,1.92890810966
1615,0.0140478,0.0139888580889,0,1,1.93133091927
1616,0.0140512,0.0139887705445,0,1,1.92995715141
1617,0.0140543,0.0139886774123,0,1,1.93489003181
1618,0.0140523,0.0139885852113,0,1,1.94454479218
1619,0.0140482,0.0139884902164,0,1,1.93279695511
1620,0.0140505,0.0139883961529,0,1,1.9487528801
1621,0.0140527,0.0139883020893,0,1,1.93215990067
1622,0.0140548,0.0139882052317,0,1,1.92988991737
1623,0.0140462,0.0139881074429,1,1,1.90959405899
1624,0.0140466,0.0139880143106,0,1,1.9281539917
1625,0.0140448,0.0139879174531,1,1,1.93049001694
1626,0.0140489,0.0139878261834,0,1,1.94993805885
1627,0.0140553,0.0139877339825,0,1,1.9156088829
1628,0.0140485,0.0139876361936,0,1,1.93109798431
1629,0.0140511,0.0139875421301,0,1,1.91334295273
1630,0.0140493,0.0139874434099,0,1,1.93136882782
1631,0.0140531,0.0139873521402,0,1,1.93084406853
1632,0.0140544,0.0139872534201,0,1,1.92971014977
1633,0.0140548,0.0139871584252,0,1,1.93393921852
1634,0.0140555,0.0139870587736,0,1,1.9304831028
1635,0.0140502,0.0139869609848,0,1,1.93303203583
1636,0.0140492,0.0139868631959,0,1,1.94591283798
1637,0.014047,0.013986765407,0,1,1.93532514572
1638,0.0140447,0.0139866722748,1,1,1.93007516861
1639,0.0140484,0.0139865744859,0,1,1.93274593353
1640,0.0140493,0.0139864804223,0,1,1.94531416893
1641,0.0140425,0.0139863826334,1,1,1.91328501701
1642,0.014049,0.0139862876385,0,1,1.93264293671
1643,0.0140534,0.013986187987,0,1,1.93327879906
1644,0.0140487,0.0139860901982,0,1,1.92775702477
1645,0.0140438,0.0139859924093,0,1,1.93280386925
1646,0.0140471,0.0139858946204,0,1,1.9326839447
1647,0.0140456,0.0139857940376,0,1,1.92946100235
1648,0.0140503,0.0139856943861,0,1,1.96035599709
1649,0.0140453,0.0139855984598,0,1,1.93089103699
1650,0.0140488,0.0139854988083,0,1,1.94926595688
1651,0.0140495,0.0139853991568,0,1,1.93488311768
1652,0.0140426,0.0139852995053,0,1,1.94378614426
1653,0.0140466,0.0139851998538,0,1,1.94220900536
1654,0.0140485,0.0139851002023,0,1,1.94857311249
1655,0.0140485,0.0139850033447,0,1,1.93689918518
1656,0.014041,0.0139849008992,1,1,1.95025801659
1657,0.0140473,0.0139848012477,0,1,1.9133849144
1658,0.014044,0.0139846988022,0,1,1.92893791199
1659,0.0140465,0.0139845972881,0,1,1.9143409729
1660,0.0140442,0.0139844985679,0,1,1.9284389019
1661,0.0140425,0.0139843970537,0,1,1.93037199974
1662,0.0140433,0.0139842946082,0,1,1.92928195
1663,0.0140451,0.0139841940254,0,1,1.93525218964
1664,0.0140459,0.0139840925112,0,1,1.94963598251
1665,0.0140451,0.013983993791,0,1,1.91503405571
1666,0.0140473,0.0139838932082,0,1,1.9531018734
1667,0.0140379,0.013983791694,1,1,1.92774796486
1668,0.014042,0.0139836929739,0,1,1.95392990112
1669,0.014044,0.0139835905284,0,1,1.93086719513
1670,0.014037,0.0139834871516,1,1,1.95181298256
1671,0.0140385,0.0139833865687,0,1,1.94989800453
1672,0.0140477,0.0139832831919,0,1,1.93046712875
1673,0.0140422,0.0139831807464,0,1,1.92961001396
1674,0.0140425,0.0139830792323,0,1,1.92653107643
1675,0.0140413,0.0139829767868,0,1,1.93319892883
1676,0.014049,0.0139828752726,0,1,1.92781591415
1677,0.0140506,0.0139827728271,0,1,1.93708395958
1678,0.0140429,0.0139826703817,0,1,1.97911787033
1679,0.0140422,0.0139825642109,0,1,1.9679069519
1680,0.0140481,0.0139824645594,0,1,1.99357795715
1681,0.0140418,0.0139823593199,0,1,1.96602892876
1682,0.0140415,0.0139822578058,0,1,1.97917890549
1683,0.0140427,0.0139821534976,0,1,1.97192120552
1684,0.0140418,0.0139820482582,0,1,1.97940397263
1685,0.0140463,0.0139819439501,0,1,1.96573781967
1686,0.0140434,0.0139818387106,0,1,1.97651600838
1687,0.0140433,0.0139817353338,0,1,1.94779109955
1688,0.0140405,0.013981629163,0,1,1.9259159565
1689,0.0140407,0.0139815239236,0,1,1.91355490685
1690,0.0140407,0.0139814224094,0,1,1.95531821251
1691,0.0140363,0.01398131717,1,1,1.97385406494
1692,0.0140346,0.0139812137932,1,1,1.95775389671
1693,0.0140407,0.0139811104164,0,1,1.94926691055
1694,0.0140362,0.0139810042456,0,1,1.93444299698
1695,0.0140396,0.0139808990061,0,1,1.91805887222
1696,0.0140347,0.0139807956293,0,1,1.9324221611
1697,0.0140413,0.0139806903899,0,1,1.9169690609
1698,0.0140361,0.0139805851504,0,1,1.93105697632
1699,0.0140402,0.0139804752544,0,1,1.91539502144
1700,0.0140394,0.0139803681523,0,1,1.93077993393
1701,0.0140417,0.0139802647755,0,1,1.91946101189
1702,0.0140371,0.013980156742,0,1,1.93076395988
1703,0.0140397,0.0139800496399,0,1,1.91357803345
1704,0.0140439,0.0139799397439,0,1,1.91952204704
1705,0.0140369,0.0139798326418,0,1,1.91321992874
1706,0.0140397,0.0139797218144,0,1,1.92756295204
1707,0.0140372,0.0139796193689,0,1,1.93532705307
1708,0.0140361,0.0139795113355,0,1,1.92961812019
1709,0.0140344,0.0139794042334,1,1,1.93360590935
1710,0.0140423,0.0139792971313,0,1,1.9323849678
1711,0.0140394,0.0139791900292,0,1,1.93420505524
1712,0.0140443,0.0139790829271,0,1,1.93314599991
1713,0.0140387,0.0139789767563,0,1,1.93988609314
1714,0.0140354,0.0139788659289,0,1,1.92951798439
1715,0.0140423,0.0139787578955,0,1,1.93459701538
1716,0.0140337,0.0139786489308,1,1,1.95548915863
1717,0.0140397,0.0139785408974,0,1,1.9338619709
1718,0.0140362,0.0139784310013,0,1,1.95523500443
1719,0.0140369,0.0139783248305,0,1,1.93089795113
1720,0.0140389,0.0139782167971,0,1,1.9552230835
1721,0.0140344,0.0139781087637,0,1,1.91640901566
1722,0.014032,0.0139779960737,1,1,1.93013906479
1723,0.0140327,0.0139778880402,0,1,1.93231081963
1724,0.0140345,0.0139777809381,0,1,1.94553494453
1725,0.014035,0.0139776701108,0,1,1.93232512474
1726,0.0140395,0.0139775574207,0,1,1.95205712318
1727,0.0140324,0.0139774503186,0,1,1.93272089958
1728,0.0140346,0.0139773366973,0,1,1.95138192177
1729,0.014031,0.0139772258699,1,1,1.93657112122
1730,0.0140323,0.0139771196991,0,1,1.95192599297
1731,0.0140311,0.0139770088717,0,1,1.94563603401
1732,0.0140316,0.013976897113,0,1,1.93431210518
1733,0.0140333,0.0139767834917,0,1,1.9117500782
1734,0.0140315,0.0139766763896,0,1,1.96334600449
1735,0.0140339,0.0139765627682,0,1,1.91023612022
1736,0.0140366,0.0139764510095,0,1,1.94614505768
1737,0.0140239,0.0139763373882,1,1,1.91551804543
1738,0.01403,0.0139762293547,0,1,1.92917704582
1739,0.0140297,0.0139761157334,0,1,1.91904306412
1740,0.0140411,0.0139759993181,0,1,1.9330561161
1741,0.0140291,0.0139758884907,0,1,1.94768404961
1742,0.0140358,0.0139757758006,0,1,1.9297850132
1743,0.0140343,0.0139756659046,0,1,1.94582891464
1744,0.0140317,0.0139755560085,0,1,1.95341181755
1745,0.0140301,0.0139754423872,0,1,1.93790888786
1746,0.0140351,0.0139753269032,0,1,1.92829298973
1747,0.0140326,0.0139752142131,0,1,1.93371891975
1748,0.0140291,0.013975107111,0,1,1.93327403069
1749,0.0140308,0.0139749962837,0,1,1.91780400276
1750,0.0140276,0.0139748807997,0,1,1.94893288612
1751,0.0140317,0.0139747653157,0,1,1.93422913551
1752,0.0140296,0.0139746544883,0,1,1.94572997093
1753,0.0140324,0.0139745417982,0,1,1.93846797943
1754,0.0140299,0.0139744272456,0,1,1.92732191086
1755,0.0140253,0.0139743098989,0,1,1.91515898705
1756,0.01403,0.0139741962776,0,1,1.93254899979
1757,0.0140338,0.0139740826562,0,1,1.91847300529
1758,0.014028,0.0139739690349,0,1,1.92537593842
1759,0.0140253,0.0139738535509,0,1,1.91547894478
1760,0.014032,0.0139737352729,0,1,1.93482089043
1761,0.0140275,0.0139736169949,0,1,1.93445706367
1762,0.0140281,0.0139735043049,0,1,1.95260500908
1763,0.0140276,0.0139733906835,0,1,1.93376302719
1764,0.0140267,0.0139732761309,0,1,1.95491909981
1765,0.0140289,0.0139731634408,0,1,1.93287587166
1766,0.0140248,0.0139730498195,0,1,1.92814803123
1767,0.014026,0.0139729352668,0,1,1.93476581573
1768,0.0140241,0.0139728197828,0,1,1.94710612297
1769,0.01403,0.0139727033675,0,1,1.93446993828
1770,0.0140247,0.0139725878835,0,1,1.9307551384
1771,0.014025,0.0139724751934,0,1,1.93414402008
1772,0.0140252,0.0139723606408,0,1,1.92904305458
1773,0.0140215,0.0139722442254,1,1,1.91396784782
1774,0.0140244,0.0139721296728,0,1,1.9295527935
1775,0.0140195,0.0139720104635,1,1,1.91283607483
1776,0.0140257,0.0139718921855,0,1,1.93009185791
1777,0.0140264,0.0139717739075,0,1,1.95081806183
1778,0.0140228,0.0139716565609,0,1,1.9464328289
1779,0.0140251,0.0139715420082,0,1,1.9331009388
1780,0.0140242,0.0139714237303,0,1,1.92649102211
1781,0.0140236,0.0139713054523,0,1,1.93194413185
1782,0.0140234,0.013971189037,0,1,1.92734098434
1783,0.0140217,0.0139710716903,0,1,1.93232989311
1784,0.0140234,0.0139709571376,0,1,1.95066285133
1785,0.0140234,0.013970839791,0,1,1.914083004
1786,0.0140221,0.013970721513,0,1,1.9497821331
1787,0.0140227,0.0139706050977,0,1,1.91565895081
1788,0.0140259,0.0139704830945,0,1,1.95122480392
1789,0.0140237,0.0139703666791,0,1,1.9313120842
1790,0.0140276,0.0139702474698,0,1,1.95191502571
1791,0.0140183,0.0139701273292,1,1,1.91293096542
1792,0.0140189,0.0139700090513,0,1,1.93007183075
1793,0.0140186,0.0139698917046,0,1,1.91513109207
1794,0.0140214,0.013969774358,0,1,1.95499205589
1795,0.0140227,0.0139696551487,0,1,1.9453690052
1796,0.0140212,0.0139695368707,0,1,1.94634795189
1797,0.0140209,0.0139694130048,0,1,1.93091416359
1798,0.0140223,0.0139692928642,0,1,1.94361805916
1799,0.014022,0.0139691708609,0,1,1.93213319778
1800,0.0140197,0.0139690553769,0,1,1.94415688515
1801,0.0140269,0.0139689352363,0,1,1.93372988701
1802,0.0140213,0.0139688150957,0,1,1.94971895218
1803,0.0140182,0.0139686949551,1,1,1.91609191895
1804,0.0140235,0.0139685776085,0,1,1.93047809601
1805,0.0140202,0.0139684583992,0,1,1.91170811653
1806,0.0140218,0.0139683391899,0,1,1.95022010803
1807,0.0140151,0.0139682190493,1,1,1.93681311607
1808,0.0140232,0.0139681007713,0,1,1.94624304771
1809,0.0140176,0.0139679806307,0,1,1.91306400299
1810,0.0140135,0.0139678614214,1,1,1.93517899513
1811,0.0140253,0.0139677384868,0,1,1.93384599686
1812,0.0140193,0.0139676164836,0,1,1.94403600693
1813,0.0140218,0.0139674972743,0,1,1.93645000458
1814,0.0140158,0.0139673734084,0,1,1.92856502533
1815,0.0140196,0.0139672504738,0,1,1.93350601196
1816,0.014017,0.0139671331272,0,1,1.95056605339
1817,0.014019,0.0139670101926,0,1,1.93251609802
1818,0.0140152,0.0139668853953,0,1,1.94882416725
1819,0.0140189,0.0139667652547,0,1,1.93213582039
1820,0.014016,0.0139666404575,0,1,1.9490480423
1821,0.0140239,0.0139665193856,0,1,1.91993093491
1822,0.0140171,0.0139663973823,0,1,1.95012903214
1823,0.0140199,0.0139662791044,0,1,1.93940210342
1824,0.0140164,0.0139661561698,0,1,1.92959213257
1825,0.0140176,0.0139660341665,0,1,1.91791892052
1826,0.0140146,0.0139659140259,0,1,1.9489171505
1827,0.0140159,0.0139657892287,0,1,1.93185710907
1828,0.0140111,0.0139656681567,1,1,1.94843482971
1829,0.0140155,0.0139655424282,0,1,1.91575503349
1830,0.0140151,0.0139654185623,0,1,1.92930197716
1831,0.0140214,0.0139652974904,0,1,1.93164515495
1832,0.0140184,0.0139651708305,0,1,1.94782590866
1833,0.0140119,0.0139650497586,0,1,1.93453216553
1834,0.0140108,0.0139649296179,1,1,1.94985318184
1835,0.0140168,0.0139648048207,0,1,1.93039083481
1836,0.0140195,0.0139646809548,0,1,1.95254015923
1837,0.0140168,0.0139645561576,0,1,1.90883898735
1838,0.0140086,0.0139644313604,1,1,1.92934894562
1839,0.0140116,0.0139643084258,0,1,1.92043113708
1840,0.0140122,0.0139641854912,0,1,1.94812107086
1841,0.0140097,0.0139640634879,0,1,1.93494486809
1842,0.0140093,0.0139639368281,0,1,1.95524501801
1843,0.0140136,0.0139638148248,0,1,1.93196201324
1844,0.0140097,0.0139636900276,0,1,1.92988204956
1845,0.0140156,0.0139635633677,0,1,1.91358399391
1846,0.0140144,0.0139634404331,0,1,1.95287108421
1847,0.0140121,0.013963312842,0,1,1.93530011177
1848,0.0140149,0.0139631861821,0,1,1.94038486481
1849,0.014018,0.0139630660415,0,1,1.93762898445
1850,0.0140095,0.0139629384503,0,1,1.95555901527
1851,0.014008,0.0139628099278,1,1,1.91509103775
1852,0.0140096,0.0139626879245,0,1,1.95624113083
1853,0.014012,0.0139625631273,0,1,1.91739010811
1854,0.0140112,0.0139624355361,0,1,1.93114185333
1855,0.0140152,0.0139623098075,0,1,1.93481397629
1856,0.0140038,0.013962184079,1,1,1.93038105965
1857,0.0140126,0.0139620602131,0,1,1.91442394257
1858,0.0140085,0.0139619344845,0,1,1.93291592598
1859,0.0140069,0.013961805962,0,1,1.93669199944
1860,0.0140158,0.0139616765082,0,1,1.95568799973
1861,0.0140093,0.0139615545049,0,1,1.9308321476
1862,0.0140086,0.0139614278451,0,1,1.94334793091
1863,0.014011,0.0139613011852,0,1,1.93358397484
1864,0.0140067,0.0139611754566,0,1,1.94330000877
1865,0.0140071,0.0139610460028,0,1,1.93263888359
1866,0.014013,0.0139609202743,0,1,1.95234704018
1867,0.014004,0.0139607964084,0,1,1.93442106247
1868,0.0140114,0.0139606697485,0,1,1.94889187813
1869,0.0140051,0.0139605375007,0,1,1.92879319191
1870,0.0140089,0.0139604108408,0,1,1.94983291626
1871,0.0140067,0.0139602832496,0,1,1.93472194672
1872,0.0140053,0.0139601584524,0,1,1.95559692383
1873,0.0140034,0.0139600280672,1,1,1.93334293365
1874,0.0140077,0.013959900476,0,1,1.94625711441
1875,0.0140078,0.0139597700909,0,1,1.93263506889
1876,0.0140048,0.0139596443623,0,1,1.92738103867
1877,0.0140036,0.0139595121145,0,1,1.91616201401
1878,0.0140035,0.013959383592,0,1,1.9322578907
1879,0.0140042,0.0139592541382,0,1,1.9366710186
1880,0.0140063,0.0139591256157,0,1,1.92981004715
1881,0.0140007,0.0139589952305,1,1,1.93347907066
1882,0.0140024,0.0139588676393,0,1,1.93065595627
1883,0.0140041,0.0139587409794,0,1,1.91720509529
1884,0.0140051,0.0139586133882,0,1,1.93707203865
1885,0.0140037,0.0139584839344,0,1,1.91641998291
1886,0.014002,0.0139583526179,0,1,1.97330307961
1887,0.0139966,0.0139582250267,1,1,1.91831493378
1888,0.0140044,0.0139580955729,0,1,1.94986510277
1889,0.014002,0.013957968913,0,1,1.92182803154
1890,0.0140029,0.0139578348026,0,1,1.95209789276
1891,0.0140095,0.0139577044174,0,1,1.93465089798
1892,0.0140062,0.0139575731009,0,1,1.9325568676
1893,0.0140023,0.0139574436471,0,1,1.9308989048
1894,0.0139982,0.013957310468,0,1,1.93238806725
1895,0.0139988,0.0139571828768,0,1,1.91514611244
1896,0.0139984,0.0139570496976,0,1,1.9473259449
1897,0.0140016,0.0139569221064,0,1,1.9317650795
1898,0.0140043,0.0139567926526,0,1,1.92908501625
1899,0.0140022,0.0139566641301,0,1,1.93019390106
1900,0.013991,0.0139565318823,1,1,1.95419883728
1901,0.0139998,0.0139564014971,0,1,1.92714095116
1902,0.0140004,0.0139562729746,0,1,1.95110702515
1903,0.0139999,0.0139561453834,0,1,1.9315071106
1904,0.0140014,0.0139560140669,0,1,1.9489159584
1905,0.0140034,0.0139558799565,0,1,1.91862916946
1906,0.0139994,0.0139557477087,0,1,1.95150995255
1907,0.0140009,0.0139556154609,0,1,1.91440796852
1908,0.0139985,0.0139554832131,0,1,1.9493701458
1909,0.0139934,0.0139553528279,0,1,1.91135621071
1910,0.0139968,0.0139552224427,0,1,1.95042395592
1911,0.0140014,0.013955087401,0,1,1.93508696556
1912,0.0139999,0.0139549551532,0,1,1.94624900818
1913,0.0139997,0.0139548163861,0,1,1.91402006149
1914,0.0139907,0.0139546860009,1,1,1.92894911766
1915,0.0139986,0.0139545565471,0,1,1.91592311859
1916,0.0139993,0.013954423368,0,1,1.9543159008
1917,0.0140038,0.0139542939141,0,1,1.93157196045
1918,0.0139971,0.013954160735,0,1,1.95143699646
1919,0.0140004,0.0139540228993,0,1,1.93701314926
1920,0.013996,0.0139538925141,0,1,1.95327281952
1921,0.0140015,0.0139537611976,0,1,1.91793298721
1922,0.0139914,0.0139536261559,0,1,1.95126891136
1923,0.0139961,0.0139534929767,0,1,1.93395614624
1924,0.013998,0.0139533570036,0,1,1.95184493065
1925,0.0139996,0.0139532228932,0,1,1.9342238903
1926,0.0139939,0.0139530897141,0,1,1.93530702591
1927,0.0139948,0.0139529556036,0,1,1.92794203758
1928,0.0139963,0.0139528186992,0,1,1.95444202423
1929,0.0139955,0.0139526873827,0,1,1.93760585785
1930,0.0139945,0.0139525542036,0,1,1.93932914734
1931,0.013994,0.0139524228871,0,1,1.93773007393
1932,0.0139907,0.0139522887766,0,1,1.95684909821
1933,0.0139944,0.0139521509409,0,1,1.92400479317
1934,0.0139895,0.0139520131052,1,1,1.93214511871
1935,0.0139936,0.0139518817887,0,1,1.93440890312
1936,0.0139914,0.0139517476782,0,1,1.94760107994
1937,0.0139933,0.0139516135678,0,1,1.93198204041
1938,0.0139969,0.013951478526,0,1,1.94727110863
1939,0.0139948,0.0139513397589,0,1,1.93490195274
1940,0.013989,0.0139511991292,1,1,1.95024800301
1941,0.013989,0.0139510640875,0,1,1.93516492844
1942,0.0139892,0.0139509318396,0,1,1.93083095551
1943,0.0139929,0.0139507986605,0,1,1.93195486069
1944,0.0139875,0.0139506645501,1,1,1.94946312904
1945,0.0139953,0.0139505304396,0,1,1.92939400673
1946,0.01399,0.0139503926039,0,1,1.94854187965
1947,0.0139928,0.0139502538368,0,1,1.92811512947
1948,0.0139881,0.0139501169324,0,1,1.95118188858
1949,0.0139857,0.0139499809593,1,1,1.91455888748
1950,0.0139867,0.0139498431236,0,1,1.9481408596
1951,0.0139808,0.0139497090131,1,1,1.93282103539
1952,0.0139894,0.01394957304,0,1,1.94901895523
1953,0.0139831,0.0139494370669,0,1,1.91215610504
1954,0.0139904,0.0139493010938,0,1,1.93004202843
1955,0.0139935,0.0139491623268,0,1,1.93601918221
1956,0.0139857,0.0139490207657,0,1,1.95293903351
1957,0.0139892,0.0139488819987,0,1,1.93417906761
1958,0.0139852,0.0139487469569,0,1,1.94908809662
1959,0.013988,0.0139486091211,0,1,1.93318200111
1960,0.0139847,0.0139484703541,0,1,1.94303107262
1961,0.0139868,0.013948334381,0,1,1.93308591843
1962,0.0139861,0.0139481984079,0,1,1.9432849884
1963,0.0139907,0.0139480615035,0,1,1.93730306625
1964,0.0139918,0.0139479199424,0,1,1.92727589607
1965,0.0139805,0.013947783038,1,1,1.94818902016
1966,0.013983,0.0139476461336,0,1,1.98508501053
1967,0.0139846,0.0139475036412,0,1,1.96567106247
1968,0.0139884,0.0139473741874,0,1,1.97653985023
1969,0.0139792,0.0139472335577,1,1,1.96728610992
1970,0.0139825,0.013947095722,0,1,1.9924428463
1971,0.0139866,0.0139469606802,0,1,1.91922783852
1972,0.0139839,0.0139468228444,0,1,1.92066717148
1973,0.0139854,0.0139466812834,0,1,1.91537904739
1974,0.0139821,0.0139465434477,0,1,1.9288110733
1975,0.0139823,0.01394639723,0,1,1.91744208336
1976,0.0139803,0.0139462575316,0,1,1.93294501305
1977,0.0139834,0.0139461187646,0,1,1.93338608742
1978,0.0139854,0.0139459818602,0,1,1.95064783096
1979,0.0139817,0.0139458384365,0,1,1.93875908852
1980,0.0139795,0.013945704326,0,1,1.94995498657
1981,0.0139841,0.0139455664903,0,1,1.91472601891
1982,0.0139786,0.0139454314485,1,1,1.93147683144
1983,0.0139776,0.0139452898875,1,1,1.95068192482
1984,0.013984,0.0139451464638,0,1,1.93315386772
1985,0.013977,0.0139450058341,1,1,1.93549919128
1986,0.013982,0.0139448642731,0,1,1.95481705666
1987,0.013981,0.0139447245747,0,1,1.92768096924
1988,0.0139776,0.0139445848763,0,1,1.95014595985
1989,0.0139806,0.0139444386587,0,1,1.93244099617
1990,0.0139755,0.0139443017542,1,1,1.94964599609
1991,0.0139768,0.0139441555366,0,1,1.92856001854
1992,0.0139741,0.0139440158382,1,1,1.93447899818
1993,0.013981,0.0139438752085,0,1,1.92677307129
1994,0.0139747,0.0139437355101,0,1,1.9507689476
1995,0.0139792,0.0139435958117,0,1,1.91580700874
1996,0.0139786,0.0139434505254,0,1,1.95235896111
1997,0.0139763,0.0139433117583,0,1,1.92997193336
1998,0.0139747,0.0139431701973,0,1,1.94963121414
1999,0.0139782,0.0139430258423,0,1,1.93654108047
