epoch,train_loss,valid_loss,has_train_loss_improved,has_valid_loss_improved,duration
0,0.0139779,0.0139428889379,1,1,1.8690841198
1,0.0139808,0.0139427473769,0,1,1.96297287941
2,0.0139816,0.0139426011592,0,1,1.97060203552
3,0.0139764,0.0139424605295,1,1,1.96988606453
4,0.0139758,0.0139423198998,1,1,1.97374010086
5,0.0139732,0.0139421764761,1,1,1.97504687309
6,0.0139786,0.0139420330524,0,1,1.96963191032
7,0.0139763,0.0139418914914,0,1,1.97188401222
8,0.0139756,0.0139417489991,0,1,1.98847413063
9,0.0139742,0.0139416083694,0,1,1.97437000275
10,0.0139706,0.0139414612204,1,1,1.96747517586
11,0.0139715,0.013941318728,0,1,1.97753119469
12,0.0139732,0.0139411734417,0,1,1.98906302452
13,0.0139698,0.0139410281554,1,1,1.97498106956
14,0.0139768,0.0139408847317,0,1,1.98125100136
15,0.0139757,0.0139407403767,0,1,1.97912812233
16,0.013972,0.0139406016096,0,1,1.9676399231
17,0.0139729,0.0139404563233,0,1,1.97873282433
18,0.0139726,0.0139403128996,0,1,1.97934889793
19,0.013982,0.0139401704073,0,1,1.98813319206
20,0.0139724,0.0139400279149,0,1,1.97604894638
21,0.0139756,0.013939880766,0,1,1.98869013786
22,0.0139702,0.0139397354797,0,1,1.97283601761
23,0.0139755,0.0139395901933,0,1,1.98643016815
24,0.0139724,0.0139394458383,0,1,2.0014128685
25,0.0139765,0.013939300552,0,1,2.02181410789
26,0.0139671,0.013939156197,1,1,2.00898313522
27,0.0139678,0.0139390071854,0,1,2.01575112343
28,0.0139717,0.0139388656244,0,1,2.00561881065
29,0.0139667,0.013938723132,1,1,2.02464485168
30,0.0139678,0.013938581571,0,1,2.01147890091
31,0.0139692,0.0139384362847,0,1,2.03169393539
32,0.0139658,0.0139382882044,1,1,2.00145196915
33,0.0139758,0.0139381401241,0,1,2.01490807533
34,0.0139687,0.0139379967004,0,1,1.99945116043
35,0.0139707,0.0139378551394,0,1,2.0266699791
36,0.0139713,0.0139377098531,0,1,1.99930787086
37,0.0139702,0.0139375627041,0,1,2.03359293938
38,0.0139685,0.0139374146238,0,1,2.00380682945
39,0.0139632,0.0139372693375,1,1,2.03001689911
40,0.0139678,0.0139371240512,0,1,2.00715494156
41,0.0139649,0.0139369778335,0,1,2.02824401855
42,0.0139704,0.0139368334785,0,1,2.00605607033
43,0.0139715,0.0139366853982,0,1,2.03944993019
44,0.0139692,0.0139365382493,0,1,2.00579094887
45,0.0139677,0.0139363957569,0,1,2.02970790863
46,0.0139602,0.0139362486079,1,1,2.02920985222
47,0.0139671,0.013936098665,0,1,2.0227959156
48,0.0139669,0.013935951516,0,1,2.00379395485
49,0.013966,0.0139358052984,0,1,2.02571678162
50,0.0139683,0.0139356609434,0,1,1.98452615738
51,0.0139677,0.0139355110005,0,1,2.02486920357
52,0.0139626,0.0139353647828,0,1,2.00086712837
53,0.0139595,0.0139352157712,1,1,2.0244641304
54,0.0139632,0.0139350676909,0,1,1.9989387989
55,0.0139695,0.0139349205419,0,1,2.02218794823
56,0.0139637,0.0139347724617,0,1,1.99968886375
57,0.0139616,0.01393462345,0,1,2.02216696739
58,0.0139599,0.0139344781637,0,1,1.99885892868
59,0.0139619,0.0139343310148,0,1,2.04039907455
60,0.0139621,0.0139341829345,0,1,2.00159502029
61,0.0139643,0.0139340320602,0,1,2.01769709587
62,0.0139571,0.0139338830486,1,1,1.99833703041
63,0.013959,0.0139337331057,0,1,2.02872490883
64,0.0139595,0.0139335859567,0,1,1.99895310402
65,0.0139662,0.013933439739,0,1,2.01973390579
66,0.0139573,0.0139332870021,0,1,2.00180792809
67,0.0139597,0.0139331407845,0,1,2.00467514992
68,0.0139666,0.0139329945669,0,1,1.96126413345
69,0.0139629,0.0139328436926,0,1,1.98995113373
70,0.013959,0.0139326909557,0,1,1.96303200722
71,0.0139621,0.0139325456694,0,1,1.99129700661
72,0.0139619,0.0139323957264,0,1,1.9511218071
73,0.013961,0.0139322476462,0,1,2.01847290993
74,0.0139616,0.0139320967719,0,1,2.00638890266
75,0.0139619,0.0139319486916,0,1,1.99899697304
76,0.0139555,0.013931796886,1,1,1.96725893021
77,0.0139499,0.0139316506684,1,1,1.99425888062
78,0.0139556,0.0139315007254,0,1,1.96949601173
79,0.0139542,0.0139313535765,0,1,1.99432611465
80,0.0139528,0.0139312054962,0,1,1.99661779404
81,0.0139592,0.0139310508966,0,1,2.02656722069
82,0.013957,0.0139309000224,0,1,1.99932408333
83,0.013958,0.0139307528734,0,1,2.03097200394
84,0.0139539,0.0139306038618,0,1,1.99836587906
85,0.0139577,0.0139304501936,0,1,2.02526402473
86,0.0139559,0.0139302965254,0,1,2.00339007378
87,0.0139513,0.0139301419258,0,1,2.02663087845
88,0.0139536,0.0139299938455,0,1,2.00165009499
89,0.0139551,0.0139298466966,0,1,2.02721905708
90,0.013956,0.0139296902344,0,1,1.99773097038
91,0.0139552,0.0139295356348,0,1,1.98829579353
92,0.0139488,0.0139293903485,1,1,2.00054717064
93,0.0139503,0.0139292413369,0,1,2.02598500252
94,0.0139529,0.0139290886,0,1,1.99643993378
95,0.013951,0.0139289340004,0,1,2.02427506447
96,0.0139479,0.0139287821949,1,1,2.00017905235
97,0.0139569,0.0139286285266,0,1,2.02341389656
98,0.0139542,0.0139284813777,0,1,1.99894690514
99,0.0139551,0.0139283342287,0,1,2.02878689766
100,0.0139488,0.0139281842858,0,1,2.00066900253
101,0.0139548,0.0139280315489,0,1,2.02282595634
102,0.0139467,0.0139278769493,1,1,2.00638008118
103,0.013948,0.0139277270064,0,1,2.024050951
104,0.0139522,0.0139275742695,0,1,2.00509095192
105,0.0139532,0.0139274215326,0,1,2.02413988113
106,0.0139466,0.0139272706583,1,1,2.00151014328
107,0.0139456,0.0139271188527,1,1,2.02437186241
108,0.01395,0.0139269661158,0,1,2.01042079926
109,0.0139477,0.0139268124476,0,1,2.02295708656
110,0.0139459,0.0139266587794,0,1,2.0075609684
111,0.0139441,0.0139265088364,1,1,2.02269887924
112,0.0139533,0.0139263514429,0,1,2.03446388245
113,0.0139471,0.0139261968434,0,1,2.02432203293
114,0.0139537,0.0139260422438,0,1,2.00316405296
115,0.0139519,0.0139258885756,0,1,2.02496218681
116,0.0139486,0.01392573677,0,1,2.00423717499
117,0.0139558,0.0139255803078,0,1,2.02313518524
118,0.0139504,0.0139254303649,0,1,2.00475001335
119,0.013943,0.0139252785593,1,1,2.02574300766
120,0.0139445,0.0139251248911,0,1,1.98688197136
121,0.0139432,0.0139249721542,0,1,2.02462315559
122,0.0139469,0.0139248175547,0,1,2.00474500656
123,0.0139492,0.0139246648178,0,1,2.02323102951
124,0.0139463,0.0139245083556,0,1,2.00085401535
125,0.013944,0.0139243546873,0,1,2.02554321289
126,0.0139433,0.0139241991565,0,1,2.00245189667
127,0.0139438,0.0139240464196,0,1,2.0267469883
128,0.0139415,0.0139238880947,1,1,2.00107502937
129,0.0139445,0.0139237372205,0,1,2.02749013901
130,0.0139368,0.0139235882089,1,1,1.99847006798
131,0.0139422,0.0139234345406,0,1,1.98675012589
132,0.01394,0.0139232808724,0,1,1.97311401367
133,0.0139472,0.0139231253415,0,1,1.99881601334
134,0.0139497,0.0139229660854,0,1,1.9666159153
135,0.0139419,0.0139228077605,0,1,1.99429106712
136,0.0139429,0.0139226540923,0,1,1.98951411247
137,0.0139433,0.0139224957675,0,1,1.99763417244
138,0.0139381,0.0139223411679,0,1,1.99689698219
139,0.0139423,0.0139221856371,0,1,1.99809002876
140,0.0139424,0.0139220301062,0,1,1.99361491203
141,0.0139392,0.0139218755066,0,1,2.00398182869
142,0.0139403,0.0139217209071,0,1,1.96979904175
143,0.013939,0.0139215644449,0,1,1.99845099449
144,0.0139412,0.013921408914,0,1,1.99098491669
145,0.0139412,0.0139212524518,0,1,2.00334310532
146,0.0139449,0.013921091333,0,1,1.99062514305
147,0.0139424,0.0139209385961,0,1,2.02091908455
148,0.0139393,0.0139207821339,0,1,1.99183678627
149,0.0139351,0.0139206275344,1,1,1.99526500702
150,0.0139354,0.0139204729348,0,1,1.98825001717
151,0.0139404,0.0139203155413,0,1,2.02781891823
152,0.0139305,0.0139201600105,1,1,1.98944115639
153,0.0139366,0.0139200007543,0,1,1.99594783783
154,0.0139334,0.0139198452234,0,1,1.97987794876
155,0.0139332,0.0139196868986,0,1,2.02229809761
156,0.0139389,0.0139195295051,0,1,2.00305700302
157,0.013932,0.0139193711802,0,1,2.03454995155
158,0.0139349,0.013919214718,0,1,2.0
159,0.0139394,0.0139190563932,0,1,2.02911615372
160,0.0139334,0.0139188989997,0,1,1.98199892044
161,0.0139342,0.0139187434688,0,1,2.00349712372
162,0.0139369,0.013918587938,0,1,1.97784805298
163,0.0139298,0.0139184296131,1,1,1.99574398994
164,0.0139372,0.0139182722196,0,1,2.0174498558
165,0.0139323,0.0139181176201,0,1,2.02824997902
166,0.013928,0.0139179574326,1,1,2.02191710472
167,0.0139302,0.0139178046957,0,1,2.02591300011
168,0.0139375,0.0139176463708,0,1,2.00271105766
169,0.0139285,0.0139174899086,0,1,2.02741122246
170,0.0139355,0.0139173306525,0,1,2.00103878975
171,0.0139334,0.013917173259,0,1,2.03055000305
172,0.013936,0.0139170195907,0,1,2.0020430088
173,0.0139304,0.0139168594033,0,1,2.03376698494
174,0.0139341,0.0139167048037,0,1,1.98624682426
175,0.0139318,0.0139165455475,0,1,2.02517008781
176,0.0139289,0.0139163834974,0,1,2.00348711014
177,0.0139301,0.0139162251726,0,1,2.02326989174
178,0.0139288,0.0139160668477,0,1,1.98542404175
179,0.0139293,0.0139159075916,0,1,2.02462005615
180,0.0139302,0.0139157483354,0,1,2.01542806625
181,0.0139349,0.0139155862853,0,1,2.02403688431
182,0.0139298,0.0139154298231,0,1,2.00230288506
183,0.0139283,0.0139152659103,0,1,2.02918410301
184,0.013932,0.0139151113108,0,1,2.00144100189
185,0.0139305,0.0139149520546,0,1,2.0254919529
186,0.0139221,0.0139147918671,1,1,2.00716495514
187,0.0139271,0.013914632611,0,1,2.0287129879
188,0.0139314,0.0139144714922,0,1,1.98411798477
189,0.0139259,0.0139143131673,0,1,2.02252388
190,0.013928,0.0139141529799,0,1,2.00464701653
191,0.0139264,0.0139139899984,0,1,2.02564501762
192,0.013925,0.0139138270169,0,1,2.00100111961
193,0.0139185,0.0139136686921,1,1,2.02066302299
194,0.0139249,0.0139135075733,0,1,1.92230796814
195,0.0139271,0.0139133445919,0,1,2.02209305763
196,0.0139236,0.0139131871983,0,1,1.9975669384
197,0.0139234,0.0139130270109,0,1,2.01011610031
198,0.0139282,0.0139128668234,0,1,1.99528503418
199,0.0139234,0.0139127075672,0,1,2.02753591537
200,0.0139244,0.0139125464484,0,1,2.03209495544
201,0.0139247,0.0139123871922,0,1,2.02582001686
202,0.0139263,0.0139122279361,0,1,1.99685692787
203,0.0139183,0.0139120686799,1,1,2.0280559063
204,0.0139241,0.0139119047672,0,1,1.99870991707
205,0.0139242,0.0139117445797,0,1,2.02121901512
206,0.0139159,0.0139115815982,1,1,1.99925994873
207,0.013918,0.0139114167541,0,1,2.02691721916
208,0.0139177,0.0139112537727,0,1,1.99873113632
209,0.0139201,0.0139110945165,0,1,2.0250749588
210,0.0139223,0.0139109361917,0,1,2.0059440136
211,0.0139218,0.0139107732102,0,1,2.0237159729
212,0.0139153,0.013910616748,1,1,1.99970388412
213,0.0139239,0.0139104584232,0,1,2.02324199677
214,0.0139162,0.0139102973044,0,1,1.99776005745
215,0.013918,0.0139101352543,0,1,2.0232899189
216,0.0139191,0.0139099713415,0,1,1.99908995628
217,0.0139132,0.01390980836,1,1,2.02673316002
218,0.0139205,0.0139096491039,0,1,1.99617481232
219,0.0139213,0.0139094861224,0,1,2.01653695107
220,0.0139133,0.0139093240723,0,1,2.03123784065
221,0.013917,0.0139091676101,0,1,2.01692008972
222,0.0139177,0.01390900556,0,1,1.9668982029
223,0.0139132,0.0139088435099,1,1,1.98151302338
224,0.0139151,0.013908685185,0,1,1.9685781002
225,0.0139148,0.0139085249975,0,1,1.99744009972
226,0.013915,0.0139083582908,0,1,1.96831297874
227,0.0139155,0.0139081953093,0,1,1.99646615982
228,0.013911,0.0139080369845,1,1,1.96605014801
229,0.0139127,0.0139078758657,0,1,1.99399590492
230,0.0139137,0.0139077128842,0,1,1.97222304344
231,0.0139118,0.0139075471088,0,1,1.98295688629
232,0.0139171,0.0139073831961,0,1,1.96783185005
233,0.0139094,0.013907218352,1,1,1.99311280251
234,0.0139127,0.0139070581645,0,1,1.95613718033
235,0.013911,0.0139068989083,0,1,1.99262881279
236,0.0139147,0.0139067359269,0,1,1.97103404999
237,0.013911,0.0139065729454,0,1,1.99494194984
238,0.0139111,0.0139064090326,0,1,1.96840405464
239,0.0139091,0.0139062451199,1,1,1.99657201767
240,0.0139107,0.013906089589,0,1,1.96718192101
241,0.0139046,0.0139059294015,1,1,1.99559593201
242,0.0139125,0.0139057673514,0,1,1.96471810341
243,0.0139143,0.013905601576,0,1,2.00377583504
244,0.013906,0.0139054367319,0,1,1.96691989899
245,0.0139112,0.0139052718878,0,1,2.01020598412
246,0.0139107,0.013905110769,0,1,1.97408699989
247,0.0139103,0.0139049468562,0,1,2.00465393066
248,0.01391,0.0139047820121,0,1,1.97576403618
249,0.013912,0.0139046153054,0,1,2.00662899017
250,0.0139068,0.0139044523239,0,1,1.97630810738
251,0.0139062,0.0139042865485,0,1,2.00403690338
252,0.0139109,0.0139041226357,0,1,1.97790694237
253,0.013908,0.013903955929,0,1,2.00323605537
254,0.0139076,0.0139037892222,0,1,1.97574114799
255,0.0139034,0.0139036271721,1,1,2.00406908989
256,0.0138984,0.0139034632593,1,1,1.97644710541
257,0.0139044,0.0139033030719,0,1,2.00428915024
258,0.013901,0.0139031400904,0,1,1.98165893555
259,0.0139015,0.013902977109,0,1,2.00328111649
260,0.0139048,0.0139028094709,0,1,1.9790251255
261,0.0139077,0.0139026436955,0,1,2.00072216988
262,0.0139076,0.0139024797827,0,1,1.97773909569
263,0.0139048,0.0139023168012,0,1,1.99722099304
264,0.0139022,0.0139021556824,0,1,1.97798204422
265,0.0139066,0.0139019964263,0,1,2.0016450882
266,0.0139047,0.0139018297195,0,1,1.97763299942
267,0.0138988,0.0139016658068,0,1,1.99475312233
268,0.013899,0.0139014944434,0,1,1.98083019257
269,0.0139052,0.0139013268054,0,1,1.99965000153
270,0.0139033,0.0139011610299,0,1,1.9789249897
271,0.0139015,0.0139009999111,0,1,1.99409008026
272,0.0139023,0.013900840655,0,1,2.00486087799
273,0.013898,0.0139006730169,1,1,2.0009739399
274,0.0138981,0.0139005053788,0,1,1.97837805748
275,0.0139035,0.0139003423974,0,1,2.00623297691
276,0.0139,0.0139001794159,0,1,1.97959399223
277,0.0139032,0.0139000173658,0,1,1.99130296707
278,0.0139007,0.0138998497277,0,1,1.98209881783
279,0.0139007,0.0138996848837,0,1,1.99203896523
280,0.0139015,0.0138995181769,0,1,1.97818493843
281,0.0138987,0.0138993505388,0,1,1.99943423271
282,0.0138969,0.0138991866261,1,1,1.98373103142
283,0.0138971,0.0138990208507,0,1,2.00072598457
284,0.0138956,0.0138988578692,1,1,1.98062992096
285,0.0138982,0.0138986958191,0,1,1.99320697784
286,0.0138968,0.0138985263184,0,1,1.98432016373
287,0.0138951,0.013898360543,1,1,1.99996304512
288,0.013899,0.0138981975615,0,1,1.97949790955
289,0.0138953,0.0138980308548,0,1,2.00379610062
290,0.013896,0.0138978622854,0,1,1.97439599037
291,0.0138991,0.0138976955786,0,1,2.00297188759
292,0.0138945,0.0138975325972,1,1,2.00732302666
293,0.0138975,0.0138973649591,0,1,2.00043511391
294,0.0138964,0.0138972019777,0,1,1.96458601952
295,0.0138938,0.0138970315456,1,1,1.99151015282
296,0.0138983,0.0138968657702,0,1,1.97607302666
297,0.0138933,0.0138967018574,1,1,2.00216007233
298,0.0138969,0.0138965342194,0,1,1.97663998604
299,0.0138944,0.0138963647187,0,1,2.00521802902
300,0.0138983,0.0138961980119,0,1,1.97696995735
301,0.0138888,0.0138960275799,1,1,2.0024061203
302,0.0138968,0.0138958599418,0,1,1.9850859642
303,0.0138921,0.0138956932351,0,1,1.99953794479
304,0.0138895,0.013895528391,0,1,1.96329593658
305,0.0138901,0.0138953598216,0,1,1.99888920784
306,0.0138923,0.0138951921836,0,1,1.97678613663
307,0.0138923,0.0138950208202,0,1,1.99975204468
308,0.0138856,0.0138948569074,1,1,1.96382904053
309,0.0138879,0.0138946929947,0,1,1.99444699287
310,0.0138922,0.0138945300132,0,1,1.96511507034
311,0.0138919,0.0138943595812,0,1,2.00186896324
312,0.0138888,0.0138941900805,0,1,1.98034501076
313,0.0138852,0.0138940233737,1,1,2.0042181015
314,0.013883,0.0138938585296,1,1,1.96263885498
315,0.0138911,0.0138936899602,0,1,1.99506783485
316,0.0138877,0.0138935269788,0,1,1.97447395325
317,0.0138865,0.0138933574781,0,1,1.99446487427
318,0.0138804,0.013893192634,1,1,1.96181678772
319,0.0138836,0.0138930277899,0,1,2.00554203987
320,0.0138896,0.0138928601518,0,1,1.97471404076
321,0.0138913,0.0138926897198,0,1,1.99350404739
322,0.013882,0.0138925192878,0,1,1.97908616066
323,0.0138858,0.0138923516497,0,1,2.00135993958
324,0.0138882,0.0138921877369,0,1,1.97589921951
325,0.0138818,0.0138920154423,0,1,1.99344182014
326,0.0138864,0.0138918487355,0,1,2.01342988014
327,0.013885,0.0138916829601,0,1,2.00394082069
328,0.0138815,0.0138915134594,0,1,1.97158193588
329,0.0138826,0.0138913458213,0,1,2.00484919548
330,0.0138824,0.0138911809772,0,1,1.97280406952
331,0.0138758,0.0138910207897,1,1,2.00309920311
332,0.0138806,0.0138908531517,0,1,1.97750115395
333,0.0138868,0.013890683651,0,1,2.0037021637
334,0.0138785,0.0138905197382,0,1,1.96417498589
335,0.0138743,0.0138903530315,1,1,1.99470710754
336,0.0138839,0.0138901835307,0,1,1.96484088898
337,0.013881,0.0138900121674,0,1,1.99421977997
338,0.0138824,0.0138898426667,0,1,1.97407984734
339,0.0138801,0.0138896713033,0,1,1.99444317818
340,0.0138751,0.0138895083219,0,1,1.97866296768
341,0.0138745,0.0138893416151,0,1,2.00219798088
342,0.0138802,0.0138891749084,0,1,1.97582197189
343,0.0138769,0.0138890082017,0,1,2.00127792358
344,0.0138765,0.0138888396323,0,1,1.97687697411
345,0.0138825,0.0138886729255,0,1,1.99997591972
346,0.0138769,0.0138885024935,0,1,1.9644639492
347,0.0138754,0.0138883348554,0,1,1.99063897133
348,0.0138737,0.01388816908,1,1,1.97456097603
349,0.0138774,0.0138879921287,0,1,2.00963902473
350,0.0138748,0.0138878189027,0,1,1.97605776787
351,0.0138768,0.013887649402,0,1,2.00474190712
352,0.0138762,0.0138874826953,0,1,1.97556805611
353,0.0138758,0.0138873141259,0,1,2.00718593597
354,0.0138796,0.0138871446252,0,1,1.97464704514
355,0.0138752,0.0138869760558,0,1,1.99963188171
356,0.0138779,0.0138868009672,0,1,1.96601915359
357,0.0138743,0.0138866333291,0,1,2.00146794319
358,0.0138746,0.0138864675537,0,1,1.9767229557
359,0.0138723,0.013886298053,1,1,2.00382304192
360,0.0138709,0.0138861304149,1,1,1.97786903381
361,0.0138719,0.0138859646395,0,1,2.0023651123
362,0.0138726,0.0138857951388,0,1,1.97664618492
363,0.0138708,0.013885628432,1,1,2.00192403793
364,0.0138722,0.0138854626566,0,1,1.97811102867
365,0.0138641,0.0138852922246,1,1,1.99828410149
366,0.0138761,0.0138851199299,0,1,1.98559999466
367,0.0138714,0.0138849504292,0,1,2.00478315353
368,0.0138719,0.0138847846538,0,1,1.97405600548
369,0.0138655,0.013884620741,0,1,2.01015782356
370,0.0138648,0.013884450309,0,1,1.98299813271
371,0.0138672,0.0138842789456,0,1,2.0029001236
372,0.0138721,0.0138841075823,0,1,1.97197008133
373,0.0138672,0.0138839352876,0,1,2.00444197655
374,0.0138655,0.0138837657869,0,1,1.97571086884
375,0.0138693,0.0138835990801,0,1,2.00175690651
376,0.0138683,0.0138834295794,0,1,1.97916603088
377,0.0138644,0.0138832619414,0,1,2.00179100037
378,0.0138645,0.013883093372,0,1,1.97944402695
379,0.0138647,0.013882917352,0,1,1.99901199341
380,0.0138654,0.0138827478513,0,1,1.97980999947
381,0.0138674,0.013882573694,0,1,2.00079107285
382,0.0138677,0.0138824097812,0,1,1.97832608223
383,0.0138697,0.0138822412118,0,1,1.99450778961
384,0.0138689,0.0138820726424,0,1,1.97623300552
385,0.0138677,0.0138819022104,0,1,2.00255203247
386,0.0138678,0.0138817355037,0,1,1.96306800842
387,0.0138653,0.0138815641403,0,1,1.98947310448
388,0.0138657,0.0138813909143,0,1,1.97433304787
389,0.0138651,0.0138812260702,0,1,2.00303602219
390,0.0138647,0.0138810519129,0,1,1.99259591103
391,0.013859,0.0138808870688,1,1,2.00446295738
392,0.0138621,0.0138807184994,0,1,1.97284913063
393,0.0138612,0.0138805471361,0,1,2.00135302544
394,0.0138597,0.0138803729787,0,1,1.97539377213
395,0.0138664,0.0138802099973,0,1,2.00287604332
396,0.0138612,0.0138800395653,0,1,1.96380209923
397,0.0138626,0.0138798672706,0,1,1.99449396133
398,0.0138547,0.0138796987012,1,1,1.96292519569
399,0.0138621,0.0138795264065,0,1,2.00016999245
400,0.0138584,0.0138793559745,0,1,1.96560192108
401,0.0138568,0.0138791883364,0,1,2.0011048317
402,0.0138569,0.0138790188357,0,1,1.97588396072
403,0.0138564,0.0138788502663,0,1,2.0009829998
404,0.0138544,0.0138786826283,1,1,1.9771900177
405,0.0138605,0.0138785066083,0,1,2.00406885147
406,0.0138565,0.0138783417642,0,1,1.97697091103
407,0.0138521,0.0138781676069,1,1,1.99281096458
408,0.0138554,0.0138779999688,0,1,1.86385512352
409,0.0138582,0.0138778295368,0,1,2.00606107712
410,0.0138553,0.0138776516542,0,1,1.97692298889
411,0.0138561,0.0138774868101,0,1,2.00573611259
412,0.0138537,0.0138773126528,0,1,1.96313595772
413,0.0138574,0.0138771468773,0,1,2.00371313095
414,0.01385,0.013876978308,1,1,1.97483086586
415,0.0138534,0.0138768078759,0,1,2.00205016136
416,0.0138536,0.0138766346499,0,1,1.98360681534
417,0.0138507,0.0138764623553,0,1,2.00270700455
418,0.0138541,0.0138762956485,0,1,1.96040987968
419,0.0138475,0.0138761242852,1,1,2.00381088257
420,0.0138526,0.0138759585097,0,1,1.96270608902
421,0.0138526,0.0138757899404,0,1,1.98994493484
422,0.013847,0.0138756250963,1,1,1.88885498047
423,0.0138482,0.0138754546642,0,1,1.99296092987
424,0.0138539,0.0138752833009,0,1,1.96291017532
425,0.0138554,0.0138751119375,0,1,1.99683117867
426,0.0138464,0.0138749433681,1,1,1.96368789673
427,0.0138451,0.0138747710735,1,1,2.00021481514
428,0.0138492,0.0138745997101,0,1,1.9821100235
429,0.0138494,0.0138744274154,0,1,2.00144004822
430,0.0138535,0.0138742579147,0,1,1.97836112976
431,0.0138482,0.01387408562,0,1,2.00188803673
432,0.0138451,0.0138739114627,1,1,2.00127005577
433,0.0138462,0.013873739168,0,1,2.00518608093
434,0.0138481,0.013873568736,0,1,1.97352099419
435,0.0138435,0.013873401098,1,1,1.99248099327
436,0.0138477,0.0138732353225,0,1,1.97875785828
437,0.0138504,0.0138730620965,0,1,2.02433586121
438,0.0138439,0.0138728953898,0,1,1.99702501297
439,0.013843,0.0138727240264,1,1,2.01507687569
440,0.0138451,0.0138725517318,0,1,1.99651789665
441,0.0138475,0.0138723812997,0,1,2.0256819725
442,0.013851,0.0138722062111,0,1,2.00165390968
443,0.0138479,0.0138720357791,0,1,2.02466702461
444,0.0138398,0.013871865347,1,1,1.99545502663
445,0.0138423,0.013871692121,0,1,2.02538514137
446,0.0138444,0.0138715263456,0,1,1.99796414375
447,0.0138439,0.0138713559136,0,1,2.02466797829
448,0.0138478,0.0138711901382,0,1,2.0009958744
449,0.0138433,0.0138710215688,0,1,2.02582097054
450,0.0138418,0.0138708502054,0,1,1.99597096443
451,0.0138481,0.0138706779107,0,1,2.02677202225
452,0.0138396,0.01387050841,1,1,2.03075814247
453,0.0138468,0.0138703370467,0,1,2.02657604218
454,0.0138444,0.0138701666147,0,1,1.98254585266
455,0.0138356,0.0138699980453,1,1,2.02283000946
456,0.0138426,0.0138698294759,0,1,1.98209691048
457,0.0138344,0.0138696599752,1,1,2.0236530304
458,0.0138346,0.0138694830239,0,1,1.98353409767
459,0.0138434,0.0138693097979,0,1,2.02276301384
460,0.0138349,0.0138691430911,0,1,1.99595093727
461,0.0138318,0.0138689745218,1,1,2.02383995056
462,0.0138412,0.0138688003644,0,1,2.00489497185
463,0.0138381,0.0138686280698,0,1,2.01268792152
464,0.0138368,0.0138684539124,0,1,1.99857091904
465,0.0138392,0.0138682853431,0,1,2.01718711853
466,0.0138374,0.013868117705,0,1,1.99807500839
467,0.0138331,0.0138679463416,0,1,2.0237569809
468,0.0138315,0.0138677768409,1,1,2.00031805038
469,0.0138292,0.0138676036149,1,1,2.02434110641
470,0.013837,0.0138674331829,0,1,1.99640011787
471,0.0138329,0.0138672627509,0,1,2.02460598946
472,0.0138301,0.0138670895249,0,1,2.02814698219
473,0.0138319,0.0138669162989,0,1,2.02439403534
474,0.0138314,0.0138667523861,0,1,1.99885702133
475,0.0138387,0.0138665819541,0,1,2.02395606041
476,0.0138298,0.0138664105907,0,1,1.99959015846
477,0.0138343,0.0138662420213,0,1,2.0230281353
478,0.0138363,0.0138660734519,0,1,1.99908089638
479,0.013828,0.0138659039512,1,1,2.02600383759
480,0.0138334,0.0138657353818,0,1,1.99960899353
481,0.0138376,0.0138655612245,0,1,2.0211520195
482,0.0138321,0.0138653954491,0,1,2.00160980225
483,0.0138315,0.0138652222231,0,1,2.02078294754
484,0.0138358,0.0138650564477,0,1,1.99562597275
485,0.0138333,0.0138648794964,0,1,2.02698016167
486,0.0138291,0.0138647072017,0,1,1.99967885017
487,0.0138255,0.0138645414263,1,1,2.021930933
488,0.0138275,0.0138643663377,0,1,1.9983291626
489,0.0138216,0.0138641977683,1,1,2.01042795181
490,0.0138256,0.0138640236109,0,1,1.98284888268
491,0.0138271,0.0138638513163,0,1,1.90553307533
492,0.0138285,0.0138636827469,0,1,2.0295290947
493,0.013825,0.0138635132462,0,1,2.02012681961
494,0.0138292,0.0138633437455,0,1,2.00086307526
495,0.013823,0.0138631723821,0,1,2.023042202
496,0.013827,0.0138630019501,0,1,1.98424196243
497,0.0138275,0.0138628305867,0,1,2.02078008652
498,0.0138276,0.0138626629487,0,1,1.98309516907
499,0.0138212,0.0138624943793,1,1,2.02199697495
500,0.0138204,0.0138623211533,1,1,1.98325514793
501,0.0138265,0.0138621488586,0,1,2.02180504799
502,0.0138241,0.0138619774953,0,1,1.99987983704
503,0.013824,0.0138618061319,0,1,2.01249694824
504,0.0138235,0.0138616384938,0,1,1.98171806335
505,0.013821,0.0138614708558,0,1,1.989331007
506,0.0138266,0.0138613022864,0,1,1.99985718727
507,0.0138222,0.013861133717,0,1,2.02351403236
508,0.0138201,0.0138609642163,1,1,2.00022292137
509,0.0138257,0.0138607928529,0,1,2.01802802086
510,0.0138269,0.0138606261462,0,1,2.00018811226
511,0.0138201,0.0138604547828,1,1,2.0198700428
512,0.0138219,0.0138602834195,0,1,2.00011110306
513,0.0138234,0.0138601129875,0,1,2.02463817596
514,0.0138245,0.0138599369675,0,1,1.99482703209
515,0.0138195,0.0138597711921,1,1,2.02479910851
516,0.0138239,0.0138596016914,0,1,1.99563789368
517,0.0138193,0.0138594312593,1,1,2.02370810509
518,0.0138184,0.0138592580333,1,1,1.99539518356
519,0.0138156,0.0138590876013,1,1,2.0410618782
520,0.013822,0.0138589171693,0,1,1.98200201988
521,0.0138166,0.0138587513939,0,1,2.02143907547
522,0.013819,0.0138585818931,0,1,2.00095415115
523,0.0138173,0.0138584133238,0,1,2.02229714394
524,0.0138229,0.0138582419604,0,1,1.99814510345
525,0.0138229,0.0138580687344,0,1,2.02757096291
526,0.0138183,0.013857900165,0,1,1.99985980988
527,0.0138156,0.013857732527,0,1,2.01329398155
528,0.0138155,0.0138575630262,1,1,1.98325181007
529,0.0138086,0.0138573935255,1,1,2.02717804909
530,0.0138183,0.0138572249562,0,1,1.98305797577
531,0.013811,0.0138570545241,0,1,2.02781605721
532,0.013809,0.0138568831608,0,1,1.9989669323
533,0.0138087,0.0138567155227,0,1,2.02488017082
534,0.0138144,0.0138565404341,0,1,1.99632406235
535,0.0138152,0.0138563737273,0,1,2.0267598629
536,0.0138177,0.0138562098145,0,1,1.99891209602
537,0.0138076,0.0138560431078,1,1,2.0263838768
538,0.0138155,0.0138558782637,0,1,1.99547195435
539,0.01381,0.0138557069004,0,1,2.04121208191
540,0.0138096,0.0138555346057,0,1,1.99518799782
541,0.0138142,0.0138553604484,0,1,2.02149200439
542,0.0138054,0.0138551928103,1,1,1.99969291687
543,0.0138044,0.0138550242409,1,1,2.02119708061
544,0.0138078,0.0138548575342,0,1,1.99827003479
545,0.0138105,0.0138546852395,0,1,2.0270781517
546,0.0138069,0.0138545185328,0,1,1.99914288521
547,0.0138097,0.0138543462381,0,1,2.01139616966
548,0.0138113,0.0138541795313,0,1,1.98259806633
549,0.0138111,0.0138540090993,0,1,2.02891898155
550,0.0138052,0.0138538395986,0,1,1.99954509735
551,0.0138104,0.0138536747545,0,1,2.02508592606
552,0.0138104,0.0138535052538,0,1,1.96697402
553,0.0138075,0.0138533348218,0,1,1.99490189552
554,0.0138063,0.0138531718403,0,1,1.96553492546
555,0.0138073,0.0138530042022,0,1,1.99605894089
556,0.0138054,0.0138528347015,0,1,1.96573996544
557,0.0138015,0.0138526661322,1,1,1.99989104271
558,0.0138058,0.0138524929062,0,1,1.96656513214
559,0.0138114,0.0138523243368,0,1,1.99520611763
560,0.0138031,0.01385215763,0,1,1.96801996231
561,0.013802,0.0138519881293,0,1,1.99465203285
562,0.0137983,0.0138518204913,1,1,1.96524715424
563,0.013802,0.0138516537845,0,1,1.98007488251
564,0.013805,0.0138514824212,0,1,1.96989798546
565,0.0137993,0.0138513119891,0,1,1.99297189713
566,0.0138009,0.0138511452824,0,1,1.96724486351
567,0.0137975,0.013850979507,1,1,2.00023603439
568,0.0138004,0.0138508128002,0,1,1.96823811531
569,0.0138039,0.0138506442308,0,1,1.98773813248
570,0.0138004,0.0138504747301,0,1,1.96592211723
571,0.0138013,0.0138503080234,0,1,1.98844313622
572,0.0138039,0.013850139454,0,1,2.00894618034
573,0.0138017,0.0138499764726,0,1,1.99633407593
574,0.0137963,0.0138498097658,1,1,1.96413302422
575,0.0137982,0.0138496393338,0,1,1.99511599541
576,0.0137967,0.0138494716957,0,1,1.94928908348
577,0.0137994,0.0138493068516,0,1,1.99791693687
578,0.0137943,0.0138491429389,1,1,1.95975399017
579,0.0137974,0.0138489734381,0,1,1.9786939621
580,0.013796,0.0138488039374,0,1,1.97891378403
581,0.0137962,0.0138486344367,0,1,1.99574112892
582,0.0137934,0.0138484640047,1,1,1.97234988213
583,0.0137976,0.0138482963666,0,1,1.99314188957
584,0.0137896,0.0138481296599,1,1,1.96089506149
585,0.0137953,0.0138479666784,0,1,2.0136680603
586,0.0137944,0.0138477953151,0,1,2.01070284843
587,0.013791,0.0138476323336,0,1,2.02647519112
588,0.013799,0.0138474674895,0,1,2.01440811157
589,0.0137913,0.0138472942635,0,1,2.03968214989
590,0.0137916,0.0138471294194,0,1,2.01413917542
591,0.0137932,0.0138469617814,0,1,2.03740382195
592,0.0138011,0.0138467969373,0,1,2.01454901695
593,0.0137936,0.0138466274366,0,1,2.03589296341
594,0.0137876,0.0138464644551,1,1,2.0133831501
595,0.0137915,0.0138462940231,0,1,2.03974509239
596,0.0137915,0.0138461254537,0,1,2.01444005966
597,0.0137897,0.0138459540904,0,1,2.04117512703
598,0.0137905,0.0138457901776,0,1,2.01431202888
599,0.0137914,0.0138456197456,0,1,2.03622198105
600,0.0137854,0.0138454521075,1,1,2.00593185425
601,0.0137928,0.0138452854007,0,1,2.03695511818
602,0.0137907,0.0138451196253,0,1,2.01753783226
603,0.0137877,0.0138449529186,0,1,2.03969287872
604,0.013791,0.0138447899371,0,1,2.0161421299
605,0.0137875,0.0138446222991,0,1,2.0380821228
606,0.0137865,0.0138444602489,0,1,2.01371002197
607,0.0137819,0.0138442935422,1,1,2.02907800674
608,0.0137857,0.0138441277668,0,1,1.99253988266
609,0.0137854,0.0138439601287,0,1,1.91726493835
610,0.0137855,0.0138437924907,0,1,2.04216599464
611,0.0137902,0.0138436295092,0,1,2.03633403778
612,0.013784,0.0138434655964,0,1,1.99533486366
613,0.0137851,0.0138433007523,0,1,2.05154705048
614,0.0137808,0.0138431349769,1,1,2.00968194008
615,0.0137823,0.0138429710642,0,1,2.02380895615
616,0.0137835,0.0138428043574,0,1,2.01970481873
617,0.0137831,0.013842641376,0,1,2.03431606293
618,0.013787,0.0138424821198,0,1,2.00844502449
619,0.0137779,0.013842318207,1,1,2.0244948864
620,0.0137818,0.0138421570882,0,1,2.02700710297
621,0.01378,0.0138419913128,0,1,2.01523399353
622,0.013788,0.0138418171555,0,1,2.00063681602
623,0.0137794,0.0138416485861,0,1,2.02618718147
624,0.0137854,0.0138414846733,0,1,2.0022380352
625,0.013781,0.0138413226232,0,1,2.01485705376
626,0.0137788,0.0138411549851,0,1,2.00015592575
627,0.0137813,0.0138409920037,0,1,2.02291202545
628,0.0137788,0.0138408290222,0,1,2.00098013878
629,0.0137816,0.0138406613842,0,1,2.02669286728
630,0.0137816,0.0138404928148,0,1,2.0359389782
631,0.0137753,0.013840326108,1,1,2.02201104164
632,0.0137808,0.0138401659206,0,1,2.00248885155
633,0.0137855,0.0138400001451,0,1,2.02266097069
634,0.0137795,0.0138398362324,0,1,1.99957418442
635,0.0137766,0.0138396713883,0,1,2.02452802658
636,0.0137773,0.0138395074755,0,1,1.98785376549
637,0.0137804,0.0138393435627,0,1,2.02569317818
638,0.0137765,0.0138391731307,0,1,2.00049304962
639,0.0137762,0.0138390110806,0,1,2.02191615105
640,0.0137725,0.0138388555497,1,1,2.00685501099
641,0.0137741,0.0138386934996,0,1,2.02394604683
642,0.0137795,0.0138385323808,0,1,2.00037002563
643,0.0137772,0.013838368468,0,1,2.02349805832
644,0.0137693,0.0138382008299,1,1,2.00368881226
645,0.0137771,0.0138380341232,0,1,2.02467393875
646,0.0137746,0.0138378692791,0,1,1.98441910744
647,0.013769,0.0138377137482,1,1,2.02716803551
648,0.0137695,0.0138375498354,0,1,1.99742603302
649,0.0137749,0.0138373803347,0,1,2.02541589737
650,0.0137725,0.013837216422,0,1,2.02824282646
651,0.0137693,0.0138370553032,0,1,2.02678585052
652,0.0137706,0.0138368913904,0,1,1.98239302635
653,0.0137673,0.0138367284089,1,1,2.01684689522
654,0.013766,0.0138365663588,1,1,1.99621510506
655,0.0137699,0.0138364071026,0,1,2.01415991783
656,0.013773,0.0138362487778,0,1,2.00193190575
657,0.0137691,0.0138360885903,0,1,2.025826931
658,0.0137677,0.0138359218836,0,1,1.98337888718
659,0.0137692,0.0138357607648,0,1,2.02285194397
660,0.0137703,0.0138355977833,0,1,2.00536680222
661,0.0137713,0.0138354385272,0,1,2.02413392067
662,0.0137653,0.0138352718204,1,1,1.99715995789
663,0.013763,0.0138351125643,1,1,1.94023180008
664,0.0137675,0.0138349514455,0,1,1.98634886742
665,0.0137658,0.0138347893953,0,1,2.02646899223
666,0.0137672,0.0138346292078,0,1,1.98802399635
667,0.0137673,0.0138344625011,0,1,2.01174902916
668,0.0137714,0.0138342985883,0,1,1.99741697311
669,0.0137641,0.0138341365382,0,1,2.02909803391
670,0.013766,0.013833977282,0,1,2.03027701378
671,0.0137634,0.0138338143006,0,1,2.02682900429
672,0.013761,0.0138336550444,1,1,1.98231291771
673,0.0137652,0.0138334911317,0,1,2.01596307755
674,0.0137642,0.0138333346695,0,1,1.99992394447
675,0.0137621,0.0138331754133,0,1,2.02537107468
676,0.0137642,0.0138330133632,0,1,2.00254607201
677,0.0137611,0.0138328559697,0,1,2.02431988716
678,0.0137603,0.0138326920569,1,1,2.00035691261
679,0.0137609,0.0138325309381,0,1,2.02750110626
680,0.0137592,0.013832366094,1,1,2.00346899033
681,0.0137606,0.0138322087005,0,1,2.02455496788
682,0.0137606,0.0138320494443,0,1,1.9991979599
683,0.0137611,0.0138318901882,0,1,2.02379512787
684,0.0137613,0.013831728138,0,1,2.0011548996
685,0.0137587,0.0138315642253,1,1,2.02328515053
686,0.0137585,0.0138314031065,1,1,1.99923992157
687,0.0137597,0.0138312475756,0,1,2.02996993065
688,0.0137545,0.0138310855255,1,1,1.998472929
689,0.0137601,0.013830925338,0,1,2.01612401009
690,0.0137601,0.0138307632878,0,1,2.03243613243
691,0.0137542,0.0138306031004,1,1,2.02847504616
692,0.0137554,0.0138304410502,0,1,1.99803590775
693,0.0137569,0.0138302883133,0,1,2.01677393913
694,0.0137531,0.0138301318511,1,1,1.9841940403
695,0.0137536,0.0138299688697,0,1,2.02667403221
696,0.0137563,0.0138298105448,0,1,1.99876904488
697,0.0137481,0.0138296475634,1,1,2.02674198151
698,0.0137564,0.0138294845819,0,1,1.9988079071
699,0.013751,0.0138293309137,0,1,2.01451396942
700,0.013754,0.0138291763142,0,1,2.00202393532
701,0.0137518,0.0138290179893,0,1,2.02405905724
702,0.0137541,0.0138288587332,0,1,1.9996380806
703,0.013755,0.013828699477,0,1,2.02425789833
704,0.01375,0.0138285383582,0,1,1.99223995209
705,0.0137475,0.0138283837587,1,1,2.02481389046
706,0.0137465,0.0138282254338,1,1,1.99941802025
707,0.013748,0.013828069903,0,1,2.01209807396
708,0.0137521,0.013827922754,0,1,1.98268198967
709,0.0137538,0.0138277672231,0,1,2.01415991783
710,0.0137477,0.0138276098296,0,1,2.01394605637
711,0.0137479,0.0138274505734,0,1,2.02537107468
712,0.0137513,0.0138272959739,0,1,1.98597693443
713,0.0137488,0.0138271385804,0,1,2.02533507347
714,0.0137474,0.0138269793242,0,1,2.00110697746
715,0.0137468,0.0138268209994,0,1,2.02637219429
716,0.013746,0.0138266663998,1,1,1.99960303307
717,0.0137474,0.0138265118003,0,1,1.97684383392
718,0.0137449,0.0138263534755,1,1,2.00174403191
719,0.0137487,0.0138261960819,0,1,2.02539300919
720,0.0137438,0.0138260358945,1,1,2.00563502312
721,0.0137429,0.0138258775696,1,1,2.01420092583
722,0.0137456,0.0138257248327,0,1,1.98539686203
723,0.0137418,0.0138255637139,1,1,2.01274013519
724,0.0137455,0.0138254100457,0,1,1.88458395004
725,0.0137439,0.0138252591714,0,1,2.02627396584
726,0.0137415,0.0138251027092,1,1,2.00140500069
727,0.0137442,0.0138249499723,0,1,2.01234316826
728,0.0137464,0.0138247972354,0,1,1.98325800896
729,0.0137479,0.0138246398419,0,1,2.02548789978
730,0.0137405,0.013824487105,1,1,1.98280000687
731,0.0137401,0.0138243306428,1,1,2.02664804459
732,0.0137431,0.0138241788372,0,1,1.9835600853
733,0.0137432,0.0138240158558,0,1,2.02596688271
734,0.0137387,0.0138238631189,1,1,1.99866914749
735,0.0137449,0.0138237085193,0,1,2.03271508217
736,0.0137394,0.0138235623017,0,1,1.99819803238
737,0.0137434,0.0138234170154,0,1,2.0205540657
738,0.0137407,0.0138232531026,0,1,1.98415088654
739,0.0137428,0.0138231096789,0,1,2.02384996414
740,0.0137349,0.0138229578733,1,1,1.98248291016
741,0.0137387,0.0138228014112,0,1,2.01482200623
742,0.0137351,0.0138226458803,0,1,1.98348402977
743,0.0137407,0.0138224940747,0,1,2.02854299545
744,0.0137381,0.0138223394752,0,1,1.99805998802
745,0.0137375,0.0138221848756,0,1,2.03083014488
746,0.0137385,0.0138220349327,0,1,1.99817085266
747,0.01373,0.0138218812644,1,1,2.02845191956
748,0.0137365,0.0138217294589,0,1,2.00572180748
749,0.0137387,0.0138215702027,0,1,2.02478194237
750,0.013736,0.0138214202598,0,1,2.00046682358
751,0.0137343,0.0138212675229,0,1,2.02511715889
752,0.0137307,0.0138211157173,0,1,2.00006198883
753,0.0137337,0.013820964843,0,1,2.02561211586
754,0.0137341,0.0138208121061,0,1,1.99831414223
755,0.0137348,0.0138206640258,0,1,2.02498102188
756,0.0137327,0.0138205159456,0,1,2.00257897377
757,0.0137376,0.01382036414,0,1,2.01462697983
758,0.0137349,0.0138202151284,0,1,1.99753594398
759,0.0137339,0.0138200651854,0,1,1.93030405045
760,0.0137314,0.0138199161738,0,1,1.98252916336
761,0.0137337,0.0138197736815,0,1,2.0253610611
762,0.0137315,0.0138196228072,0,1,2.01449513435
763,0.013726,0.0138194672763,1,1,2.02719688416
764,0.0137293,0.0138193126768,0,1,1.99832892418
765,0.0137311,0.0138191636652,0,1,2.02932214737
766,0.0137281,0.0138190090656,0,1,1.98419117928
767,0.0137314,0.013818862848,0,1,2.01266598701
768,0.0137296,0.0138187138364,0,1,1.89525508881
769,0.0137288,0.0138185610995,0,1,2.01634407043
770,0.0137235,0.0138184092939,1,1,1.98291993141
771,0.0137264,0.013818253763,0,1,2.025370121
772,0.0137269,0.0138181056827,0,1,2.00410580635
773,0.0137284,0.0138179585338,0,1,2.02455711365
774,0.0137263,0.0138178113848,0,1,2.00034403801
775,0.0137256,0.0138176670298,0,1,2.01536798477
776,0.0137234,0.0138175152242,1,1,2.00035691261
777,0.0137251,0.0138173690066,0,1,2.02401900291
778,0.0137262,0.0138172181323,0,1,2.00043797493
779,0.0137283,0.013817072846,0,1,2.02606391907
780,0.01373,0.013816925697,0,1,1.99810409546
781,0.0137263,0.0138167804107,0,1,2.01542806625
782,0.0137281,0.0138166313991,0,1,2.01687908173
783,0.0137188,0.0138164814562,1,1,2.01548194885
784,0.0137196,0.0138163371012,0,1,1.98379802704
785,0.0137213,0.0138161880895,0,1,2.02749800682
786,0.0137189,0.0138160390779,0,1,1.99883294106
787,0.013727,0.0138158947229,0,1,2.03143811226
788,0.013724,0.013815747574,0,1,2.00517201424
789,0.0137181,0.0138156022877,1,1,2.0255689621
790,0.0137215,0.0138154523447,0,1,2.0017220974
791,0.0137241,0.0138153042644,0,1,2.02451300621
792,0.0137254,0.0138151580468,0,1,2.00587511063
793,0.0137218,0.0138150108978,0,1,2.02851390839
794,0.0137205,0.0138148702681,0,1,2.00080919266
795,0.0137158,0.0138147240505,1,1,2.01624393463
796,0.0137183,0.0138145685196,0,1,2.00262403488
797,0.0137203,0.0138144213706,0,1,2.02850484848
798,0.013721,0.0138142807409,0,1,2.00338101387
799,0.0137249,0.0138141335919,0,1,2.0292160511
800,0.0137182,0.0138139901683,0,1,1.99823403358
801,0.0137175,0.0138138514012,0,1,2.03205299377
802,0.0137164,0.0138137061149,0,1,2.01536297798
803,0.0137163,0.0138135589659,0,1,2.01501083374
804,0.0137158,0.0138134127483,0,1,1.99781990051
805,0.0137162,0.0138132711872,0,1,2.01655316353
806,0.0137127,0.0138131314889,1,1,2.00173282623
807,0.0137149,0.0138129824772,0,1,2.02773499489
808,0.013714,0.0138128362596,0,1,2.00617599487
809,0.0137146,0.0138126909733,0,1,2.02845597267
810,0.0137158,0.0138125475496,0,1,1.99979496002
811,0.0137155,0.0138124031946,0,1,2.02535510063
812,0.013716,0.0138122644275,0,1,2.00556397438
813,0.0137162,0.0138121191412,0,1,2.02694201469
814,0.0137097,0.0138119729236,1,1,1.96682500839
815,0.0137092,0.0138118294999,1,1,1.99597215652
816,0.0137119,0.0138116944581,0,1,1.96688008308
817,0.0137137,0.0138115510345,0,1,1.99629807472
818,0.0137133,0.0138114094734,0,1,1.96572685242
819,0.0137074,0.0138112641871,1,1,1.99662208557
820,0.0137144,0.0138111207634,0,1,1.96450591087
821,0.0137086,0.0138109745458,0,1,1.98219895363
822,0.0137128,0.0138108441606,0,1,1.99720597267
823,0.0137169,0.013810695149,0,1,1.99682712555
824,0.0137054,0.0138105573133,1,1,1.96924996376
825,0.0137067,0.0138104185462,0,1,1.99736404419
826,0.0137042,0.0138102788478,1,1,1.96765089035
827,0.01371,0.0138101382181,0,1,1.99364280701
828,0.0137069,0.0138099929318,0,1,1.97554898262
829,0.0137084,0.0138098523021,0,1,2.00196003914
830,0.0137061,0.0138097153977,0,1,1.96893286705
831,0.0137083,0.0138095766306,0,1,1.99566102028
832,0.0137085,0.0138094387949,0,1,1.97255086899
833,0.0137027,0.0138092990965,1,1,2.03889989853
834,0.0137053,0.0138091603294,0,1,1.99050498009
835,0.0137036,0.013809023425,0,1,2.02809095383
836,0.0137024,0.0138088846579,1,1,1.99713802338
837,0.0137033,0.0138087365776,0,1,2.02904391289
838,0.013703,0.0138086024672,0,1,1.98403310776
839,0.0137064,0.0138084646314,0,1,2.02839994431
840,0.0137028,0.0138083174825,0,1,1.99686098099
841,0.0137065,0.013808183372,0,1,2.02895402908
842,0.0136976,0.013808041811,1,1,2.03072404861
843,0.0137093,0.0138078993186,0,1,2.02783989906
844,0.0137041,0.0138077642769,0,1,2.00012397766
845,0.0137074,0.0138076283038,0,1,2.02591180801
846,0.0137026,0.0138074886054,0,1,1.99801397324
847,0.0136986,0.0138073507696,0,1,2.02673697472
848,0.0137036,0.0138072110713,0,1,2.00305008888
849,0.0137028,0.0138070816174,0,1,2.02615809441
850,0.0137025,0.0138069484383,0,1,1.99727106094
851,0.0136966,0.0138068050146,1,1,1.99667310715
852,0.0137024,0.0138066709042,0,1,2.00560593605
853,0.0136988,0.0138065321371,0,1,2.0248439312
854,0.0136956,0.0138063980266,1,1,2.00251197815
855,0.0136989,0.0138062555343,0,1,2.02717518806
856,0.0136989,0.0138061214238,0,1,2.00354290009
857,0.0136973,0.0138059882447,0,1,2.02478599548
858,0.0136989,0.0138058485463,0,1,2.00040388107
859,0.0136963,0.0138057181612,0,1,2.02448701859
860,0.0136929,0.0138055840507,1,1,2.00138497353
861,0.0136991,0.0138054443523,0,1,2.01587581635
862,0.0136938,0.0138053074479,0,1,2.03392004967
863,0.013692,0.0138051770627,1,1,2.02551984787
864,0.0136989,0.0138050457463,0,1,2.00194597244
865,0.0136942,0.0138049097732,0,1,2.02486681938
866,0.0136908,0.0138047756627,1,1,2.00512599945
867,0.0136954,0.0138046396896,0,1,2.01350808144
868,0.0136944,0.0138045055792,0,1,2.00280404091
869,0.0136928,0.0138043742627,0,1,2.02608990669
870,0.0136934,0.0138042420149,0,1,1.98451709747
871,0.0136945,0.0138041069731,0,1,2.01461291313
872,0.0136896,0.0138039756566,1,1,2.00553297997
873,0.0136935,0.0138038462028,0,1,2.01616811752
874,0.0136892,0.013803708367,1,1,2.0020699501
875,0.0136938,0.0138035779819,0,1,2.02422213554
876,0.0136944,0.0138034438714,0,1,2.0010201931
877,0.0136888,0.0138033041731,1,1,2.0159201622
878,0.0136857,0.0138031728566,1,1,2.00072598457
879,0.0136925,0.0138030443341,0,1,2.02478313446
880,0.0136856,0.0138029074296,1,1,1.99854493141
881,0.0136859,0.0138027779758,0,1,2.02795696259
882,0.0136929,0.0138026522473,0,1,2.02830719948
883,0.0136886,0.0138025199994,0,1,2.02499103546
884,0.0136866,0.013802388683,0,1,1.99989104271
885,0.0136895,0.0138022555038,0,1,2.0148859024
886,0.0136903,0.0138021251187,0,1,1.99876499176
887,0.0136904,0.0138019965962,0,1,2.0252840519
888,0.0136878,0.013801869005,0,1,2.00226211548
889,0.0136835,0.013801747933,1,1,2.02390098572
890,0.0136841,0.0138016175479,0,1,1.99944591522
891,0.0136813,0.0138014946133,1,1,2.02182102203
892,0.0136853,0.0138013642281,0,1,2.00756597519
893,0.0136865,0.0138012375683,0,1,2.02536487579
894,0.0136853,0.0138011118397,0,1,2.00142121315
895,0.0136805,0.0138009870425,1,1,2.02461886406
896,0.013684,0.0138008641079,0,1,2.00096702576
897,0.0136853,0.0138007355854,0,1,2.02367806435
898,0.0136828,0.0138006005436,0,1,1.99925208092
899,0.0136816,0.0138004748151,0,1,2.02660393715
900,0.0136816,0.0138003444299,0,1,1.99803209305
901,0.0136798,0.0138002187014,1,1,2.02635192871
902,0.0136784,0.0138000883162,1,1,2.03395295143
903,0.0136834,0.0137999616563,0,1,2.0261619091
904,0.013683,0.0137998312712,0,1,1.99740099907
905,0.0136808,0.0137997092679,0,1,2.01503109932
906,0.0136815,0.0137995788828,0,1,1.98352193832
907,0.0136781,0.0137994522229,1,1,2.02752804756
908,0.0136796,0.0137993292883,0,1,2.00066304207
909,0.0136756,0.013799207285,1,1,2.02700996399
910,0.0136762,0.0137990787625,0,1,2.00073814392
911,0.0136769,0.0137989511713,0,1,2.02423596382
912,0.0136802,0.0137988273054,0,1,2.00647783279
913,0.0136773,0.0137987034395,0,1,2.01552200317
914,0.013675,0.0137985730544,1,1,1.9993789196
915,0.0136734,0.0137984473258,1,1,2.01568293571
916,0.0136744,0.0137983253226,0,1,1.99968695641
917,0.0136779,0.0137982042506,0,1,2.01240897179
918,0.0136751,0.0137980775908,0,1,2.00189304352
919,0.013676,0.0137979546562,0,1,2.02342700958
920,0.0136743,0.0137978279963,0,1,1.98552513123
921,0.0136767,0.0137976994738,0,1,2.0156519413
922,0.013674,0.0137975756079,0,1,2.00795102119
923,0.0136781,0.013797451742,0,1,1.90786314011
924,0.0136714,0.0137973250821,1,1,1.98301792145
925,0.0136764,0.0137972068042,0,1,2.01733088493
926,0.0136733,0.0137970848009,0,1,1.99681282043
927,0.0136736,0.0137969618663,0,1,2.0161550045
928,0.0136693,0.0137968417257,1,1,1.99669218063
929,0.0136725,0.0137967141345,0,1,2.02644896507
930,0.0136731,0.0137965995818,0,1,1.98178601265
931,0.0136713,0.0137964785099,0,1,2.02458691597
932,0.0136725,0.0137963602319,0,1,2.00410914421
933,0.0136741,0.0137962438166,0,1,2.01626086235
934,0.0136707,0.0137961255386,0,1,2.00104999542
935,0.0136699,0.0137960007414,0,1,2.02586293221
936,0.0136709,0.0137958806008,0,1,2.00034689903
937,0.0136712,0.0137957651168,0,1,2.01480793953
938,0.0136655,0.013795635663,1,1,1.98424696922
939,0.0136691,0.0137955183163,0,1,2.02582097054
940,0.0136693,0.013795401901,0,1,2.00091600418
941,0.0136678,0.0137952826917,0,1,2.0252468586
942,0.0136677,0.0137951672077,0,1,1.99850201607
943,0.0136637,0.0137950424105,1,1,2.01138114929
944,0.0136677,0.0137949222699,0,1,1.99908590317
945,0.0136648,0.0137948086485,0,1,2.02866196632
946,0.0136692,0.0137946913019,0,1,1.98207187653
947,0.0136679,0.0137945767492,0,1,2.02440810204
948,0.013666,0.0137944603339,0,1,1.99798512459
949,0.0136625,0.0137943467125,1,1,2.02950000763
950,0.0136659,0.0137942293659,0,1,1.99881219864
951,0.0136663,0.0137941138819,0,1,2.02236199379
952,0.0136614,0.0137940002605,1,1,2.00381994247
953,0.0136658,0.0137938847765,0,1,2.01784801483
954,0.0136652,0.0137937637046,0,1,2.00114893913
955,0.0136659,0.0137936454266,0,1,2.02458882332
956,0.0136571,0.01379352808,1,1,2.00027513504
957,0.0136632,0.0137934107333,0,1,2.02566409111
958,0.013661,0.0137932980433,0,1,2.00178098679
959,0.0136601,0.013793181628,0,1,2.02571892738
960,0.0136571,0.0137930680066,0,1,2.00184392929
961,0.0136632,0.0137929497287,0,1,2.01318693161
962,0.0136622,0.0137928389013,0,1,2.0009469986
963,0.0136669,0.0137927215546,0,1,2.02700400352
964,0.0136598,0.0137926116586,0,1,1.99503779411
965,0.0136605,0.0137924980372,0,1,2.03035497665
966,0.0136538,0.0137923844159,1,1,1.99345898628
967,0.0136631,0.0137922745198,0,1,2.02355003357
968,0.0136582,0.0137921562418,0,1,1.98369908333
969,0.0136565,0.0137920398265,0,1,2.01879787445
970,0.0136597,0.0137919289991,0,1,1.9857609272
971,0.0136561,0.0137918172404,0,1,2.01670718193
972,0.0136562,0.0137917008251,0,1,2.00630998611
973,0.0136577,0.0137915955856,0,1,2.03149008751
974,0.0136591,0.0137914856896,0,1,1.99748301506
975,0.0136544,0.0137913748622,0,1,2.02169704437
976,0.0136526,0.0137912649661,1,1,2.00018787384
977,0.0136603,0.0137911541387,0,1,2.02428197861
978,0.0136495,0.0137910414487,1,1,1.99885296822
979,0.0136525,0.0137909306213,0,1,2.02434301376
980,0.0136545,0.0137908207253,0,1,2.00014710426
981,0.0136553,0.0137907145545,0,1,2.023635149
982,0.0136523,0.0137905990705,0,1,2.00224900246
983,0.0136511,0.0137904928997,0,1,2.03017401695
984,0.0136496,0.0137903867289,0,1,1.99815011024
985,0.0136545,0.0137902693823,0,1,2.02961397171
986,0.0136549,0.0137901613489,0,1,1.99701881409
987,0.0136497,0.0137900505215,0,1,2.02747797966
988,0.0136509,0.0137899424881,0,1,1.99829316139
989,0.0136498,0.0137898335233,0,1,2.03490304947
990,0.0136523,0.0137897320092,0,1,1.99912595749
991,0.0136504,0.0137896202505,0,1,2.00666713715
992,0.01365,0.0137895075604,0,1,2.00582504272
993,0.0136493,0.013789402321,1,1,2.01892781258
994,0.0136478,0.0137892952189,1,1,2.00097703934
995,0.0136501,0.0137891927734,0,1,2.00517606735
996,0.0136444,0.0137890866026,1,1,1.97828602791
997,0.0136429,0.0137889785692,1,1,2.02576589584
998,0.0136512,0.0137888714671,0,1,1.99844121933
999,0.0136473,0.0137887662277,0,1,2.02563786507
1000,0.013645,0.0137886628509,0,1,1.98166489601
1001,0.0136464,0.0137885566801,0,1,2.00651907921
1002,0.01365,0.0137884570286,0,1,1.9863948822
1003,0.0136412,0.0137883489951,1,1,2.02915406227
1004,0.013649,0.0137882428244,0,1,1.98022985458
1005,0.013643,0.0137881413102,0,1,2.03397989273
1006,0.0136485,0.0137880379334,0,1,2.00270795822
1007,0.0136451,0.0137879420072,0,1,2.02990293503
1008,0.0136443,0.0137878265232,0,1,1.98017716408
1009,0.0136477,0.0137877203524,0,1,2.03580284119
1010,0.0136481,0.0137876188383,0,1,2.00054097176
1011,0.0136482,0.0137875182554,0,1,2.0274810791
1012,0.0136445,0.0137874158099,0,1,1.98612499237
1013,0.0136469,0.0137873115018,0,1,2.00271201134
1014,0.0136429,0.0137872193009,0,1,2.00074911118
1015,0.0136425,0.0137871177867,0,1,2.0284049511
1016,0.0136374,0.0137870078906,1,1,2.00330901146
1017,0.0136413,0.0137869035825,0,1,2.00620222092
1018,0.0136473,0.0137867983431,0,1,1.98943400383
1019,0.0136414,0.0137866958976,0,1,2.02734684944
1020,0.0136432,0.0137865981087,0,1,2.00033092499
1021,0.0136415,0.0137864938006,0,1,2.00651812553
1022,0.0136413,0.0137863950804,0,1,1.97911214828
1023,0.0136387,0.0137863000855,0,1,2.00860476494
1024,0.0136343,0.0137861957774,1,1,2.00003600121
1025,0.0136376,0.0137860961258,0,1,2.02967000008
1026,0.0136367,0.0137859964743,0,1,1.97739291191
1027,0.0136357,0.0137858893722,0,1,1.99625396729
1028,0.0136409,0.0137857981026,0,1,2.00046992302
1029,0.0136357,0.0137857031077,0,1,2.02895402908
1030,0.01364,0.0137856053188,0,1,2.00075888634
1031,0.0136362,0.01378550753,0,1,2.00624299049
1032,0.0136303,0.0137854134664,1,1,2.00578594208
1033,0.0136373,0.0137853156775,0,1,2.03612208366
1034,0.0136365,0.0137852141634,0,1,2.0018119812
1035,0.0136357,0.0137851154432,0,1,2.00569415092
1036,0.013637,0.0137850195169,0,1,1.98178792
1037,0.0136341,0.0137849217281,0,1,2.02489280701
1038,0.0136311,0.0137848285958,0,1,2.00227999687
1039,0.0136342,0.0137847429141,0,1,2.02718687057
1040,0.0136358,0.0137846423313,0,1,1.98145389557
1041,0.0136358,0.0137845501304,0,1,2.02660918236
1042,0.0136357,0.0137844588608,0,1,2.0033390522
1043,0.0136337,0.0137843657285,0,1,2.03538489342
1044,0.0136328,0.0137842679396,0,1,1.97907280922
1045,0.0136345,0.0137841729447,0,1,2.03102302551
1046,0.0136307,0.0137840788811,0,1,2.01847815514
1047,0.0136311,0.0137839894742,0,1,2.01820492744
1048,0.0136309,0.0137838954106,0,1,1.98035097122
1049,0.013633,0.0137837938964,0,1,2.0092291832
1050,0.0136336,0.0137836998329,0,1,2.00014185905
1051,0.0136254,0.0137836039066,1,1,2.02821588516
1052,0.0136302,0.0137835070491,0,1,1.98258209229
1053,0.0136299,0.0137834176421,0,1,2.02907919884
1054,0.0136267,0.0137833226472,0,1,2.0016310215
1055,0.0136324,0.0137832220644,0,1,2.02828001976
1056,0.0136272,0.0137831391767,0,1,1.98518800735
1057,0.0136252,0.0137830404565,1,1,2.02775812149
1058,0.0136287,0.0137829454616,0,1,2.00213384628
1059,0.0136337,0.0137828560546,0,1,2.02702403069
1060,0.0136265,0.013782767579,0,1,1.98318791389
1061,0.0136271,0.0137826688588,0,1,2.00401091576
1062,0.013626,0.0137825822458,0,1,2.002794981
1063,0.0136267,0.0137824928388,0,1,2.02913284302
1064,0.0136293,0.0137823978439,0,1,1.99720096588
1065,0.013621,0.0137823047116,1,1,2.00763607025
1066,0.0136241,0.0137822125107,0,1,2.03392100334
1067,0.0136227,0.0137821184471,0,1,2.03087997437
1068,0.0136278,0.0137820364907,0,1,2.00032711029
1069,0.0136252,0.0137819433585,0,1,1.99294900894
1070,0.0136224,0.0137818595394,0,1,1.94594597816
1071,0.0136234,0.0137817719951,0,1,2.02768492699
1072,0.0136211,0.0137816853821,0,1,2.00454521179
1073,0.0136197,0.0137815922499,1,1,2.00590801239
1074,0.0136215,0.0137815084308,0,1,1.97367477417
1075,0.013622,0.0137814143673,0,1,2.02646112442
1076,0.0136241,0.0137813286856,0,1,1.98911190033
1077,0.0136252,0.0137812430039,0,1,2.02698397636
1078,0.01362,0.0137811535969,0,1,1.97901201248
1079,0.0136188,0.0137810725719,1,1,2.02862596512
1080,0.0136214,0.0137809813023,0,1,2.00286507607
1081,0.0136176,0.0137808946893,1,1,2.02879500389
1082,0.0136179,0.0137808145955,0,1,1.97967600822
1083,0.0136192,0.0137807317078,0,1,2.00896978378
1084,0.0136183,0.0137806450948,0,1,1.9855568409
1085,0.0136218,0.0137805687264,0,1,2.02905678749
1086,0.0136172,0.0137804821134,1,1,2.03231906891
1087,0.0136172,0.0137804048136,1,1,2.00643587112
1088,0.0136162,0.0137803191319,1,1,2.00133681297
1089,0.0136117,0.0137802334502,1,1,2.02700996399
1090,0.0136157,0.0137801486999,0,1,1.98449492455
1091,0.0136183,0.0137800667435,0,1,2.00435996056
1092,0.0136144,0.0137799885124,0,1,1.9668879509
1093,0.0136198,0.0137798972428,0,1,2.02937793732
1094,0.013619,0.0137798152864,0,1,2.00204396248
1095,0.0136126,0.0137797370553,0,1,2.03303098679
1096,0.0136128,0.0137796550989,0,1,1.98345518112
1097,0.0136148,0.0137795722112,0,1,2.01896715164
1098,0.0136117,0.0137794911861,0,1,2.00460314751
1099,0.0136126,0.0137794092298,0,1,2.02179312706
1100,0.0136152,0.0137793337926,0,1,1.97304487228
1101,0.0136121,0.0137792527676,0,1,2.01913404465
1102,0.0136134,0.0137791763991,0,1,2.00386309624
1103,0.01361,0.0137790990993,1,1,2.02992796898
1104,0.0136141,0.013779017143,0,1,1.97788310051
1105,0.0136116,0.0137789361179,0,1,2.00655198097
1106,0.0136132,0.0137788504362,0,1,2.03108692169
1107,0.0136133,0.0137787740678,0,1,2.02559304237
1108,0.013613,0.0137786921114,0,1,1.99730992317
1109,0.0136082,0.0137786185369,1,1,1.99944615364
1110,0.0136092,0.0137785421684,0,1,2.00171589851
1111,0.0136107,0.0137784648687,0,1,2.02996492386
1112,0.0136117,0.0137783801183,0,1,2.00249576569
1113,0.0136086,0.0137783084065,0,1,1.99825286865
1114,0.0136112,0.013778237626,0,1,1.97636008263
1115,0.0136098,0.0137781584635,0,1,2.02538990974
1116,0.0136112,0.0137780802324,0,1,2.00654602051
1117,0.0136092,0.0137780047953,0,1,1.99769616127
1118,0.0136128,0.0137779247016,0,1,2.00355005264
1119,0.0136074,0.0137778576463,1,1,2.02763009071
1120,0.013604,0.0137777822092,1,1,2.00363707542
1121,0.0136041,0.0137777049094,0,1,2.00423407555
1122,0.0136022,0.0137776304036,1,1,1.98060297966
1123,0.0136089,0.0137775512412,0,1,2.03166389465
1124,0.0136026,0.0137774758041,0,1,2.00232005119
1125,0.013606,0.0137773901224,0,1,2.00440311432
1126,0.0136122,0.0137773193419,0,1,2.00624203682
1127,0.0136081,0.0137772429734,0,1,2.03100204468
1128,0.0136019,0.0137771610171,1,1,2.00248885155
1129,0.0136007,0.0137770930305,1,1,2.00787401199
1130,0.0136019,0.0137770166621,0,1,1.96508407593
1131,0.0135994,0.0137769477442,1,1,2.03482699394
1132,0.0136017,0.0137768825516,0,1,1.99938082695
1133,0.0136019,0.0137768108398,0,1,2.00911188126
1134,0.0135985,0.0137767354026,1,1,1.97988414764
1135,0.0136037,0.0137766590342,0,1,2.0311319828
1136,0.0136003,0.0137765929103,0,1,2.00515294075
1137,0.0136039,0.0137765202671,0,1,2.0275042057
1138,0.0136076,0.0137764550745,0,1,1.97630596161
1139,0.0136047,0.0137763861567,0,1,2.05167102814
1140,0.0135972,0.0137763144448,1,1,2.00098013878
1141,0.0135986,0.0137762352824,0,1,2.03208398819
1142,0.0136023,0.0137761700898,0,1,1.97773194313
1143,0.0136019,0.013776101172,0,1,2.00192785263
1144,0.0136046,0.0137760303915,0,1,2.00232887268
1145,0.0135972,0.0137759614736,1,1,2.02685594559
1146,0.0135992,0.0137759000063,0,1,1.99977183342
1147,0.0135974,0.0137758292258,0,1,2.04027295113
