epoch,train_loss,valid_loss,has_train_loss_improved,has_valid_loss_improved,duration
0,0.0147753,0.0146933188662,1,1,2.81297779083
1,0.0147674,0.0146839739755,1,1,2.74888706207
2,0.0147581,0.0146752856672,1,1,2.75883793831
3,0.0147432,0.014667103067,1,1,2.74398612976
4,0.0147337,0.0146593637764,1,1,2.75070095062
5,0.0147227,0.0146519914269,1,1,2.77596187592
6,0.0147201,0.0146449515596,1,1,2.77418494225
7,0.0147103,0.0146381929517,1,1,2.76618695259
8,0.0147019,0.0146316755563,1,1,2.77602696419
9,0.0146939,0.0146253975108,1,1,2.77891492844
10,0.0146833,0.0146193243563,1,1,2.78116989136
11,0.0146774,0.0146134290844,1,1,2.78063678741
12,0.0146733,0.0146077089012,1,1,2.77340197563
13,0.0146635,0.0146021461114,1,1,2.76695299149
14,0.0146643,0.014596728608,0,1,2.77475190163
15,0.0146576,0.0145914368331,1,1,2.76864910126
16,0.014648,0.0145862866193,1,1,2.78060507774
17,0.014644,0.0145812463015,1,1,2.77775788307
18,0.0146378,0.0145763168111,1,1,2.79375886917
19,0.0146425,0.0145714869723,0,1,2.76344609261
20,0.0146275,0.0145667577162,1,1,2.79050588608
21,0.0146257,0.0145621197298,1,1,2.76577401161
22,0.0146152,0.0145575655624,1,1,2.77898597717
23,0.0146161,0.014553098008,0,1,2.86066508293
24,0.014608,0.01454871241,1,1,2.78405809402
25,0.0146075,0.0145443947986,1,1,2.77397608757
26,0.0145934,0.0145401544869,1,1,2.76758408546
27,0.01459,0.0145359775051,1,1,2.78068518639
28,0.0145894,0.0145318647847,1,1,2.78013801575
29,0.0145799,0.0145278172567,1,1,2.77851605415
30,0.014577,0.0145238181576,1,1,2.77882599831
31,0.0145741,0.0145198786631,1,1,2.77519106865
32,0.0145667,0.0145160015672,1,1,2.75660991669
33,0.0145731,0.0145121775568,0,1,2.77776217461
34,0.0145614,0.0145083945245,1,1,2.77308297157
35,0.0145603,0.0145046664402,1,1,2.77555608749
36,0.0145568,0.0145009784028,1,1,2.78047704697
37,0.014552,0.0144973322749,1,1,2.77543997765
38,0.0145465,0.0144937336445,1,1,2.77800893784
39,0.0145374,0.0144901787862,1,1,2.77522802353
40,0.0145386,0.0144866602495,0,1,2.77780294418
41,0.0145318,0.0144831789657,1,1,2.77548599243
42,0.0145341,0.0144797228277,0,1,2.78267812729
43,0.014532,0.0144763160497,0,1,2.77464389801
44,0.0145261,0.014472941868,1,1,2.7800488472
45,0.0145211,0.0144695946947,1,1,2.77592086792
46,0.0145099,0.0144662857056,1,1,2.73341703415
47,0.0145142,0.0144630018622,0,1,2.77088785172
48,0.0145103,0.014459756203,0,1,2.77178001404
49,0.0145065,0.014456528239,1,1,2.77338600159
50,0.0145056,0.0144533356652,1,1,2.76488304138
51,0.0145017,0.0144501710311,1,1,2.76814103127
52,0.0144934,0.0144470259547,1,1,2.77154278755
53,0.0144871,0.0144439069554,1,1,2.770840168
54,0.014488,0.0144408205524,0,1,2.77414894104
55,0.0144916,0.0144377509132,0,1,2.7547659874
56,0.0144822,0.0144347017631,1,1,2.73149514198
57,0.0144773,0.0144316805527,1,1,2.75181603432
58,0.0144726,0.0144286686555,1,1,2.78616285324
59,0.0144722,0.0144256884232,1,1,2.74861097336
60,0.0144695,0.0144227240235,1,1,2.78177499771
61,0.0144683,0.0144197763875,1,1,2.7671790123
62,0.0144584,0.0144168436527,1,1,2.71510386467
63,0.0144576,0.014413936995,1,1,2.77470684052
64,0.0144552,0.0144110443071,1,1,2.75435304642
65,0.0144599,0.0144081749022,0,1,2.76384902
66,0.0144476,0.0144053120166,1,1,2.69983911514
67,0.0144475,0.0144024631009,1,1,2.7694849968
68,0.0144519,0.0143996356055,0,1,2.7699368
69,0.0144459,0.0143968202174,1,1,2.7685649395
70,0.0144389,0.0143940197304,1,1,2.82505512238
71,0.0144397,0.0143912332132,0,1,2.76919007301
72,0.0144367,0.014388457872,1,1,2.75916981697
73,0.0144329,0.0143856983632,1,1,2.77541303635
74,0.0144313,0.0143829472363,1,1,2.75659608841
75,0.014429,0.0143802138045,1,1,2.77248811722
76,0.0144197,0.014377486892,1,1,2.7656390667
77,0.0144116,0.0143747730181,1,1,2.76023387909
78,0.0144148,0.0143720693886,0,1,2.7724480629
79,0.0144115,0.0143693704158,1,1,2.7674510479
80,0.0144074,0.0143667012453,1,1,2.77073478699
81,0.0144117,0.0143640236929,0,1,2.7705411911
82,0.0144067,0.0143613629043,1,1,2.77821993828
83,0.0144053,0.0143587132916,1,1,2.76736593246
84,0.0143989,0.0143560655415,1,1,2.77057504654
85,0.0144006,0.0143534354866,0,1,2.77101302147
86,0.0143966,0.0143508156762,1,1,2.69060397148
87,0.0143893,0.0143481912091,1,1,2.75093984604
88,0.0143892,0.0143455825746,1,1,2.77172994614
89,0.0143883,0.0143429879099,1,1,2.76773500443
90,0.0143871,0.0143403904513,1,1,2.77822899818
91,0.0143838,0.0143378069624,1,1,2.76645994186
92,0.0143751,0.0143352309242,1,1,2.77323698997
93,0.0143742,0.0143326604739,1,1,2.77540302277
94,0.0143748,0.0143300965428,0,1,2.76976513863
95,0.0143704,0.0143275335431,1,1,2.76634478569
96,0.0143648,0.0143249845132,1,1,2.77085518837
97,0.0143723,0.0143224494532,0,1,2.76883196831
98,0.0143673,0.0143199162558,0,1,2.75846099854
99,0.0143661,0.0143173914403,0,1,2.77409219742
100,0.0143572,0.0143148666248,1,1,2.75456190109
101,0.0143614,0.0143123604357,0,1,2.76864004135
102,0.0143507,0.0143098570406,1,1,2.76394581795
103,0.0143498,0.0143073555082,1,1,2.76726698875
104,0.0143515,0.0143048698083,0,1,2.75499296188
105,0.0143509,0.0143023896962,0,1,2.77034687996
106,0.0143418,0.0142999161035,1,1,2.76938509941
107,0.0143391,0.0142974471673,1,1,2.77706193924
108,0.014342,0.0142949847504,0,1,2.76791596413
109,0.014337,0.0142925400287,1,1,2.74835395813
110,0.0143332,0.0142900981009,1,1,2.77140402794
111,0.0143294,0.0142876598984,1,1,2.75493001938
112,0.0143367,0.0142852300778,0,1,2.77831888199
113,0.014328,0.0142828123644,1,1,2.7792160511
114,0.0143334,0.0142804067582,0,1,2.7725110054
115,0.0143292,0.0142780104652,0,1,2.75525903702
116,0.0143235,0.0142756169662,1,1,2.75678181648
117,0.0143298,0.0142732365057,0,1,2.72920107841
118,0.0143219,0.0142708625644,1,1,2.77054286003
119,0.0143119,0.0142684979364,1,1,2.77905201912
120,0.0143117,0.0142661463469,1,1,2.78888487816
121,0.014309,0.014263805002,1,1,2.77633595467
122,0.0143106,0.0142614794895,0,1,2.7722799778
123,0.014311,0.0142591651529,0,1,2.76693296432
124,0.0143061,0.0142568619922,1,1,2.78293585777
125,0.0143019,0.0142545672134,1,1,2.76736402512
126,0.0142991,0.0142522836104,1,1,2.77264595032
127,0.0142979,0.0142500111833,1,1,2.7541987896
128,0.0142936,0.0142477592453,1,1,2.75635814667
129,0.0142952,0.0142455147579,0,1,2.77563691139
130,0.0142851,0.014243288897,1,1,2.76565599442
131,0.0142893,0.0142410742119,0,1,2.76967215538
132,0.014285,0.0142388781533,1,1,2.76171803474
133,0.014291,0.0142366969958,0,1,2.74389696121
134,0.014292,0.0142345335335,0,1,2.75388216972
135,0.0142821,0.014232375659,1,1,2.76410484314
136,0.0142812,0.0142302308232,1,1,2.69529414177
137,0.01428,0.0142281139269,1,1,2.70747208595
138,0.0142731,0.0142260072753,1,1,2.72061300278
139,0.014276,0.0142239192501,0,1,2.72047305107
140,0.0142742,0.0142218442634,0,1,2.75742101669
141,0.0142691,0.0142197972164,1,1,2.77651190758
142,0.0142692,0.0142177613452,0,1,2.77018117905
143,0.0142661,0.0142157487571,1,1,2.76673603058
144,0.0142665,0.0142137454823,0,1,2.77202391624
145,0.0142654,0.0142117617652,1,1,2.77233982086
146,0.0142677,0.0142097994685,0,1,2.71669387817
147,0.0142632,0.0142078557983,1,1,2.7706720829
148,0.0142587,0.0142059307545,1,1,2.77314281464
149,0.0142533,0.0142040215433,1,1,2.75567102432
150,0.0142522,0.0142021421343,1,1,2.76911687851
151,0.0142561,0.0142002729699,0,1,2.77631092072
152,0.0142441,0.0141984298825,1,1,2.75901699066
153,0.014249,0.014196603559,0,1,2.76859116554
154,0.014244,0.0141948014498,1,1,2.77259612083
155,0.0142429,0.0141930114478,1,1,2.76800394058
156,0.0142476,0.0141912531108,0,1,2.77741599083
157,0.0142385,0.014189504087,1,1,2.73105812073
158,0.0142404,0.0141877857968,0,1,2.7762401104
159,0.0142443,0.0141860879958,0,1,2.76518988609
160,0.0142368,0.014184396714,1,1,2.76868796349
161,0.014236,0.0141827324405,1,1,2.77581501007
162,0.0142381,0.0141810933128,0,1,2.76903700829
163,0.0142294,0.0141794709489,1,1,2.77627491951
164,0.0142363,0.0141778793186,0,1,2.75132107735
165,0.0142298,0.0141762960702,0,1,2.76850390434
166,0.0142241,0.0141747342423,1,1,2.75643491745
167,0.0142252,0.0141731938347,0,1,2.76669597626
168,0.014232,0.0141716748476,0,1,2.71335887909
169,0.0142212,0.0141701754183,1,1,2.72495818138
170,0.0142281,0.014168696478,0,1,2.75626707077
171,0.0142248,0.0141672389582,0,1,2.7659778595
172,0.0142262,0.0141657982022,0,1,2.75809407234
173,0.0142192,0.0141643732786,1,1,2.76757597923
174,0.0142225,0.0141629753634,0,1,2.75047087669
175,0.0142192,0.014161602594,1,1,2.75350499153
176,0.0142152,0.0141602437943,1,1,2.72752404213
177,0.0142154,0.0141588998958,0,1,2.74666500092
178,0.014213,0.0141575774178,1,1,2.78172516823
179,0.0142128,0.0141562679783,1,1,2.76530885696
180,0.0142127,0.0141549808905,1,1,2.7582321167
181,0.014217,0.0141537133604,0,1,2.76832318306
182,0.0142106,0.0141524607316,1,1,2.72109699249
183,0.0142085,0.0141512304544,1,1,2.77568602562
184,0.0142118,0.0141500169411,0,1,2.77133798599
185,0.0142095,0.0141488136724,0,1,2.75829482079
186,0.0141996,0.0141476364806,1,1,2.76268696785
187,0.0142044,0.0141464658082,0,1,2.74402785301
188,0.0142081,0.0141453174874,0,1,2.77105903625
189,0.0142014,0.0141441840678,0,1,2.75013399124
190,0.0142027,0.0141430711374,0,1,2.77471494675
191,0.014201,0.0141419693828,0,1,2.76544117928
192,0.0141986,0.0141408871859,1,1,2.76959490776
193,0.0141911,0.0141398180276,1,1,2.70460104942
194,0.014197,0.0141387665644,0,1,2.69362401962
195,0.0141989,0.0141377337277,0,1,2.69738292694
196,0.0141945,0.0141367111355,0,1,2.72224092484
197,0.0141938,0.0141356997192,0,1,2.74392104149
198,0.014198,0.0141347050667,0,1,2.76382613182
199,0.0141928,0.0141337327659,0,1,2.74412107468
200,0.0141934,0.0141327651218,0,1,2.75514006615
201,0.014193,0.0141318142414,0,1,2.74447607994
202,0.0141945,0.0141308773309,0,1,2.75259494781
203,0.0141848,0.0141299460083,1,1,2.74869084358
204,0.0141908,0.0141290379688,0,1,2.74855089188
205,0.0141904,0.0141281401739,0,1,2.75457596779
206,0.0141813,0.0141272488981,1,1,2.76149201393
207,0.0141835,0.0141263809055,0,1,2.72513198853
208,0.0141824,0.0141255212948,0,1,2.7494199276
209,0.0141844,0.014124667272,0,1,2.74512910843
210,0.0141862,0.0141238328069,0,1,2.7394080162
211,0.0141855,0.0141230039299,0,1,2.74454212189
212,0.0141778,0.0141221890226,1,1,2.75213503838
213,0.0141865,0.0141213918105,0,1,2.749366045
214,0.014178,0.0141206029803,0,1,2.74866580963
215,0.0141801,0.0141198253259,0,1,2.75476503372
216,0.0141804,0.0141190560535,0,1,2.74874591827
217,0.0141741,0.0141182998195,1,1,2.75322794914
218,0.014181,0.0141175528988,0,1,2.74478197098
219,0.014182,0.0141168078408,0,1,2.74434494972
220,0.0141732,0.0141160832718,1,1,2.75122499466
221,0.0141769,0.0141153624281,0,1,2.72507715225
222,0.0141769,0.014114654623,0,1,2.7645778656
223,0.0141717,0.0141139505431,1,1,2.76854801178
224,0.014174,0.0141132641584,0,1,2.74784898758
225,0.0141727,0.0141125842929,0,1,2.76707291603
226,0.0141727,0.014111914672,0,1,2.77091813087
227,0.0141735,0.0141112441197,0,1,2.77417087555
228,0.0141681,0.0141105903313,1,1,2.7690308094
229,0.0141697,0.01410994865,0,1,2.77490901947
230,0.0141705,0.0141093069687,0,1,2.75826692581
231,0.0141683,0.014108675532,0,1,2.764346838
232,0.0141736,0.0141080580652,0,1,2.77296996117
233,0.0141653,0.0141074405983,1,1,2.75049304962
234,0.014169,0.01410683617,0,1,2.77429008484
235,0.0141666,0.0141062410548,0,1,2.76667690277
236,0.0141701,0.0141056561843,0,1,2.71622610092
237,0.0141662,0.0141050703824,0,1,2.69698309898
238,0.0141662,0.0141044901684,0,1,2.69248509407
239,0.0141636,0.0141039276496,1,1,2.69606804848
240,0.0141651,0.01410337165,0,1,2.69099712372
241,0.0141586,0.014102817513,1,1,2.68599295616
242,0.0141669,0.0141022754833,0,1,2.75229907036
243,0.0141682,0.0141017241403,0,1,2.69143199921
244,0.0141597,0.0141011895612,0,1,2.69529080391
245,0.0141649,0.0141006652266,0,1,2.68813800812
246,0.0141639,0.0141001474112,0,1,2.71438288689
247,0.0141636,0.0140996398404,0,1,2.73761296272
248,0.0141634,0.0140991238877,0,1,2.77838683128
249,0.0141653,0.0140986191109,0,1,2.73236107826
250,0.0141593,0.0140981236473,0,1,2.72356009483
251,0.0141589,0.0140976347029,0,1,2.76697897911
252,0.0141637,0.0140971541405,0,1,2.78148913383
253,0.0141601,0.014096676372,0,1,2.76054906845
254,0.0141598,0.0140962004662,0,1,2.77408313751
255,0.0141555,0.0140957338735,1,1,2.7612760067
256,0.0141499,0.0140952654183,1,1,2.76578211784
257,0.0141559,0.0140948090702,0,1,2.76660108566
258,0.0141527,0.0140943527222,0,1,2.76270794868
259,0.0141531,0.0140939028934,0,1,2.77053904533
260,0.0141566,0.0140934633091,0,1,2.77060699463
261,0.0141598,0.0140930274501,0,1,2.7669069767
262,0.0141593,0.0140925943851,0,1,2.76699995995
263,0.0141568,0.0140921678394,0,1,2.77200603485
264,0.0141537,0.014091745019,0,1,2.78531694412
265,0.0141582,0.0140913221985,0,1,2.74524497986
266,0.0141565,0.0140909031034,0,1,2.78872990608
267,0.0141491,0.0140904998407,1,1,2.76543903351
268,0.01415,0.0140900891274,0,1,2.76855301857
269,0.0141565,0.0140896914527,0,1,2.76672911644
270,0.0141549,0.0140893012285,0,1,2.78070902824
271,0.0141527,0.0140889091417,0,1,2.76175403595
272,0.0141531,0.0140885179862,0,1,2.77208995819
273,0.0141488,0.0140881277621,1,1,2.75400185585
274,0.014149,0.0140877459198,0,1,2.76242184639
275,0.0141548,0.0140873799101,0,1,2.7631521225
276,0.0141512,0.0140870083123,0,1,2.76858186722
277,0.0141547,0.0140866469592,0,1,2.74615502357
278,0.0141516,0.0140862762928,0,1,2.75078392029
279,0.0141519,0.014085915871,0,1,2.73044085503
280,0.0141518,0.0140855610371,0,1,2.7505068779
281,0.0141496,0.0140852071345,0,1,2.74933505058
282,0.0141478,0.0140848569572,1,1,2.74455308914
283,0.014148,0.0140845105052,0,1,2.74799489975
284,0.0141466,0.0140841621906,1,1,2.75578594208
285,0.014149,0.0140838194638,0,1,2.75695109367
286,0.0141478,0.0140834813938,0,1,2.71602892876
287,0.0141463,0.0140831517056,1,1,2.77148604393
288,0.01415,0.0140828276053,0,1,2.77948689461
289,0.0141456,0.0140824979171,1,1,2.76739501953
290,0.0141466,0.0140821747482,0,1,2.77145195007
291,0.0141501,0.0140818506479,0,1,2.73637604713
292,0.0141455,0.0140815405175,1,1,2.77245211601
293,0.0141491,0.0140812266618,0,1,2.77240896225
294,0.0141474,0.0140809109434,0,1,2.77295994759
295,0.0141448,0.014080600813,1,1,2.76605987549
296,0.0141497,0.01408028882,0,1,2.78044295311
297,0.0141446,0.0140799833462,1,1,2.76595377922
298,0.0141478,0.0140796843916,0,1,2.77048206329
299,0.0141455,0.0140793891624,0,1,2.76597309113
300,0.0141501,0.0140790939331,0,1,2.77187585831
301,0.01414,0.0140788042918,1,1,2.75521397591
302,0.0141482,0.0140785155818,0,1,2.7610142231
303,0.0141434,0.0140782250091,0,1,2.72024989128
304,0.0141406,0.0140779344365,0,1,2.70954918861
305,0.0141413,0.0140776503831,0,1,2.70779800415
306,0.0141445,0.0140773737803,0,1,2.77731704712
307,0.0141443,0.0140770962462,0,1,2.75470685959
308,0.0141371,0.0140768187121,1,1,2.76852703094
309,0.0141396,0.0140765532851,0,1,2.73999905586
310,0.0141449,0.0140762869269,0,1,2.77821183205
311,0.0141441,0.0140760149807,0,1,2.76748514175
312,0.0141409,0.0140757504851,0,1,2.7696390152
313,0.014137,0.0140754859895,1,1,2.75388383865
314,0.0141344,0.0140752224252,1,1,2.77381396294
315,0.0141434,0.0140749569982,0,1,2.77077007294
316,0.0141401,0.0140747046098,0,1,2.75503492355
317,0.014138,0.0140744550154,0,1,2.76593899727
318,0.0141321,0.0140742016956,1,1,2.73429012299
319,0.0141359,0.0140739521012,0,1,2.76634693146
320,0.0141429,0.0140737043694,0,1,2.71489691734
321,0.0141444,0.0140734603629,0,1,2.73270988464
322,0.0141344,0.0140732116997,0,1,2.69084310532
323,0.0141389,0.0140729714185,0,1,2.74365901947
324,0.0141414,0.0140727264807,0,1,2.74747204781
325,0.0141346,0.0140724861994,0,1,2.77933812141
326,0.0141394,0.0140722431242,0,1,2.77046108246
327,0.0141383,0.0140720102936,0,1,2.76530599594
328,0.0141344,0.0140717783943,0,1,2.78213906288
329,0.014136,0.0140715483576,0,1,2.76732397079
330,0.0141362,0.0140713192523,0,1,2.77855801582
331,0.0141293,0.0140710938722,1,1,2.76638197899
332,0.0141346,0.0140708703548,0,1,2.77038002014
333,0.0141411,0.0140706468374,0,1,2.74582886696
334,0.014132,0.0140704251826,0,1,2.69738316536
335,0.0141283,0.0140702007338,1,1,2.68924713135
336,0.0141381,0.0140699800104,0,1,2.75270986557
337,0.0141354,0.0140697620809,0,1,2.76481604576
338,0.0141371,0.0140695404261,0,1,2.76831793785
339,0.0141346,0.0140693262219,0,1,2.77083301544
340,0.0141296,0.0140691092238,0,1,2.78048706055
341,0.0141289,0.0140689034015,0,1,2.72306418419
342,0.0141357,0.0140686994419,0,1,2.76526093483
343,0.0141319,0.0140684908256,0,1,2.76650595665
344,0.014132,0.0140682794154,0,1,2.77039289474
345,0.0141379,0.014068076387,0,1,2.75521111488
346,0.0141325,0.0140678696334,0,1,2.77206611633
347,0.0141309,0.0140676684678,0,1,2.76973009109
348,0.0141294,0.0140674691647,0,1,2.77297711372
349,0.014133,0.0140672661364,0,1,2.76499295235
350,0.0141307,0.0140670705587,0,1,2.78054094315
351,0.0141327,0.0140668759122,0,1,2.74413299561
352,0.0141325,0.0140666747466,0,1,2.70055198669
353,0.0141328,0.0140664810315,0,1,2.68749499321
354,0.0141362,0.0140662817284,0,1,2.74742293358
355,0.0141321,0.014066089876,0,1,2.76396799088
356,0.0141351,0.0140659008175,0,1,2.75422215462
357,0.0141311,0.0140657126904,0,1,2.77183699608
358,0.014132,0.0140655236319,0,1,2.75854086876
359,0.0141292,0.014065336436,0,1,2.76620101929
360,0.0141283,0.0140651538968,0,1,2.76979112625
361,0.0141292,0.014064966701,0,1,2.76476597786
362,0.0141308,0.0140647832304,0,1,2.76861190796
363,0.0141287,0.0140646006912,0,1,2.73792886734
364,0.0141304,0.0140644209459,0,1,2.78084111214
365,0.0141219,0.014064239338,1,1,2.76823496819
366,0.0141351,0.0140640586615,0,1,2.77867794037
367,0.0141295,0.0140638826415,0,1,2.77525305748
368,0.0141306,0.0140637103468,0,1,2.76715779305
369,0.0141243,0.0140635352582,0,1,2.77110505104
370,0.0141231,0.0140633601695,0,1,2.76882195473
371,0.0141263,0.0140631822869,0,1,2.75432300568
372,0.014132,0.0140630127862,0,1,2.78031301498
373,0.0141261,0.0140628470108,0,1,2.75782322884
374,0.0141246,0.0140626803041,0,1,2.7690141201
375,0.0141289,0.0140625080094,0,1,2.76744890213
376,0.0141288,0.0140623375773,0,1,2.77125096321
377,0.0141243,0.0140621680766,0,1,2.77162981033
378,0.0141248,0.0140619967133,0,1,2.72285103798
379,0.0141246,0.0140618290752,0,1,2.77084112167
380,0.0141256,0.0140616595745,0,1,2.6968319416
381,0.0141288,0.0140614900738,0,1,2.6902859211
382,0.0141288,0.0140613336116,0,1,2.76283311844
383,0.0141311,0.0140611724928,0,1,2.72551703453
384,0.0141309,0.014061014168,0,1,2.77912592888
385,0.0141295,0.0140608539805,0,1,2.76754999161
386,0.0141298,0.0140606947243,0,1,2.7150580883
387,0.0141271,0.0140605363995,0,1,2.74281096458
388,0.0141281,0.0140603808686,0,1,2.73454189301
389,0.014127,0.0140602281317,0,1,2.70041298866
390,0.014127,0.0140600679442,0,1,2.69346189499
391,0.0141215,0.0140599068254,1,1,2.75348305702
392,0.0141248,0.0140597540885,0,1,2.74309396744
393,0.014124,0.014059596695,0,1,2.75593209267
394,0.0141228,0.0140594411641,0,1,2.69940805435
395,0.0141297,0.0140592986718,0,1,2.73506712914
396,0.0141246,0.0140591487288,0,1,2.76531505585
397,0.0141263,0.0140589997172,0,1,2.7548391819
398,0.0141179,0.0140588544309,1,1,2.77239608765
399,0.014126,0.0140587026253,0,1,2.76846194267
400,0.0141226,0.0140585582703,0,1,2.74901914597
401,0.0141212,0.0140584120527,0,1,2.75329184532
402,0.0141215,0.0140582621098,0,1,2.73483920097
403,0.0141208,0.0140581158921,0,1,2.76209998131
404,0.0141187,0.0140579715371,0,1,2.77248501778
405,0.0141257,0.0140578337014,0,1,2.76098179817
406,0.0141216,0.0140576884151,0,1,2.76867103577
407,0.0141174,0.0140575366095,1,1,2.76422595978
408,0.0141214,0.0140573987737,0,1,2.75559687614
409,0.0141244,0.0140572562814,0,1,2.77017092705
410,0.0141206,0.0140571109951,0,1,2.76413202286
411,0.0141221,0.0140569768846,0,1,2.77233195305
412,0.0141203,0.0140568353236,0,1,2.77870106697
413,0.0141246,0.0140567002818,0,1,2.7539498806
414,0.0141169,0.0140565643087,1,1,2.73468089104
415,0.0141206,0.0140564227477,0,1,2.75166487694
416,0.0141211,0.0140562923625,0,1,2.76850390434
417,0.014118,0.0140561545268,0,1,2.76397395134
418,0.0141218,0.0140560241416,0,1,2.7694978714
419,0.0141151,0.0140558909625,1,1,2.76760721207
420,0.0141208,0.0140557549894,0,1,2.77528095245
421,0.0141206,0.0140556199476,0,1,2.75651907921
422,0.0141151,0.0140554951504,1,1,2.77234983444
423,0.0141164,0.0140553601086,0,1,2.75970816612
424,0.0141234,0.0140552343801,0,1,2.75365400314
425,0.0141253,0.0140551012009,0,1,2.7310500145
426,0.0141147,0.0140549708158,1,1,2.7622179985
427,0.0141141,0.014054838568,1,1,2.76551699638
428,0.0141193,0.0140547100455,0,1,2.75558900833
429,0.0141194,0.0140545796603,0,1,2.77503609657
430,0.0141241,0.0140544548631,0,1,2.76884698868
431,0.0141188,0.0140543235466,0,1,2.75218915939
432,0.0141153,0.0140541922301,0,1,2.75874614716
433,0.0141171,0.0140540692955,0,1,2.77010607719
434,0.0141189,0.0140539417043,0,1,2.77083277702
435,0.0141144,0.0140538187698,0,1,2.74988412857
436,0.0141191,0.0140536995605,0,1,2.77940011024
437,0.0141229,0.0140535738319,0,1,2.76507019997
438,0.0141155,0.0140534508973,0,1,2.77828502655
439,0.0141147,0.0140533251688,0,1,2.74838805199
440,0.0141175,0.0140532050282,0,1,2.69022583961
441,0.0141203,0.0140530848876,0,1,2.6906080246
442,0.014124,0.0140529526398,0,1,2.72543096542
443,0.0141209,0.0140528324991,0,1,2.77019190788
444,0.0141123,0.0140527170151,1,1,2.77850985527
445,0.0141158,0.0140525940806,0,1,2.76631712914
446,0.0141184,0.0140524767339,0,1,2.76835393906
447,0.0141179,0.0140523565933,0,1,2.76640486717
448,0.0141223,0.014052240178,0,1,2.78391909599
449,0.0141179,0.0140521219,0,1,2.74659991264
450,0.0141162,0.0140520101413,0,1,2.77909302711
451,0.0141233,0.0140518927947,0,1,2.76057100296
452,0.0141137,0.014051775448,0,1,2.77522301674
453,0.014123,0.0140516608953,0,1,2.76506900787
454,0.0141198,0.0140515435487,0,1,2.76764988899
455,0.014111,0.0140514262021,1,1,2.76183891296
456,0.0141184,0.014051313512,0,1,2.7737839222
457,0.0141098,0.0140512026846,1,1,2.76552391052
458,0.0141106,0.014051085338,0,1,2.77870607376
459,0.01412,0.014050969854,0,1,2.76544213295
460,0.0141108,0.0140508562326,0,1,2.75685095787
461,0.0141079,0.0140507454053,1,1,2.76564288139
462,0.0141186,0.0140506373718,0,1,2.75742912292
463,0.0141155,0.0140505218878,0,1,2.76888489723
464,0.0141143,0.0140504129231,0,1,2.77150702477
465,0.014117,0.0140502993017,0,1,2.76130700111
466,0.0141156,0.0140501894057,0,1,2.76892900467
467,0.014111,0.0140500823036,0,1,2.76179814339
468,0.0141099,0.0140499798581,0,1,2.76659011841
469,0.0141074,0.014049869962,1,1,2.76459002495
470,0.0141163,0.0140497582033,0,1,2.78031492233
471,0.0141109,0.0140496483073,0,1,2.76785588264
472,0.0141094,0.0140495393425,0,1,2.77949810028
473,0.0141113,0.0140494285151,0,1,2.76181697845
474,0.014111,0.014049327001,0,1,2.73178696632
475,0.0141194,0.0140492198989,0,1,2.77115893364
476,0.0141102,0.0140491137281,0,1,2.76438593864
477,0.0141147,0.0140490029007,0,1,2.76695990562
478,0.0141167,0.0140488920733,0,1,2.78073692322
479,0.0141087,0.0140487840399,0,1,2.76108694077
480,0.0141145,0.0140486760065,0,1,2.78341698647
481,0.0141198,0.0140485698357,0,1,2.7665810585
482,0.014114,0.0140484645963,0,1,2.7825088501
483,0.0141135,0.0140483602881,0,1,2.75136303902
484,0.0141182,0.0140482578427,0,1,2.77363085747
485,0.0141153,0.0140481535345,0,1,2.77070307732
486,0.0141114,0.0140480436385,0,1,2.77224993706
487,0.0141078,0.0140479402617,0,1,2.76925897598
488,0.0141102,0.0140478340909,0,1,2.75137996674
489,0.0141035,0.0140477344394,1,1,2.76949906349
490,0.0141094,0.0140476347879,0,1,2.7861289978
491,0.0141109,0.014047534205,0,1,2.7655711174
492,0.0141123,0.0140474326909,0,1,2.78709197044
493,0.0141082,0.0140473311767,0,1,2.76902890205
494,0.0141139,0.0140472259372,0,1,2.75782108307
495,0.014107,0.0140471253544,0,1,2.76498699188
496,0.0141113,0.0140470229089,0,1,2.76591491699
497,0.0141123,0.0140469148755,0,1,2.77199983597
498,0.0141123,0.01404681243,0,1,2.77065396309
499,0.0141069,0.0140467183664,0,1,2.76843094826
500,0.0141052,0.0140466149896,0,1,2.76340103149
501,0.0141125,0.0140465153381,0,1,2.76072096825
502,0.0141098,0.0140464119613,0,1,2.77935886383
503,0.0141106,0.0140463085845,0,1,2.7664809227
504,0.0141101,0.014046208933,0,1,2.7738931179
505,0.0141072,0.0140461111441,0,1,2.76711297035
506,0.0141147,0.0140460086986,0,1,2.75575184822
507,0.0141099,0.0140459090471,0,1,2.75938081741
508,0.0141068,0.0140458131209,0,1,2.76624393463
509,0.0141138,0.01404572092,0,1,2.77016711235
510,0.0141161,0.0140456231311,0,1,2.76909399033
511,0.0141075,0.0140455244109,0,1,2.77346992493
512,0.0141104,0.0140454331413,0,1,2.75372219086
513,0.0141124,0.0140453353524,0,1,2.76008200645
514,0.0141146,0.0140452403575,0,1,2.76155090332
515,0.0141087,0.0140451425686,0,1,2.74497008324
516,0.0141145,0.0140450457111,0,1,2.80537486076
517,0.014109,0.0140449507162,0,1,2.76269102097
518,0.0141082,0.01404485479,0,1,2.76177000999
519,0.0141055,0.0140447579324,0,1,2.75061988831
520,0.0141133,0.0140446620062,0,1,2.74724006653
521,0.0141071,0.0140445707366,0,1,2.75095415115
522,0.0141102,0.014044479467,0,1,2.77297687531
523,0.0141091,0.0140443863347,0,1,2.76492381096
524,0.0141149,0.0140442941338,0,1,2.77923893929
525,0.0141153,0.0140441982076,0,1,2.75620698929
526,0.0141109,0.014044104144,0,1,2.76787400246
527,0.014108,0.0140440054238,0,1,2.75880908966
528,0.014108,0.0140439141542,0,1,2.75719714165
529,0.0141008,0.0140438238159,1,1,2.75799489021
530,0.0141117,0.0140437325463,0,1,2.74590706825
531,0.014104,0.0140436384827,0,1,2.74888300896
532,0.0141019,0.0140435453504,0,1,2.76149010658
533,0.0141012,0.0140434578061,0,1,2.76140594482
534,0.0141085,0.0140433646739,0,1,2.75138998032
535,0.0141104,0.0140432743356,0,1,2.74075102806
536,0.0141127,0.0140431793407,0,1,2.76648402214
537,0.0141018,0.0140430917963,0,1,2.75725388527
538,0.0141112,0.014043001458,0,1,2.76763010025
539,0.014105,0.0140429101884,0,1,2.70780205727
540,0.0141047,0.0140428198501,0,1,2.76297402382
541,0.0141105,0.0140427295119,0,1,2.74005103111
542,0.0141008,0.0140426373109,0,1,2.75444102287
543,0.0141,0.0140425460413,1,1,2.76067590714
544,0.014104,0.0140424575657,0,1,2.76618099213
545,0.0141079,0.0140423672274,0,1,2.75691795349
546,0.0141038,0.0140422796831,0,1,2.74762105942
547,0.0141068,0.0140421893448,0,1,2.7571542263
548,0.0141086,0.0140420962125,0,1,2.7753610611
549,0.0141084,0.0140420058742,0,1,2.75607800484
550,0.0141028,0.0140419155359,0,1,2.76953721046
551,0.0141086,0.0140418317169,0,1,2.75547409058
552,0.0141095,0.0140417404473,0,1,2.7634999752
553,0.0141061,0.0140416463837,0,1,2.76022005081
554,0.0141057,0.0140415616333,0,1,2.73642706871
555,0.0141063,0.014041476883,0,1,2.7623898983
556,0.0141047,0.0140413958579,0,1,2.76572203636
557,0.0141007,0.0140413129702,0,1,2.75417804718
558,0.0141054,0.0140412263572,0,1,2.75272607803
559,0.0141116,0.0140411397442,0,1,2.75640797615
560,0.014104,0.0140410484746,0,1,2.7498998642
561,0.0141022,0.0140409590676,0,1,2.75528597832
562,0.0140985,0.014040870592,1,1,2.74786496162
563,0.0141028,0.014040786773,0,1,2.7339630127
564,0.0141064,0.0140406889841,0,1,2.76409482956
565,0.0141004,0.0140406051651,0,1,2.76117491722
566,0.0141027,0.0140405166894,0,1,2.76482200623
567,0.0140987,0.014040434733,0,1,2.75628089905
568,0.0141029,0.0140403527766,0,1,2.76476788521
569,0.0141064,0.014040261507,0,1,2.75681591034
570,0.0141027,0.0140401702374,0,1,2.76393389702
571,0.0141044,0.0140400808305,0,1,2.74512314796
572,0.0141078,0.0140399923548,0,1,2.7853178978
573,0.0141054,0.0140399076045,0,1,2.75784111023
574,0.0141002,0.014039828442,0,1,2.77048802376
575,0.0141021,0.0140397427604,0,1,2.71378016472
576,0.0141013,0.014039655216,0,1,2.76528310776
577,0.0141037,0.014039571397,0,1,2.77017593384
578,0.0140989,0.0140394885093,0,1,2.77452301979
579,0.0141026,0.0140394046903,0,1,2.75810909271
580,0.0141011,0.0140393171459,0,1,2.77464818954
581,0.0141021,0.0140392361209,0,1,2.75431203842
582,0.0140982,0.0140391476452,1,1,2.76398801804
583,0.0141044,0.0140390638262,0,1,2.73929786682
584,0.0140953,0.0140389790758,1,1,2.76375198364
585,0.0141024,0.0140388980508,0,1,2.76052808762
586,0.0141012,0.0140388114378,0,1,2.77178382874
587,0.0140977,0.014038731344,0,1,2.75846099854
588,0.0141072,0.0140386456624,0,1,2.76075196266
589,0.0140987,0.0140385599807,0,1,2.71187400818
590,0.0140994,0.0140384798869,0,1,2.76536798477
591,0.0141009,0.0140384016559,0,1,2.72978878021
592,0.0141105,0.0140383150429,0,1,2.7653169632
593,0.0141025,0.0140382293612,0,1,2.73477602005
594,0.0140966,0.0140381483361,0,1,2.73389792442
595,0.0141,0.0140380626544,0,1,2.73571419716
596,0.0141012,0.0140379751101,0,1,2.77910280228
597,0.0140991,0.0140378857031,0,1,2.76081514359
598,0.0141006,0.0140378028154,0,1,2.76458501816
599,0.0141014,0.0140377227217,0,1,2.76063108444
600,0.014095,0.0140376351774,1,1,2.71750497818
601,0.0141041,0.0140375476331,0,1,2.75626993179
602,0.0141026,0.0140374703333,0,1,2.77445316315
603,0.0140983,0.0140373911709,0,1,2.75625801086
604,0.0141035,0.0140373138711,0,1,2.77949786186
605,0.014099,0.0140372281894,0,1,2.75448608398
606,0.0140984,0.014037151821,0,1,2.76294994354
607,0.014093,0.0140370726585,1,1,2.76412200928
608,0.0140977,0.0140369888395,0,1,2.76094198227
609,0.0140981,0.0140369040892,0,1,2.76265192032
610,0.0140984,0.0140368193388,0,1,2.7650411129
611,0.0141036,0.0140367401764,0,1,2.75864100456
612,0.0140973,0.0140366591513,0,1,2.75487399101
613,0.0140988,0.0140365697443,0,1,2.72010278702
614,0.0140936,0.0140364868566,0,1,2.75284290314
615,0.0140957,0.0140364030376,0,1,2.7350730896
616,0.0140978,0.0140363201499,0,1,2.74355983734
617,0.0140973,0.0140362400562,0,1,2.73830580711
618,0.0141021,0.0140361636877,0,1,2.74247097969
619,0.0140919,0.0140360863879,1,1,2.74097514153
620,0.0140972,0.0140360007063,0,1,2.73263597488
621,0.0140946,0.0140359159559,0,1,2.7428021431
622,0.0141044,0.0140358293429,0,1,2.74100899696
623,0.0140956,0.0140357473865,0,1,2.73848199844
624,0.0141022,0.0140356635675,0,1,2.75134587288
625,0.0140976,0.0140355844051,0,1,2.73533296585
626,0.0140954,0.0140354959294,0,1,2.75201010704
627,0.0140983,0.014035413973,0,1,2.73609495163
628,0.0140966,0.014035332948,0,1,2.76746320724
629,0.0140994,0.0140352472663,0,1,2.76558589935
630,0.0141002,0.0140351699665,0,1,2.75316286087
631,0.0140928,0.0140350842848,0,1,2.76071596146
632,0.0140995,0.0140350069851,0,1,2.76583385468
633,0.0141054,0.014034923166,0,1,2.71199703217
634,0.0140984,0.0140348430723,0,1,2.77235102654
635,0.0140958,0.0140347629786,0,1,2.75335288048
636,0.0140964,0.0140346828848,0,1,2.76965117455
637,0.0141004,0.0140345999971,0,1,2.75586795807
638,0.0140964,0.014034518972,0,1,2.76466393471
639,0.0140966,0.014034437947,0,1,2.74690103531
640,0.0140923,0.0140343578532,0,1,2.69258713722
641,0.0140942,0.0140342796221,0,1,2.68809485435
642,0.0141014,0.0140341948718,0,1,2.73053812981
643,0.0140985,0.014034117572,0,1,2.75452685356
644,0.0140901,0.0140340356156,1,1,2.76177406311
645,0.014099,0.0140339527279,0,1,2.68448495865
646,0.014096,0.0140338698402,0,1,2.70350790024
647,0.0140905,0.0140337944031,0,1,2.72237992287
648,0.0140908,0.0140337040648,0,1,2.68679094315
649,0.0140975,0.0140336230397,0,1,2.6942050457
650,0.0140956,0.0140335410833,0,1,2.76549100876
651,0.0140922,0.0140334581956,0,1,2.76301002502
652,0.0140942,0.0140333762392,0,1,2.76358103752
653,0.0140911,0.0140332942829,0,1,2.75938916206
654,0.01409,0.0140332179144,1,1,2.76915192604
655,0.0140937,0.014033135958,0,1,2.76019096375
656,0.0140973,0.0140330577269,0,1,2.75605893135
657,0.014094,0.0140329776332,0,1,2.68059396744
658,0.014092,0.0140328984708,0,1,2.76267504692
659,0.0140939,0.014032818377,0,1,2.72140002251
660,0.014096,0.0140327326953,0,1,2.7710018158
661,0.0140975,0.0140326591209,0,1,2.7387239933
662,0.0140912,0.0140325771645,0,1,2.76722598076
663,0.0140882,0.0140324980021,1,1,2.75517106056
664,0.0140944,0.014032419771,0,1,2.77149105072
665,0.014092,0.0140323378146,0,1,2.75802779198
666,0.0140945,0.0140322577208,0,1,2.75690889359
667,0.014095,0.0140321748331,0,1,2.75637388229
668,0.0140999,0.0140320928767,0,1,2.71911001205
669,0.0140912,0.0140320165083,0,1,2.75727295876
670,0.0140933,0.0140319308266,0,1,2.68650794029
671,0.0140911,0.0140318488702,0,1,2.68267989159
672,0.0140889,0.0140317678452,0,1,2.74938702583
673,0.0140942,0.0140316886827,0,1,2.75487017632
674,0.0140936,0.0140316095203,0,1,2.77274799347
675,0.0140909,0.0140315284953,0,1,2.75735092163
676,0.0140945,0.0140314437449,0,1,2.75953483582
677,0.0140906,0.0140313664451,0,1,2.76038885117
678,0.0140898,0.0140312854201,0,1,2.76958584785
679,0.0140906,0.014031204395,0,1,2.76068305969
680,0.0140887,0.014031120576,0,1,2.76431488991
681,0.0140906,0.0140310423449,0,1,2.68411183357
682,0.0140918,0.0140309575945,0,1,2.68426609039
683,0.0140919,0.0140308784321,0,1,2.67151999474
684,0.0140928,0.0140307992697,0,1,2.74089789391
685,0.0140901,0.0140307191759,0,1,2.67423009872
686,0.0140899,0.0140306372195,0,1,2.74250912666
687,0.0140912,0.0140305552632,0,1,2.75199604034
688,0.0140876,0.0140304751694,1,1,2.78507113457
689,0.0140919,0.0140303894877,0,1,2.75061202049
690,0.0140935,0.0140303038061,0,1,2.69152092934
691,0.0140864,0.0140302237123,1,1,2.72874593735
692,0.0140885,0.0140301380306,0,1,2.73354291916
693,0.0140909,0.0140300644562,0,1,2.80178809166
694,0.0140864,0.014029989019,0,1,2.76340079308
695,0.014087,0.014029902406,0,1,2.74361014366
696,0.0140899,0.0140298251063,0,1,2.80731606483
697,0.0140811,0.0140297459438,1,1,2.74097514153
698,0.0140923,0.0140296639875,0,1,2.75649905205
699,0.0140858,0.014029587619,0,1,2.74400401115
700,0.0140892,0.0140295075253,0,1,2.74311494827
701,0.0140874,0.0140294274315,0,1,2.7158370018
702,0.0140892,0.0140293370932,0,1,2.73609185219
703,0.0140907,0.0140292523429,0,1,2.73275995255
704,0.0140867,0.0140291722491,0,1,2.73760294914
705,0.0140832,0.0140290921554,0,1,2.72937107086
706,0.0140831,0.0140290167183,0,1,2.73518490791
707,0.0140845,0.0140289394185,0,1,2.68774700165
708,0.0140896,0.0140288574621,0,1,2.71498298645
709,0.0140918,0.0140287736431,0,1,2.74416399002
710,0.0140857,0.0140286907554,0,1,2.74586987495
711,0.0140857,0.0140286069363,0,1,2.72407984734
712,0.01409,0.0140285249799,0,1,2.77460312843
713,0.0140868,0.0140284430236,0,1,2.73158407211
714,0.0140858,0.0140283592045,0,1,2.65701603889
715,0.0140851,0.0140282800421,0,1,2.71570110321
716,0.0140848,0.0140281999484,0,1,2.72751998901
717,0.014086,0.0140281161293,0,1,2.72059702873
718,0.014084,0.0140280406922,0,1,2.71184206009
719,0.014089,0.0140279643238,0,1,2.69504594803
720,0.0140828,0.0140278832987,0,1,2.67754817009
721,0.0140831,0.0140277966857,0,1,2.67746901512
722,0.0140863,0.0140277156606,0,1,2.65765094757
723,0.0140825,0.0140276253223,0,1,2.6556289196
724,0.014087,0.0140275470912,0,1,2.71177792549
725,0.0140855,0.0140274660662,0,1,2.72341990471
726,0.0140828,0.0140273822471,0,1,2.65430307388
727,0.0140861,0.0140272956342,0,1,2.64860391617
728,0.0140888,0.0140272146091,0,1,2.66086697578
729,0.0140901,0.0140271261334,0,1,2.64874410629
730,0.0140826,0.0140270451084,0,1,2.69640207291
731,0.0140834,0.0140269640833,0,1,2.71965312958
732,0.014087,0.0140268867835,0,1,2.66984391212
733,0.014086,0.0140267964453,0,1,2.67077589035
734,0.0140823,0.0140267182142,0,1,2.74938702583
735,0.0140892,0.0140266334638,0,1,2.78350996971
736,0.0140826,0.0140265570953,0,1,2.74390792847
737,0.0140881,0.0140264742076,0,1,2.73962807655
738,0.0140846,0.0140263913199,0,1,2.75304102898
739,0.0140873,0.0140263065696,0,1,2.73892116547
740,0.0140793,0.0140262236819,1,1,2.75132584572
741,0.0140846,0.0140261380002,0,1,2.73574209213
742,0.0140801,0.0140260551125,0,1,2.72436499596
743,0.0140872,0.0140259712934,0,1,2.67049002647
744,0.0140841,0.0140258856118,0,1,2.69013118744
745,0.0140839,0.0140257989988,0,1,2.74076795578
746,0.0140846,0.0140257123858,0,1,2.7257668972
747,0.0140753,0.0140256313607,1,1,2.65636396408
748,0.0140832,0.0140255466104,0,1,2.66151118279
749,0.0140865,0.01402546186,0,1,2.6567940712
750,0.0140836,0.0140253733844,0,1,2.67103695869
751,0.0140817,0.0140252942219,0,1,2.67314696312
752,0.0140792,0.0140252159908,0,1,2.70328402519
753,0.0140821,0.0140251312405,0,1,2.66276216507
754,0.0140816,0.0140250427648,0,1,2.66391205788
755,0.0140831,0.0140249598771,0,1,2.72659087181
756,0.014081,0.0140248760581,0,1,2.66076302528
757,0.0140877,0.0140247885138,0,1,2.71088600159
758,0.0140843,0.0140247056261,0,1,2.66719293594
759,0.014084,0.0140246190131,0,1,2.67947888374
760,0.0140805,0.0140245333314,0,1,2.70510601997
761,0.0140843,0.014024451375,0,1,2.65459513664
762,0.0140821,0.0140243638307,0,1,2.66468286514
763,0.014075,0.0140242772177,1,1,2.73128604889
764,0.0140803,0.0140241906047,0,1,2.74133014679
765,0.0140823,0.0140240993351,0,1,2.7527449131
766,0.0140795,0.0140240108594,0,1,2.74341821671
767,0.0140831,0.0140239279717,0,1,2.68708181381
768,0.0140805,0.0140238460153,0,1,2.72730398178
769,0.0140815,0.0140237594023,0,1,2.73561692238
770,0.0140752,0.0140236737207,0,1,2.74222803116
771,0.0140786,0.014023585245,0,1,2.73326086998
772,0.0140791,0.014023495838,0,1,2.73816800117
773,0.0140813,0.0140234036371,0,1,2.73720622063
774,0.0140798,0.0140233170241,0,1,2.74039196968
775,0.014079,0.0140232313424,0,1,2.73736786842
776,0.014077,0.0140231531113,0,1,2.74155306816
777,0.0140785,0.0140230637044,0,1,2.73539590836
778,0.0140796,0.0140229705721,0,1,2.74828505516
779,0.0140831,0.0140228830278,0,1,2.73426389694
780,0.0140857,0.0140228001401,0,1,2.71407985687
781,0.0140818,0.0140227153897,0,1,2.68618988991
782,0.0140834,0.0140226297081,0,1,2.72461819649
783,0.0140737,0.014022548683,1,1,2.70014810562
784,0.0140745,0.0140224630013,0,1,2.71381306648
785,0.0140757,0.014022372663,0,1,2.65614700317
786,0.0140748,0.0140222841874,0,1,2.71750712395
787,0.0140832,0.0140221938491,0,1,2.73209095001
788,0.0140803,0.0140221053734,0,1,2.745896101
789,0.0140741,0.0140220141038,0,1,2.73571705818
790,0.0140777,0.0140219256282,0,1,2.74850797653
791,0.0140811,0.0140218334273,0,1,2.73050904274
792,0.0140835,0.0140217458829,0,1,2.7403922081
793,0.0140791,0.0140216480941,0,1,2.73455905914
794,0.014078,0.0140215633437,0,1,2.73847389221
795,0.0140725,0.0140214664862,1,1,2.73391318321
796,0.0140759,0.0140213789418,0,1,2.71295309067
797,0.0140781,0.0140212904662,0,1,2.7355890274
798,0.0140798,0.0140212038532,0,1,2.68879699707
799,0.0140846,0.0140211097896,0,1,2.65560984612
800,0.0140768,0.0140210138634,0,1,2.67006182671
801,0.0140764,0.0140209253877,0,1,2.71463704109
802,0.0140758,0.0140208350495,0,1,2.7592420578
803,0.0140761,0.0140207381919,0,1,2.74714708328
804,0.0140746,0.0140206478536,0,1,2.74392104149
805,0.0140774,0.0140205640346,0,1,2.71359491348
806,0.0140716,0.014020472765,1,1,2.65896296501
807,0.0140758,0.0140203796327,0,1,2.73454403877
808,0.0140737,0.0140202883631,0,1,2.73358392715
809,0.0140755,0.0140201961622,0,1,2.72964501381
810,0.0140769,0.0140201058239,0,1,2.74431705475
811,0.0140764,0.0140200164169,0,1,2.73431801796
812,0.0140774,0.0140199232846,0,1,2.73742103577
813,0.0140784,0.0140198329464,0,1,2.7085878849
814,0.0140715,0.0140197407454,1,1,2.66362285614
815,0.0140705,0.0140196476132,1,1,2.65813684464
816,0.0140738,0.0140195535496,0,1,2.68376588821
817,0.014077,0.0140194632113,0,1,2.73366189003
818,0.0140764,0.0140193710104,0,1,2.74928498268
819,0.0140701,0.0140192750841,1,1,2.68637895584
820,0.0140785,0.0140191838145,0,1,2.66837096214
821,0.0140721,0.0140190897509,0,1,2.66577482224
822,0.0140775,0.014019000344,0,1,2.69910407066
823,0.014082,0.0140189090744,0,1,2.65755391121
824,0.0140697,0.0140188178048,1,1,2.65964198112
825,0.0140707,0.0140187274665,0,1,2.65736794472
826,0.0140678,0.0140186361969,1,1,2.65921187401
827,0.014075,0.0140185439959,0,1,2.65533208847
828,0.0140717,0.014018446207,0,1,2.6672399044
829,0.014074,0.0140183493495,0,1,2.65640091896
830,0.0140712,0.0140182590112,0,1,2.67035317421
831,0.0140736,0.014018165879,0,1,2.65591597557
832,0.0140745,0.014018070884,0,1,2.65838813782
833,0.0140688,0.0140179703012,0,1,2.70758008957
834,0.0140717,0.0140178753063,0,1,2.6627240181
835,0.0140692,0.0140177831054,0,1,2.65852689743
836,0.0140679,0.0140176853165,0,1,2.66045403481
837,0.0140694,0.0140175893903,0,1,2.65522813797
838,0.0140705,0.0140174888074,0,1,2.6671860218
839,0.0140742,0.0140173900872,0,1,2.65653896332
840,0.0140701,0.0140172904357,0,1,2.70865678787
841,0.0140742,0.0140172000974,0,1,2.65696382523
842,0.0140651,0.0140171069652,1,1,2.66044712067
843,0.014078,0.014017005451,0,1,2.66186499596
844,0.0140724,0.0140169085935,0,1,2.6612329483
845,0.0140765,0.014016808942,0,1,2.71724820137
846,0.0140721,0.0140167046338,0,1,2.7390089035
847,0.0140662,0.014016606845,0,1,2.72502613068
848,0.014072,0.0140165127814,0,1,2.73767900467
849,0.0140733,0.0140164149925,0,1,2.67568302155
850,0.0140729,0.014016318135,0,1,2.73693299294
851,0.014066,0.0140162194148,0,1,2.73535394669
852,0.0140724,0.0140161225572,0,1,2.74343705177
853,0.0140691,0.0140160182491,0,1,2.73499417305
854,0.0140659,0.0140159204602,0,1,2.74270892143
855,0.0140701,0.0140158189461,0,1,2.7331469059
856,0.0140699,0.0140157155693,0,1,2.73734903336
857,0.0140685,0.0140156177804,0,1,2.72438406944
858,0.0140704,0.0140155199915,0,1,2.71606492996
859,0.0140682,0.0140154222026,0,1,2.71695113182
860,0.0140638,0.0140153225511,1,1,2.65871596336
861,0.0140711,0.0140152219683,0,1,2.65652084351
862,0.0140663,0.0140151195228,0,1,2.66483306885
863,0.0140631,0.0140150198713,1,1,2.70232105255
864,0.0140715,0.0140149220824,0,1,2.73408985138
865,0.0140658,0.0140148205683,0,1,2.73381996155
866,0.0140632,0.0140147199854,0,1,2.67935013771
867,0.0140698,0.0140146175399,0,1,2.65931987762
868,0.0140684,0.0140145113692,0,1,2.66410708427
869,0.0140661,0.014014412649,0,1,2.70095705986
870,0.0140667,0.0140143064782,0,1,2.65834712982
871,0.0140686,0.0140142058954,0,1,2.67309880257
872,0.0140626,0.0140141015872,1,1,2.70372605324
873,0.0140683,0.0140139898285,0,1,2.65787982941
874,0.0140621,0.0140138966963,1,1,2.66786718369
875,0.0140692,0.0140137886629,0,1,2.65563702583
876,0.0140707,0.0140136778355,0,1,2.66110992432
877,0.0140635,0.0140135716647,0,1,2.73074102402
878,0.0140591,0.0140134654939,1,1,2.68797802925
879,0.0140687,0.014013367705,0,1,2.7035279274
880,0.0140607,0.0140132587403,0,1,2.65951681137
881,0.014061,0.0140131562948,0,1,2.65701889992
882,0.0140705,0.014013055712,0,1,2.71822595596
883,0.0140646,0.0140129504725,0,1,2.65940093994
884,0.014062,0.0140128387138,0,1,2.66642999649
885,0.0140655,0.0140127334744,0,1,2.70179605484
886,0.0140672,0.0140126273036,0,1,2.65881586075
887,0.0140674,0.0140125202015,0,1,2.66102600098
888,0.0140647,0.0140124242753,0,1,2.70521402359
889,0.0140605,0.0140123097226,0,1,2.73651409149
890,0.0140613,0.0140122044832,0,1,2.658826828
891,0.0140588,0.0140120992437,1,1,2.65459609032
892,0.0140629,0.0140119930729,0,1,2.66024899483
893,0.0140644,0.0140118841082,0,1,2.65467000008
894,0.0140631,0.0140117844567,0,1,2.71794104576
895,0.0140584,0.0140116754919,1,1,2.65429210663
896,0.0140626,0.0140115665272,0,1,2.66103291512
897,0.0140637,0.0140114566311,0,1,2.65800905228
898,0.0140611,0.0140113430098,0,1,2.66427898407
899,0.0140608,0.0140112414956,0,1,2.67433905602
900,0.014061,0.0140111297369,0,1,2.6924071312
901,0.0140589,0.0140110198408,0,1,2.66936516762
902,0.0140577,0.0140109062195,1,1,2.73837399483
903,0.0140634,0.0140107953921,0,1,2.73755717278
904,0.014063,0.014010685496,0,1,2.7429330349
905,0.0140603,0.0140105737373,0,1,2.73199009895
906,0.0140618,0.0140104629099,0,1,2.74767017365
907,0.0140578,0.0140103492886,0,1,2.66201996803
908,0.0140603,0.0140102431178,0,1,2.73871397972
909,0.0140564,0.0140101304278,1,1,2.73410892487
910,0.0140565,0.0140100196004,0,1,2.6671500206
911,0.0140565,0.0140099003911,0,1,2.67243790627
912,0.0140615,0.014009793289,0,1,2.73780322075
913,0.0140582,0.014009680599,0,1,2.73621606827
914,0.0140564,0.0140095604584,1,1,2.65912699699
915,0.0140551,0.0140094459057,1,1,2.65465402603
916,0.0140567,0.0140093322843,0,1,2.696570158
917,0.0140603,0.014009218663,0,1,2.68169212341
918,0.0140576,0.0140090957284,0,1,2.66748309135
919,0.0140586,0.0140089867637,0,1,2.6557970047
920,0.0140569,0.0140088805929,0,1,2.66108107567
921,0.0140594,0.0140087697655,0,1,2.65999507904
922,0.0140569,0.0140086552128,0,1,2.66028881073
923,0.0140623,0.0140085378662,0,1,2.65615200996
924,0.0140552,0.0140084177256,0,1,2.67018818855
925,0.0140604,0.0140083022416,0,1,2.65836715698
926,0.0140565,0.0140081895515,0,1,2.68496394157
927,0.014057,0.0140080824494,0,1,2.73122787476
928,0.0140538,0.0140079641715,1,1,2.65816307068
929,0.0140562,0.0140078421682,0,1,2.69486713409
930,0.0140571,0.0140077248216,0,1,2.69461512566
931,0.0140558,0.0140076084062,0,1,2.68532204628
932,0.014058,0.014007486403,0,1,2.72122097015
933,0.014059,0.014007368125,0,1,2.71833515167
934,0.0140553,0.0140072451904,0,1,2.7711660862
935,0.0140549,0.0140071222559,0,1,2.72355008125
936,0.0140561,0.0140070030466,0,1,2.79202890396
937,0.0140571,0.014006882906,0,1,2.74191784859
938,0.0140497,0.0140067562461,1,1,2.78213000298
939,0.0140543,0.0140066379681,0,1,2.72533512115
940,0.014056,0.0140065290034,0,1,2.78552794456
941,0.0140536,0.0140064107254,0,1,2.74232506752
942,0.0140541,0.0140062868595,0,1,2.78013277054
943,0.0140492,0.0140061657876,1,1,2.74813199043
944,0.014055,0.014006042853,0,1,2.73098802567
945,0.0140507,0.0140059217811,0,1,2.69718503952
946,0.0140553,0.0140057951212,0,1,2.76363110542
947,0.0140558,0.0140056740493,0,1,2.69186210632
948,0.0140531,0.014005552046,0,1,2.80056500435
949,0.0140487,0.0140054346994,1,1,2.74370884895
950,0.0140537,0.0140053154901,0,1,2.79473900795
951,0.0140536,0.0140051869676,0,1,2.74029707909
952,0.0140489,0.0140050705522,0,1,2.77300906181
953,0.0140536,0.0140049466863,0,1,2.74346494675
954,0.0140528,0.0140048237517,0,1,2.76882195473
955,0.014055,0.0140046915039,0,1,2.72753405571
956,0.0140452,0.0140045667067,1,1,2.77803707123
957,0.014052,0.0140044381842,0,1,2.72739696503
958,0.0140493,0.0140043124557,0,1,2.75496387482
959,0.0140475,0.0140041839331,0,1,2.65588092804
960,0.0140453,0.0140040609986,0,1,2.70362210274
961,0.0140518,0.0140039334074,0,1,2.72112393379
962,0.0140516,0.0140038095415,0,1,2.70570492744
963,0.0140574,0.0140036810189,0,1,2.69058394432
964,0.014049,0.0140035506338,0,1,2.72031903267
965,0.0140496,0.0140034193173,0,1,2.70526194572
966,0.0140433,0.0140032898635,1,1,2.67396998405
967,0.0140539,0.0140031604096,0,1,2.64477109909
968,0.014048,0.0140030253679,0,1,2.71915102005
969,0.0140463,0.014002901502,0,1,2.64446592331
970,0.0140499,0.0140027720481,0,1,2.7171728611
971,0.0140458,0.0140026425943,0,1,2.68962717056
972,0.0140469,0.0140025131404,0,1,2.72561502457
973,0.0140471,0.0140023892745,0,1,2.72056007385
974,0.0140503,0.0140022570267,0,1,2.7274210453
975,0.0140437,0.0140021294355,0,1,2.63948082924
976,0.0140424,0.0140019999817,1,1,2.7295730114
977,0.0140526,0.0140018612146,0,1,2.68271303177
978,0.0140401,0.0140017364174,1,1,2.6595480442
979,0.0140433,0.0140016060323,0,1,2.63612604141
980,0.0140448,0.0140014775097,0,1,2.65676903725
981,0.0140461,0.0140013433993,0,1,2.65496301651
982,0.0140444,0.0140012111515,0,1,2.65699601173
983,0.0140429,0.0140010723844,0,1,2.63791108131
984,0.0140405,0.0140009373426,0,1,2.65621399879
985,0.014046,0.0140007948503,0,1,2.63605284691
986,0.0140477,0.0140006560832,0,1,2.66991782188
987,0.0140412,0.0140005210415,0,1,2.63936710358
988,0.0140424,0.0140003850684,0,1,2.66345882416
989,0.0140421,0.0140002500266,0,1,2.63673782349
990,0.0140453,0.0140001187101,0,1,2.65842890739
991,0.0140429,0.0139999780804,0,1,2.64061379433
992,0.0140428,0.0139998393133,0,1,2.65769600868
993,0.0140419,0.0139996996149,0,1,2.66088104248
994,0.0140407,0.0139995608479,0,1,2.68595504761
995,0.0140434,0.0139994211495,0,1,2.63708686829
996,0.0140371,0.013999289833,1,1,2.65889787674
997,0.0140352,0.0139991510659,1,1,2.63680481911
998,0.0140449,0.0139990113676,0,1,2.65762615204
999,0.0140411,0.0139988679439,0,1,2.6440141201
1000,0.0140389,0.0139987273142,0,1,2.68223404884
1001,0.0140408,0.013998594135,0,1,2.66191101074
1002,0.0140441,0.0139984590933,0,1,2.65947008133
1003,0.0140345,0.0139983175322,1,1,2.68288707733
1004,0.0140437,0.0139981731772,0,1,2.66807079315
1005,0.0140378,0.0139980353415,0,1,2.63889503479
1006,0.0140435,0.0139978984371,0,1,2.66057395935
1007,0.0140393,0.0139977559447,0,1,2.63772916794
1008,0.0140393,0.0139976041391,0,1,2.65756320953
1009,0.0140437,0.0139974569902,0,1,2.6402349472
1010,0.0140434,0.0139973191544,0,1,2.65893912315
1011,0.0140441,0.0139971775934,0,1,2.66482901573
1012,0.0140408,0.0139970323071,0,1,2.73763990402
1013,0.0140421,0.0139968823642,0,1,2.63898491859
1014,0.0140387,0.0139967389405,0,1,2.65769004822
1015,0.014038,0.0139966001734,0,1,2.68956804276
1016,0.0140319,0.0139964567497,1,1,2.67158603668
1017,0.0140371,0.0139963040128,0,1,2.64441895485
1018,0.0140444,0.013996148482,0,1,2.65913009644
1019,0.014037,0.0139959966764,0,1,2.64282917976
1020,0.0140393,0.0139958504587,0,1,2.6595351696
1021,0.0140378,0.0139956958592,0,1,2.63666605949
1022,0.0140368,0.013995542191,0,1,2.71726799011
1023,0.014036,0.013995397836,0,1,2.63545298576
1024,0.0140305,0.0139952450991,1,1,2.65716409683
1025,0.014034,0.0139951016754,0,1,2.68053889275
1026,0.0140329,0.0139949526638,0,1,2.66857385635
1027,0.0140309,0.0139948045835,0,1,2.65629816055
1028,0.0140386,0.0139946518466,0,1,2.65901994705
1029,0.0140323,0.0139944991097,0,1,2.64527797699
1030,0.0140367,0.0139943547547,0,1,2.65632605553
1031,0.0140331,0.0139942103997,0,1,2.68698191643
1032,0.0140264,0.0139940567315,1,1,2.66593599319
1033,0.0140339,0.0139939030632,0,1,2.63790798187
1034,0.0140343,0.0139937484637,0,1,2.66511106491
1035,0.0140331,0.0139935929328,0,1,2.63945913315
1036,0.0140351,0.0139934457839,0,1,2.6573741436
1037,0.0140316,0.0139932809398,0,1,2.64006209373
1038,0.0140279,0.0139931319281,0,1,2.65764403343
1039,0.0140321,0.0139929819852,0,1,2.63721489906
1040,0.0140343,0.0139928245917,0,1,2.6578400135
1041,0.0140335,0.0139926653355,0,1,2.69313287735
1042,0.014034,0.0139925144613,0,1,2.65600299835
1043,0.0140314,0.0139923626557,0,1,2.63695383072
1044,0.014031,0.0139922024682,0,1,2.65983486176
1045,0.0140321,0.0139920376241,0,1,2.65068292618
1046,0.0140274,0.0139918914065,0,1,2.67636013031
1047,0.0140287,0.0139917368069,0,1,2.67069911957
1048,0.0140288,0.0139915756881,0,1,2.65823888779
1049,0.0140307,0.0139914182946,0,1,2.63854384422
1050,0.0140319,0.0139912618324,0,1,2.66659593582
1051,0.0140233,0.0139911025763,1,1,2.6407160759
1052,0.0140288,0.0139909386635,0,1,2.65652108192
1053,0.0140286,0.013990775682,0,1,2.64019298553
1054,0.0140249,0.0139906145632,0,1,2.6588768959
1055,0.0140317,0.0139904506505,0,1,2.64195013046
1056,0.0140259,0.0139902932569,0,1,2.65881109238
1057,0.0140237,0.0139901302755,0,1,2.63924789429
1058,0.0140281,0.0139899719507,0,1,2.65676593781
1059,0.0140338,0.0139898099005,0,1,2.63760519028
1060,0.0140256,0.0139896450564,0,1,2.67002797127
1061,0.0140266,0.0139894848689,0,1,2.66584300995
1062,0.0140258,0.0139893200248,0,1,2.69326305389
1063,0.014026,0.0139891579747,0,1,2.63784313202
1064,0.0140291,0.0139889819548,0,1,2.71951293945
1065,0.014019,0.0139888115227,1,1,2.6380739212
1066,0.0140227,0.0139886485413,0,1,2.65768194199
1067,0.0140218,0.0139884790406,0,1,2.69957590103
1068,0.0140274,0.0139883188531,0,1,2.72919106483
1069,0.014025,0.0139881474897,0,1,2.64356184006
1070,0.0140223,0.0139879845083,0,1,2.65674901009
1071,0.0140231,0.0139878196642,0,1,2.64020419121
1072,0.0140198,0.0139876557514,0,1,2.68926000595
1073,0.0140195,0.0139874890447,0,1,2.66852903366
1074,0.0140215,0.0139873074368,0,1,2.70785307884
1075,0.0140222,0.0139871267602,0,1,2.64084815979
1076,0.0140248,0.0139869572595,0,1,2.65754318237
1077,0.0140256,0.0139867905527,0,1,2.69142389297
1078,0.0140207,0.0139866182581,0,1,2.70512795448
1079,0.0140189,0.0139864552766,1,1,2.66001105309
1080,0.0140219,0.013986280188,0,1,2.65931916237
1081,0.0140168,0.0139861023054,1,1,2.64008617401
1082,0.0140177,0.0139859374613,0,1,2.66664910316
1083,0.0140194,0.0139857651666,0,1,2.69792294502
1084,0.0140182,0.0139855900779,0,1,2.66094183922
1085,0.0140225,0.0139854187146,0,1,2.63842892647
1086,0.0140169,0.0139852548018,0,1,2.66094398499
1087,0.0140178,0.0139850834385,0,1,2.67304611206
1088,0.0140152,0.0139849130064,1,1,2.7234890461
1089,0.0140112,0.0139847397804,1,1,2.68885612488
1090,0.0140161,0.0139845665544,0,1,2.65751981735
1091,0.0140187,0.0139844017103,0,1,2.68087100983
1092,0.0140143,0.0139842228964,0,1,2.66436100006
1093,0.0140215,0.0139840422198,0,1,2.63970685005
1094,0.0140198,0.0139838559553,0,1,2.66727495193
1095,0.0140128,0.0139836724848,0,1,2.63598299026
1096,0.0140124,0.0139834973961,0,1,2.65613794327
1097,0.014015,0.0139833223075,0,1,2.64045190811
1098,0.0140127,0.0139831528068,0,1,2.65855193138
1099,0.0140126,0.0139829730615,0,1,2.64152097702
1100,0.014016,0.0139827961102,0,1,2.65819978714
1101,0.0140121,0.013982616365,0,1,2.6401488781
1102,0.0140145,0.0139824440703,0,1,2.70726799965
1103,0.0140111,0.0139822633937,1,1,2.63913798332
1104,0.014015,0.0139820724726,0,1,2.65890693665
1105,0.014012,0.0139818862081,0,1,2.64333200455
1106,0.0140131,0.0139817064628,0,1,2.71146512032
1107,0.0140149,0.0139815127477,0,1,2.67834281921
1108,0.0140145,0.0139813330024,0,1,2.67567014694
1109,0.0140091,0.0139811430126,1,1,2.69926691055
1110,0.0140105,0.0139809614047,0,1,2.65859293938
1111,0.0140115,0.0139807797968,0,1,2.63906288147
1112,0.014012,0.0139805963263,0,1,2.65990400314
1113,0.0140092,0.013980422169,0,1,2.63868808746
1114,0.0140123,0.0139802377671,0,1,2.65786194801
1115,0.014011,0.0139800524339,0,1,2.63774991035
1116,0.0140118,0.0139798717573,0,1,2.65675520897
1117,0.0140097,0.0139796761796,0,1,2.65544891357
1118,0.0140143,0.0139794973657,0,1,2.65846395493
1119,0.0140081,0.0139793157578,1,1,2.64973592758
1120,0.0140039,0.0139791341498,1,1,2.68171405792
1121,0.0140047,0.0139789367095,0,1,2.66083502769
1122,0.0140031,0.0139787541702,1,1,2.66663789749
1123,0.0140102,0.0139785623178,0,1,2.65917110443
1124,0.014003,0.0139783779159,1,1,2.69994902611
1125,0.0140069,0.013978167437,0,1,2.63743495941
1126,0.0140146,0.0139779802412,0,1,2.65569090843
1127,0.0140097,0.0139777893201,0,1,2.67956900597
1128,0.0140015,0.0139775937423,1,1,2.67000699043
1129,0.0140015,0.0139774074778,0,1,2.64052796364
1130,0.014003,0.0139772184193,0,1,2.65812397003
1131,0.0140003,0.0139770237729,1,1,2.63820004463
1132,0.0140024,0.0139768356457,0,1,2.65576791763
1133,0.0140031,0.0139766298234,0,1,2.63805699348
1134,0.0139985,0.0139764389023,1,1,2.65523290634
1135,0.0140049,0.0139762340114,0,1,2.65108990669
1136,0.0140012,0.0139760393649,0,1,2.65955400467
1137,0.0140055,0.0139758521691,0,1,2.64264011383
1138,0.0140095,0.0139756575227,0,1,2.65913295746
1139,0.0140065,0.0139754619449,0,1,2.63860297203
1140,0.0139976,0.0139752728865,1,1,2.66861701012
1141,0.0139996,0.0139750735834,0,1,2.69041705132
1142,0.0140036,0.0139748668298,0,1,2.6893799305
1143,0.0140024,0.0139746544883,0,1,2.64049887657
1144,0.014007,0.0139744514599,0,1,2.65707612038
1145,0.0139979,0.0139742624015,0,1,2.68749308586
1146,0.0140009,0.0139740686864,0,1,2.66464090347
1147,0.0139975,0.0139738544822,1,1,2.63610816002
1148,0.0139996,0.0139736495912,0,1,2.65830802917
1149,0.0140018,0.0139734596014,0,1,2.6392428875
1150,0.0140047,0.0139732565731,0,1,2.71503520012
1151,0.0139966,0.0139730609953,1,1,2.65622997284
1152,0.0139975,0.0139728561044,0,1,2.65692305565
1153,0.0139974,0.0139726642519,0,1,2.64845180511
1154,0.0139959,0.0139724453911,1,1,2.65785288811
1155,0.0140003,0.0139722377062,0,1,2.64033007622
1156,0.0139967,0.0139720300213,0,1,2.68754410744
1157,0.0140025,0.0139718316495,0,1,2.65939188004
1158,0.0139967,0.0139716332778,0,1,2.7456240654
1159,0.0139897,0.0139714423567,1,1,2.71263813972
1160,0.0139976,0.0139712309465,0,1,2.74013805389
1161,0.0139955,0.0139710577205,0,1,2.69366192818
1162,0.0139889,0.0139708360657,1,1,2.6534819603
1163,0.0139888,0.0139706069604,1,1,2.63778495789
1164,0.0139897,0.0139703983441,0,1,2.65615010262
1165,0.0139932,0.0139702009037,0,1,2.64763402939
1166,0.0139931,0.0139699885622,0,1,2.73421907425
1167,0.0139948,0.0139697780833,0,1,2.71491503716
1168,0.0139933,0.0139695750549,0,1,2.66704297066
1169,0.0139912,0.0139693431556,0,1,2.71234607697
1170,0.013985,0.0139691308141,1,1,2.66901493073
1171,0.0139875,0.013968934305,0,1,2.65434598923
1172,0.0139883,0.013968732208,0,1,2.65432691574
1173,0.0139879,0.0139685189351,0,1,2.65027689934
1174,0.0139845,0.013968304731,1,1,2.69424009323
1175,0.0139892,0.0139680914581,0,1,2.63680791855
1176,0.013986,0.013967871666,0,1,2.66369986534
1177,0.0139809,0.0139676732942,1,1,2.63594794273
1178,0.0139884,0.0139674488455,0,1,2.68462204933
1179,0.0139919,0.0139672467485,0,1,2.66289901733
1180,0.0139918,0.0139670139179,0,1,2.65442991257
1181,0.013991,0.013966797851,0,1,2.64043307304
1182,0.0139863,0.0139666078612,0,1,2.65550088882
1183,0.0139864,0.0139663899317,0,1,2.63986182213
1184,0.0139829,0.0139661589637,0,1,2.69935512543
1185,0.0139862,0.0139659410343,0,1,2.67006802559
1186,0.0139843,0.0139657249674,0,1,2.69067597389
1187,0.0139869,0.0139655135572,0,1,2.68299603462
1188,0.0139885,0.0139652974904,0,1,2.6630718708
1189,0.0139832,0.0139650860801,0,1,2.64902114868
1190,0.013984,0.0139648523182,0,1,2.6541390419
1191,0.0139841,0.0139646446332,0,1,2.63966107368
1192,0.0139831,0.0139644257724,0,1,2.65564990044
1193,0.0139873,0.0139642199501,0,1,2.63576602936
1194,0.0139813,0.0139639703557,0,1,2.67810702324
1195,0.0139822,0.0139637533575,0,1,2.71462011337
1196,0.0139786,0.013963514939,1,1,2.73992991447
1197,0.0139812,0.0139632904902,0,1,2.71776485443
1198,0.0139781,0.013963081874,1,1,2.73362421989
1199,0.0139799,0.0139628592879,0,1,2.71496510506
1200,0.0139781,0.0139626469463,0,1,2.71031403542
1201,0.0139783,0.0139624299482,0,1,2.71477603912
1202,0.013979,0.0139622082934,0,1,2.73237514496
1203,0.0139784,0.0139620015398,0,1,2.71590709686
1204,0.0139763,0.0139617780223,1,1,2.72733712196
1205,0.0139738,0.0139615470544,1,1,2.71756386757
1206,0.0139727,0.0139613132924,1,1,2.73374414444
1207,0.0139748,0.0139610599726,0,1,2.71502900124
1208,0.0139759,0.013960824348,0,1,2.73125815392
1209,0.013978,0.0139605971053,0,1,2.71783804893
1210,0.0139733,0.0139603707939,0,1,2.73315215111
1211,0.0139784,0.0139601491392,0,1,2.71656107903
1212,0.0139725,0.0139599302784,1,1,2.71813607216
1213,0.0139771,0.0139596834779,0,1,2.71322798729
1214,0.013972,0.0139594459906,1,1,2.73317098618
1215,0.0139749,0.0139592373744,0,1,2.69606804848
1216,0.0139721,0.0139590101317,0,1,2.71322607994
1217,0.0139754,0.013958774507,0,1,2.63626098633
1218,0.01397,0.013958551921,1,1,2.70350503922
1219,0.0139696,0.0139583256096,1,1,2.64437603951
1220,0.0139706,0.0139580676332,0,1,2.65549492836
1221,0.0139707,0.0139578459784,0,1,2.63815188408
1222,0.0139699,0.0139576075599,0,1,2.65584111214
1223,0.0139708,0.0139573784545,0,1,2.64046692848
1224,0.0139721,0.0139571623877,0,1,2.66137003899
1225,0.0139733,0.0139569435269,0,1,2.67907786369
1226,0.0139637,0.0139567088336,1,1,2.67213797569
1227,0.0139668,0.0139564760029,0,1,2.6683549881
1228,0.013965,0.013956242241,0,1,2.66488409042
1229,0.0139704,0.0139560140669,0,1,2.63642287254
1230,0.01397,0.0139557523653,0,1,2.69652080536
1231,0.0139673,0.0139555269852,0,1,2.65295100212
1232,0.013965,0.0139552662149,0,1,2.65685582161
1233,0.0139619,0.0139550566673,1,1,2.63905215263
1234,0.013968,0.0139548080042,0,1,2.65545797348
1235,0.0139659,0.0139545537531,0,1,2.63768601418
1236,0.0139648,0.013954331167,0,1,2.67434692383
1237,0.0139643,0.0139540862292,0,1,2.66751503944
1238,0.0139675,0.0139538394287,0,1,2.67459607124
1239,0.0139628,0.0139535814524,0,1,2.66703987122
1240,0.0139624,0.0139533169568,0,1,2.65350818634
1241,0.0139684,0.0139531074092,0,1,2.63970899582
1242,0.0139669,0.013952867128,0,1,2.69899487495
1243,0.0139577,0.0139526221901,1,1,2.66481900215
1244,0.0139576,0.0139523586258,1,1,2.66774296761
1245,0.0139594,0.0139521313831,0,1,2.67462205887
1246,0.0139562,0.0139519209042,1,1,2.66337203979
1247,0.0139609,0.0139516629279,0,1,2.63694405556
1248,0.0139525,0.0139514096081,1,1,2.66084218025
1249,0.0139597,0.0139511357993,0,1,2.69010710716
1250,0.0139585,0.0139509048313,0,1,2.65360784531
1251,0.0139534,0.0139506654814,0,1,2.69422292709
1252,0.0139622,0.0139504289255,0,1,2.65475416183
1253,0.0139538,0.0139502119273,0,1,2.63737106323
1254,0.0139551,0.0139499539509,0,1,2.65249586105
1255,0.013955,0.0139496922493,0,1,2.64350914955
1256,0.0139575,0.013949431479,0,1,2.69894099236
1257,0.0139588,0.0139491567388,0,1,2.6373500824
1258,0.0139584,0.0139489229769,0,1,2.65492081642
1259,0.0139525,0.0139486873522,1,1,2.67900514603
1260,0.0139574,0.0139484256506,0,1,2.73608899117
1261,0.0139538,0.0139481825754,0,1,2.71371102333
1262,0.0139584,0.0139479003847,0,1,2.73296904564
1263,0.0139529,0.0139476815239,0,1,2.71693587303
1264,0.0139473,0.0139474142343,1,1,2.70210409164
1265,0.0139535,0.0139471646398,0,1,2.71449804306
1266,0.013955,0.0139469346032,0,1,2.7369530201
1267,0.0139533,0.0139466766268,0,1,2.70029902458
1268,0.0139501,0.0139464167878,0,1,2.65246200562
1269,0.0139482,0.0139461755753,0,1,2.6905400753
1270,0.0139503,0.0139459399506,0,1,2.65300989151
1271,0.0139424,0.013945646584,1,1,2.6383228302
1272,0.013949,0.0139453550801,0,1,2.65666508675
1273,0.0139482,0.0139450998977,0,1,2.63809204102
1274,0.0139526,0.0139448661357,0,1,2.70857000351
1275,0.0139416,0.0139446267858,1,1,2.63590502739
1276,0.0139481,0.0139443743974,0,1,2.65678882599
1277,0.0139477,0.0139441387728,0,1,2.64998698235
1278,0.0139485,0.0139438733459,0,1,2.65308499336
1279,0.0139493,0.0139436135069,0,1,2.63882708549
1280,0.0139472,0.013943336904,0,1,2.65512704849
1281,0.0139491,0.0139431133866,0,1,2.63884806633
1282,0.0139466,0.0139428600669,0,1,2.66435599327
1283,0.013946,0.0139426169917,0,1,2.63954305649
1284,0.0139478,0.0139423422515,0,1,2.65510511398
1285,0.0139415,0.0139420740306,1,1,2.64535903931
1286,0.0139416,0.0139418393373,0,1,2.65577816963
1287,0.0139424,0.013941581361,0,1,2.63903808594
1288,0.0139417,0.013941318728,0,1,2.6536989212
1289,0.013942,0.0139410290867,0,1,2.63730692863
1290,0.0139373,0.0139407683164,1,1,2.65303611755
1291,0.0139387,0.0139404442161,0,1,2.69563293457
1292,0.0139384,0.0139401759952,0,1,2.73377299309
1293,0.0139345,0.0139398993924,1,1,2.71331906319
1294,0.0139447,0.0139396665618,0,1,2.71105408669
1295,0.0139402,0.0139394355938,0,1,2.7059700489
1296,0.013934,0.0139391785488,1,1,2.72976708412
1297,0.0139412,0.0139388982207,0,1,2.71823000908
1298,0.0139347,0.0139386169612,0,1,2.73072290421
1299,0.0139378,0.0139383599162,0,1,2.71300697327
1300,0.013938,0.0139380889013,0,1,2.72866606712
1301,0.0139334,0.0139378327876,1,1,2.63625311852
1302,0.0139373,0.0139375627041,0,1,2.66314888
1303,0.0139364,0.0139373028651,0,1,2.66141104698
1304,0.01393,0.0139370625839,1,1,2.71887016296
1305,0.0139328,0.013936823234,0,1,2.71568799019
1306,0.0139313,0.0139365550131,0,1,2.66122484207
1307,0.0139311,0.01393624302,0,1,2.63678693771
1308,0.013935,0.0139359878376,0,1,2.65445208549
1309,0.0139296,0.0139357028529,1,1,2.63773703575
1310,0.0139326,0.0139354551211,0,1,2.67587399483
1311,0.01393,0.0139351543039,0,1,2.66357898712
1312,0.013929,0.0139348804951,1,1,2.65400791168
1313,0.0139305,0.0139346141368,0,1,2.65499305725
1314,0.0139291,0.0139343002811,0,1,2.71732997894
1315,0.0139256,0.0139340609312,1,1,2.69002199173
1316,0.0139279,0.0139337694272,0,1,2.72784805298
1317,0.0139262,0.0139334900305,0,1,2.6410138607
1318,0.0139236,0.0139331975952,1,1,2.66045284271
1319,0.0139278,0.0139329656959,0,1,2.6367559433
1320,0.0139271,0.0139327244833,0,1,2.71400904655
1321,0.0139274,0.0139324208722,0,1,2.63762998581
1322,0.0139311,0.0139321479946,0,1,2.65439796448
1323,0.0139256,0.0139318779111,0,1,2.63968992233
1324,0.0139193,0.0139316106215,1,1,2.66532301903
1325,0.013923,0.0139313433319,0,1,2.67498707771
1326,0.0139218,0.0139310322702,0,1,2.65534615517
1327,0.0139236,0.0139307565987,0,1,2.63612413406
1328,0.0139213,0.0139304706827,0,1,2.65429711342
1329,0.0139215,0.0139301689342,0,1,2.63733100891
1330,0.0139195,0.0139299416915,0,1,2.6544778347
1331,0.0139196,0.0139296492562,0,1,2.6491150856
1332,0.0139229,0.0139293391258,0,1,2.70943307877
1333,0.0139152,0.0139290718362,1,1,2.69780087471
1334,0.0139202,0.0139288250357,0,1,2.65645098686
1335,0.0139217,0.0139285773039,0,1,2.63960719109
1336,0.0139162,0.0139282718301,0,1,2.66219997406
1337,0.0139183,0.013927962631,0,1,2.71368789673
1338,0.0139131,0.0139276515692,1,1,2.74165201187
1339,0.013915,0.0139273526147,0,1,2.71463108063
1340,0.0139242,0.0139270611107,0,1,2.67036700249
1341,0.0139193,0.0139268357307,0,1,2.67513203621
1342,0.0139148,0.0139264948666,0,1,2.73399496078
1343,0.0139134,0.0139262089506,0,1,2.71430683136
1344,0.0139158,0.0139258680865,0,1,2.73654007912
1345,0.0139169,0.013925655745,0,1,2.70479607582
1346,0.0139122,0.0139253996313,1,1,2.74130582809
1347,0.0139117,0.0139251062647,1,1,2.63739800453
1348,0.0139126,0.0139248017222,0,1,2.65340709686
1349,0.0139142,0.0139244673774,0,1,2.66121792793
1350,0.0139089,0.0139242047444,1,1,2.65541005135
1351,0.0139076,0.0139239504933,1,1,2.72720003128
1352,0.0139097,0.0139236478135,0,1,2.73203706741
1353,0.0139044,0.0139233386144,1,1,2.63912296295
1354,0.0139045,0.0139230294153,0,1,2.66527986526
1355,0.0139056,0.0139227723703,0,1,2.63537502289
1356,0.0139092,0.0139224966988,0,1,2.66362500191
1357,0.0139113,0.0139222145081,0,1,2.63727378845
1358,0.0139098,0.0139219714329,0,1,2.70799612999
1359,0.013907,0.0139216640964,0,1,2.63959503174
1360,0.0139087,0.0139213809744,0,1,2.65284180641
1361,0.0139034,0.0139211071655,1,1,2.63795614243
1362,0.0139008,0.0139208137989,1,1,2.66138911247
1363,0.0139056,0.0139204720035,0,1,2.68032002449
1364,0.0139034,0.0139201767743,0,1,2.69477200508
1365,0.0139028,0.0139198852703,0,1,2.69623804092
1366,0.0139063,0.0139196496457,0,1,2.6547729969
1367,0.0138931,0.0139193898067,1,1,2.66050291061
1368,0.0138996,0.0139190806076,0,1,2.7119910717
1369,0.0138987,0.0139187434688,0,1,2.64908504486
1370,0.0138967,0.0139184677973,0,1,2.65617513657
1371,0.013897,0.0139181613922,0,1,2.68936395645
1372,0.0139028,0.0139178484678,0,1,2.74534201622
1373,0.013904,0.0139175588265,0,1,2.69238996506
1374,0.0138991,0.0139172226191,0,1,2.7367041111
1375,0.0139035,0.0139169255272,0,1,2.71416091919
1376,0.0138919,0.0139166517183,1,1,2.73509812355
1377,0.0138973,0.0139164151624,0,1,2.67355203629
1378,0.0138965,0.013916128315,0,1,2.6662800312
1379,0.0138921,0.0139158079401,0,1,2.67659091949
1380,0.0138941,0.0139155033976,0,1,2.65300607681
1381,0.0139003,0.0139151634648,0,1,2.69457697868
1382,0.0138961,0.0139149017632,0,1,2.66417908669
1383,0.0138928,0.0139146596193,0,1,2.66881108284
1384,0.0138916,0.013914309442,1,1,2.67603397369
1385,0.0138916,0.0139139955863,0,1,2.63918304443
1386,0.0138922,0.0139137264341,0,1,2.70860600471
1387,0.0138922,0.0139133809134,0,1,2.64071702957
1388,0.0138902,0.0139131126925,1,1,2.65587186813
1389,0.0138934,0.0139128146693,0,1,2.63901400566
1390,0.0138914,0.0139124747366,0,1,2.70415115356
1391,0.0138846,0.0139121571556,1,1,2.64322400093
1392,0.013886,0.0139118516818,0,1,2.663408041
1393,0.0138877,0.0139115648344,0,1,2.6362080574
1394,0.0138913,0.013911286369,0,1,2.69370889664
1395,0.0138952,0.0139110460877,0,1,2.65605688095
1396,0.0138843,0.0139106698334,1,1,2.65562200546
1397,0.0138849,0.0139103811234,0,1,2.63800692558
1398,0.0138822,0.0139100719243,1,1,2.65441894531
1399,0.0138888,0.0139098037034,0,1,2.63930392265
1400,0.0138838,0.0139094088227,0,1,2.65482902527
1401,0.0138827,0.0139091080055,0,1,2.63957500458
1402,0.0138815,0.0139088081196,1,1,2.65471220016
1403,0.0138846,0.0139084970579,0,1,2.63659596443
1404,0.0138775,0.0139082092792,1,1,2.7170779705
1405,0.0138811,0.013907882385,0,1,2.63952302933
1406,0.0138776,0.013907616958,0,1,2.68006300926
1407,0.0138821,0.0139072891325,0,1,2.6682870388
1408,0.013881,0.0139070050791,0,1,2.65386390686
1409,0.0138811,0.0139066884294,0,1,2.69196605682
1410,0.0138782,0.013906378299,0,1,2.71738696098
1411,0.0138791,0.0139061417431,0,1,2.6397998333
1412,0.0138773,0.0139058195055,1,1,2.66430497169
1413,0.0138773,0.0139055792242,0,1,2.68191885948
1414,0.0138746,0.01390525233,1,1,2.66521406174
1415,0.0138713,0.0139048900455,1,1,2.70384311676
1416,0.0138745,0.0139046125114,0,1,2.67589783669
1417,0.0138709,0.0139042846859,1,1,2.64636588097
1418,0.0138761,0.0139039373025,0,1,2.65534901619
1419,0.0138764,0.0139036504552,0,1,2.6411459446
1420,0.0138706,0.0139033189043,1,1,2.65547800064
1421,0.0138682,0.0139030124992,1,1,2.64841508865
1422,0.0138743,0.0139027107507,0,1,2.70413994789
1423,0.0138725,0.0139024239033,0,1,2.63710403442
1424,0.013873,0.01390207652,0,1,2.71051692963
1425,0.0138697,0.0139017105103,0,1,2.6464471817
1426,0.0138726,0.0139013752341,0,1,2.65421414375
1427,0.0138684,0.0139011619613,0,1,2.64949798584
1428,0.0138686,0.0139007903636,0,1,2.7347779274
1429,0.0138646,0.0139004932716,1,1,2.71657204628
1430,0.0138696,0.0139001617208,0,1,2.73299908638
1431,0.0138674,0.0138998329639,0,1,2.66032409668
1432,0.0138637,0.0138995014131,1,1,2.65649199486
1433,0.0138663,0.0138992099091,0,1,2.63568401337
1434,0.0138646,0.0138989267871,0,1,2.65375304222
1435,0.0138589,0.0138985849917,1,1,2.6463470459
1436,0.0138689,0.0138982608914,0,1,2.70809602737
1437,0.0138626,0.0138979544863,0,1,2.63964891434
1438,0.0138671,0.0138976555318,0,1,2.65435385704
1439,0.0138599,0.0138973398134,0,1,2.65281414986
1440,0.0138575,0.013897084631,1,1,2.7411711216
1441,0.0138597,0.0138967297971,0,1,2.71193695068
1442,0.0138635,0.013896449469,0,1,2.66824507713
1443,0.0138616,0.0138961076736,0,1,2.63997220993
1444,0.0138607,0.0138958021998,0,1,2.72919106483
1445,0.0138622,0.0138955302536,0,1,2.66937708855
1446,0.0138629,0.0138951689005,0,1,2.67549920082
1447,0.013865,0.0138948252425,0,1,2.71695590019
1448,0.0138641,0.0138945532963,0,1,2.73621320724
1449,0.0138605,0.0138942040503,0,1,2.71843981743
1450,0.0138582,0.0138939255849,0,1,2.65634417534
1451,0.0138537,0.0138936052099,1,1,2.64081096649
1452,0.0138612,0.0138932624832,0,1,2.67288589478
1453,0.0138562,0.0138929653913,0,1,2.68054199219
1454,0.0138572,0.0138926692307,0,1,2.66197395325
1455,0.0138576,0.0138923190534,0,1,2.69303798676
1456,0.013853,0.0138919930905,1,1,2.65730214119
1457,0.0138558,0.0138916568831,0,1,2.64267277718
1458,0.0138497,0.0138913299888,1,1,2.65611791611
1459,0.0138504,0.0138910571113,0,1,2.64147782326
1460,0.0138448,0.0138907488436,1,1,2.69470405579
1461,0.0138534,0.0138904070482,0,1,2.67607283592
1462,0.0138453,0.0138901220635,0,1,2.71404290199
1463,0.0138547,0.0138897849247,0,1,2.71516799927
1464,0.0138476,0.0138894496486,0,1,2.74469184875
1465,0.01385,0.013889124617,0,1,2.70957183838
1466,0.0138518,0.0138888405636,0,1,2.71139502525
1467,0.0138468,0.0138885714114,0,1,2.71154212952
1468,0.013849,0.0138882147148,0,1,2.73301196098
1469,0.0138423,0.0138878664002,1,1,2.64461803436
1470,0.0138459,0.0138875432312,0,1,2.65497589111
1471,0.0138417,0.0138872442767,1,1,2.69009208679
1472,0.0138433,0.0138868829235,0,1,2.6644949913
1473,0.0138427,0.0138866482303,0,1,2.69190788269
1474,0.0138461,0.0138862524182,0,1,2.6581890583
1475,0.0138403,0.0138859255239,1,1,2.63871693611
1476,0.0138463,0.0138855809346,0,1,2.65329194069
1477,0.0138429,0.0138852186501,0,1,2.64185094833
1478,0.0138391,0.0138849131763,1,1,2.72253799438
1479,0.0138476,0.013884620741,0,1,2.71583294868
1480,0.0138351,0.0138843394816,1,1,2.73285293579
1481,0.0138403,0.0138841113076,0,1,2.71700406075
1482,0.0138366,0.0138836586848,0,1,2.73936700821
1483,0.0138328,0.013883405365,1,1,2.71729302406
1484,0.0138384,0.0138830710202,0,1,2.73896217346
1485,0.0138356,0.0138827413321,0,1,2.71628594398
1486,0.0138335,0.0138824228197,0,1,2.73195290565
1487,0.0138347,0.0138820344582,0,1,2.71951889992
1488,0.0138407,0.0138816945255,0,1,2.73186898232
1489,0.0138329,0.0138813862577,0,1,2.67208981514
1490,0.0138357,0.0138810956851,0,1,2.65671896935
1491,0.0138265,0.0138807538897,1,1,2.64208197594
1492,0.0138356,0.0138804614544,0,1,2.71174907684
1493,0.0138303,0.0138801941648,0,1,2.64036107063
1494,0.013832,0.0138797815889,0,1,2.71202802658
1495,0.0138316,0.0138794444501,0,1,2.71823000908
1496,0.0138294,0.0138791594654,0,1,2.696144104
1497,0.0138325,0.0138787738979,0,1,2.66161298752
1498,0.0138303,0.013878474012,0,1,2.65261697769
1499,0.0138359,0.0138781210408,0,1,2.63842797279
1500,0.013834,0.0138778546825,0,1,2.66556096077
1501,0.0138311,0.0138776013628,0,1,2.64235401154
1502,0.0138244,0.0138772241771,1,1,2.66376805305
1503,0.0138312,0.0138768963516,0,1,2.68037104607
1504,0.0138222,0.0138765238225,1,1,2.67692518234
1505,0.013824,0.0138762434945,0,1,2.72113990784
1506,0.0138282,0.0138758243993,0,1,2.65593886375
1507,0.013823,0.0138755720109,0,1,2.63951086998
1508,0.0138223,0.0138752507046,0,1,2.65260720253
1509,0.0138221,0.0138748120517,1,1,2.64020514488
1510,0.0138265,0.0138745550066,0,1,2.65666794777
1511,0.0138249,0.0138742756099,0,1,2.64137101173
1512,0.0138213,0.013873883523,1,1,2.70691800117
1513,0.0138188,0.0138734644279,1,1,2.67372608185
1514,0.0138224,0.0138731794432,0,1,2.69159197807
1515,0.0138243,0.0138728898019,0,1,2.64915084839
1516,0.013817,0.0138726281002,1,1,2.65318989754
1517,0.0138233,0.0138723477721,0,1,2.64084196091
1518,0.0138157,0.0138719221577,1,1,2.66182804108
1519,0.0138137,0.0138716008514,1,1,2.64051580429
1520,0.0138238,0.0138713549823,0,1,2.71733784676
1521,0.0138169,0.0138710066676,0,1,2.64117503166
1522,0.0138143,0.01387068443,0,1,2.6531867981
1523,0.0138096,0.013870427385,1,1,2.64485001564
1524,0.0138173,0.0138700325042,0,1,2.65613102913
1525,0.0138138,0.0138697270304,0,1,2.64110898972
1526,0.0138148,0.0138694075868,0,1,2.65431213379
1527,0.0138156,0.0138690350577,0,1,2.64296507835
1528,0.013811,0.0138688255101,0,1,2.65483307838
1529,0.0138079,0.0138685144484,1,1,2.64222288132
1530,0.013815,0.0138682024553,0,1,2.65471291542
1531,0.013807,0.0138678438962,1,1,2.65364789963
1532,0.0138124,0.0138674890622,0,1,2.65250992775
1533,0.0138099,0.0138672636822,0,1,2.64299297333
1534,0.0138105,0.0138668566942,0,1,2.69106507301
1535,0.013811,0.0138665493578,0,1,2.65488696098
1536,0.0138099,0.0138661740348,0,1,2.6638610363
1537,0.0138071,0.0138658229262,0,1,2.64022493362
1538,0.0138123,0.0138654755428,0,1,2.65370202065
1539,0.0138069,0.0138651328161,1,1,2.66673111916
1540,0.0138096,0.0138648319989,0,1,2.68029308319
1541,0.0138057,0.0138645675033,1,1,2.64398002625
1542,0.0138015,0.0138642145321,1,1,2.65214204788
1543,0.013803,0.013863847591,0,1,2.64277887344
1544,0.013804,0.0138635076582,0,1,2.65381217003
1545,0.0138069,0.0138631490991,0,1,2.67774796486
1546,0.0138057,0.0138628352433,0,1,2.74258899689
1547,0.0138007,0.0138624636456,1,1,2.71477198601
1548,0.0138005,0.0138622168452,1,1,2.74128293991
1549,0.0137999,0.0138618350029,1,1,2.71792984009
1550,0.0137972,0.0138614596799,1,1,2.73540401459
1551,0.0137982,0.013861165382,0,1,2.63937497139
1552,0.0137993,0.0138609567657,0,1,2.6549448967
1553,0.0137928,0.0138606000692,1,1,2.6421918869
1554,0.0138005,0.0138602731749,0,1,2.65308904648
1555,0.0137935,0.0138599248603,0,1,2.68890714645
1556,0.0137988,0.0138596566394,0,1,2.65378904343
1557,0.0137952,0.0138592701405,0,1,2.63879704475
1558,0.0137942,0.0138588892296,0,1,2.6611969471
1559,0.0137992,0.0138586433604,0,1,2.67671298981
1560,0.0137917,0.013858246617,1,1,2.71551299095
1561,0.0137951,0.0138579886407,0,1,2.65750598907
1562,0.0137951,0.0138575993478,0,1,2.65604686737
1563,0.0137946,0.0138572575524,0,1,2.69338393211
1564,0.013792,0.0138569558039,0,1,2.65466713905
1565,0.0137902,0.013856632635,1,1,2.64005899429
1566,0.0137877,0.013856288977,1,1,2.65301609039
1567,0.0137937,0.0138560496271,0,1,2.65050721169
1568,0.0137853,0.0138556780294,1,1,2.71062994003
1569,0.0137863,0.0138554256409,0,1,2.70532512665
1570,0.013786,0.013855015859,0,1,2.65467691422
1571,0.0137855,0.0138546675444,0,1,2.6526119709
1572,0.0137867,0.0138545027003,0,1,2.65485477448
1573,0.0137877,0.0138540761545,0,1,2.64297485352
1574,0.0137853,0.0138537324965,0,1,2.65467405319
1575,0.0137833,0.0138533785939,1,1,2.63907194138
1576,0.0137861,0.0138530833647,0,1,2.66284799576
1577,0.0137894,0.0138528384268,0,1,2.64064884186
1578,0.0137831,0.0138525199145,1,1,2.70028614998
1579,0.0137805,0.0138521594927,1,1,2.64231610298
1580,0.01378,0.0138517925516,1,1,2.70719099045
1581,0.0137817,0.0138514796272,0,1,2.64253211021
1582,0.0137752,0.0138511070982,1,1,2.65354681015
1583,0.0137817,0.0138507643715,0,1,2.63884592056
1584,0.0137846,0.0138505091891,0,1,2.65481209755
1585,0.0137792,0.0138501282781,0,1,2.64032316208
1586,0.0137747,0.0138497808948,1,1,2.65566182137
1587,0.0137789,0.0138493822888,0,1,2.68887805939
1588,0.0137729,0.0138491224498,1,1,2.65465784073
1589,0.0137774,0.0138488076627,0,1,2.64419412613
1590,0.0137719,0.0138484481722,1,1,2.65467309952
1591,0.0137782,0.0138483121991,0,1,2.65457892418
1592,0.0137717,0.0138478772715,1,1,2.68922400475
1593,0.0137706,0.0138475280255,1,1,2.64054608345
1594,0.0137742,0.0138472458348,0,1,2.66264200211
1595,0.0137689,0.0138468630612,1,1,2.63848996162
1596,0.0137727,0.0138464570045,0,1,2.70828294754
1597,0.0137699,0.0138461673632,0,1,2.64330410957
1598,0.0137699,0.0138460211456,0,1,2.65376710892
1599,0.0137668,0.0138455461711,1,1,2.64171910286
1600,0.013768,0.0138452742249,0,1,2.6560781002
1601,0.0137688,0.0138447862118,0,1,2.7037332058
1602,0.0137685,0.0138445496559,0,1,2.7309191227
1603,0.0137667,0.0138442972675,1,1,2.70797109604
1604,0.0137682,0.0138440206647,0,1,2.65324902534
1605,0.0137697,0.013843764551,0,1,2.70570111275
1606,0.0137671,0.0138434013352,0,1,2.65408992767
1607,0.0137666,0.0138431787491,1,1,2.68314099312
1608,0.0137635,0.0138427903876,1,1,2.67257094383
1609,0.0137623,0.0138424886391,1,1,2.64873218536
1610,0.0137677,0.0138421943411,0,1,2.65308403969
1611,0.0137655,0.0138418264687,0,1,2.63967299461
1612,0.0137584,0.013841509819,1,1,2.65746712685
1613,0.0137586,0.0138411438093,0,1,2.67802095413
1614,0.0137598,0.0138408029452,0,1,2.71039009094
1615,0.0137569,0.0138405645266,1,1,2.71866202354
1616,0.0137595,0.0138404332101,0,1,2.73112797737
1617,0.0137621,0.0138400942087,0,1,2.71639609337
1618,0.01376,0.0138397030532,0,1,2.69344520569
1619,0.013756,0.0138392541558,1,1,2.6412460804
1620,0.013757,0.0138388574123,0,1,2.65870094299
1621,0.0137594,0.0138384206221,0,1,2.6843791008
1622,0.01376,0.0138380909339,0,1,2.67850589752
1623,0.0137515,0.0138378692791,1,1,2.71630620956
1624,0.0137519,0.0138375060633,0,1,2.73550009727
1625,0.0137496,0.0138372574002,1,1,2.70906400681
1626,0.0137531,0.0138370627537,0,1,2.73135614395
1627,0.0137582,0.0138367377222,0,1,2.70599198341
1628,0.0137514,0.0138364722952,0,1,2.73896193504
1629,0.0137532,0.0138361398131,0,1,2.71845602989
1630,0.0137517,0.0138357691467,0,1,2.73561906815
1631,0.0137534,0.0138353910297,0,1,2.69147706032
1632,0.0137548,0.0138350659981,0,1,2.73992609978
1633,0.0137546,0.0138347605243,0,1,2.71464705467
1634,0.0137547,0.013834381476,0,1,2.73941016197
1635,0.0137498,0.013834043406,0,1,2.71805691719
1636,0.0137489,0.0138338711113,1,1,2.73281884193
1637,0.0137461,0.0138335218653,1,1,2.72229909897
1638,0.0137439,0.0138331996277,1,1,2.7309961319
1639,0.0137461,0.013832882978,0,1,2.7162258625
1640,0.0137463,0.0138324955478,0,1,2.72895884514
1641,0.0137398,0.0138321835548,1,1,2.71551322937
1642,0.0137446,0.0138318361714,0,1,2.73861312866
1643,0.0137489,0.0138315521181,0,1,2.71789383888
1644,0.0137439,0.0138313211501,0,1,2.73958802223
1645,0.013739,0.0138308824971,1,1,2.71592211723
1646,0.0137419,0.0138305705041,0,1,2.7303879261
1647,0.0137398,0.0138302333653,0,1,2.72124505043
1648,0.0137436,0.0138300107792,0,1,2.73791098595
1649,0.013739,0.0138297425583,1,1,2.73147201538
1650,0.0137412,0.0138293886557,0,1,2.77876281738
1651,0.0137417,0.013829077594,0,1,2.75263595581
1652,0.013735,0.0138288512826,1,1,2.76693296432
1653,0.0137381,0.01382849738,0,1,2.74972105026
1654,0.0137393,0.0138282077387,0,1,2.78065085411
1655,0.0137387,0.0138278817758,0,1,2.74867796898
1656,0.0137313,0.0138274673373,1,1,2.76763486862
1657,0.0137365,0.0138272838667,0,1,2.75165605545
1658,0.0137337,0.0138269839808,0,1,2.77610898018
1659,0.0137344,0.0138266617432,0,1,2.77372002602
1660,0.0137331,0.0138262594119,0,1,2.77197289467
1661,0.0137303,0.0138259213418,1,1,2.74212503433
1662,0.0137315,0.0138256363571,0,1,2.76689100266
1663,0.0137322,0.0138254621997,0,1,2.75661611557
1664,0.0137321,0.0138251362368,0,1,2.69914698601
1665,0.013731,0.0138248354197,0,1,2.67506504059
1666,0.0137329,0.0138245057315,0,1,2.74859619141
1667,0.0137241,0.0138242179528,1,1,2.67170596123
1668,0.0137268,0.0138239180669,0,1,2.74858903885
1669,0.0137284,0.0138236461207,0,1,2.67161893845
1670,0.0137225,0.0138232391328,1,1,2.7072930336
1671,0.0137225,0.0138228051364,0,1,2.66998291016
1672,0.0137295,0.0138225359842,0,1,2.71935510635
1673,0.0137247,0.0138223525137,0,1,2.74242901802
1674,0.0137242,0.0138220367953,0,1,2.76871609688
1675,0.0137225,0.0138217555359,0,1,2.74908590317
1676,0.0137291,0.0138214938343,0,1,2.75688004494
1677,0.0137295,0.0138209769502,0,1,2.72810411453
1678,0.0137229,0.0138207897544,0,1,2.73834586143
1679,0.0137224,0.0138204293326,1,1,2.72970104218
1680,0.0137265,0.0138200893998,0,1,2.72980499268
1681,0.0137208,0.0138199105859,1,1,2.73319602013
1682,0.0137194,0.0138195035979,1,1,2.73632693291
1683,0.0137209,0.0138192512095,0,1,2.72856402397
1684,0.0137194,0.0138189131394,1,1,2.6579220295
1685,0.0137224,0.013818663545,0,1,2.65585279465
1686,0.0137199,0.0138184139505,0,1,2.65943002701
1687,0.0137194,0.0138182071969,1,1,2.65434598923
1688,0.013716,0.0138179883361,1,1,2.65871691704
1689,0.0137166,0.0138175804168,0,1,2.65042495728
1690,0.0137157,0.0138169974089,1,1,2.70836901665
1691,0.0137108,0.0138168688864,1,1,2.64850187302
1692,0.01371,0.0138165587559,1,1,2.6673309803
1693,0.0137144,0.0138161638752,0,1,2.68235611916
1694,0.0137097,0.013815946877,1,1,2.70340704918
1695,0.013712,0.0138156404719,0,1,2.64364290237
1696,0.0137082,0.0138152455911,1,1,2.65184998512
1697,0.0137135,0.0138150285929,0,1,2.6658411026
1698,0.0137084,0.0138147352263,0,1,2.65622091293
1699,0.0137106,0.0138144353405,0,1,2.64680194855
1700,0.0137095,0.0138141447678,0,1,2.65100908279
1701,0.0137113,0.0138138700277,0,1,2.64267516136
1702,0.0137076,0.0138135580346,1,1,2.66017103195
1703,0.0137087,0.0138131650165,0,1,2.65490317345
1704,0.0137115,0.0138128232211,0,1,2.69180083275
1705,0.0137056,0.0138125987723,1,1,2.64984703064
1706,0.0137074,0.0138123519719,0,1,2.65131592751
1707,0.0137044,0.0138120632619,1,1,2.71260786057
1708,0.0137032,0.0138119198382,1,1,2.65133595467
1709,0.0137013,0.0138115221635,1,1,2.64127993584
1710,0.013708,0.0138112613931,0,1,2.65027809143
1711,0.013705,0.0138109335676,0,1,2.64305400848
1712,0.0137086,0.0138107314706,0,1,2.67968702316
1713,0.0137025,0.0138103011996,0,1,2.66286921501
1714,0.0137002,0.0138102890924,1,1,2.73143792152
1715,0.0137052,0.0138097060844,0,1,2.73807811737
1716,0.0136981,0.013809306547,1,1,2.78114295006
1717,0.0137027,0.0138091687113,0,1,2.75859498978
1718,0.013699,0.0138088082895,0,1,2.77588486671
1719,0.013699,0.0138086322695,0,1,2.74585390091
1720,0.0137001,0.0138082299381,0,1,2.78297996521
1721,0.0136955,0.0138079915196,1,1,2.7493929863
1722,0.0136929,0.0138076599687,1,1,2.78231811523
1723,0.0136939,0.0138073945418,0,1,2.71140813828
1724,0.0136946,0.0138069950044,0,1,2.77174305916
1725,0.0136944,0.0138067472726,0,1,2.75404119492
1726,0.0136976,0.0138064362109,0,1,2.77433395386
1727,0.0136912,0.0138061866164,1,1,2.7221300602
1728,0.0136933,0.0138060720637,0,1,2.76409888268
1729,0.0136893,0.0138057554141,1,1,2.70871114731
1730,0.0136901,0.0138054415584,0,1,2.76506710052
1731,0.0136889,0.0138051128015,1,1,2.67329597473
1732,0.0136887,0.013804894872,1,1,2.70710086823
1733,0.0136898,0.0138044077903,0,1,2.67101502419
1734,0.0136877,0.0138041647151,1,1,2.73237419128
1735,0.0136897,0.0138038257137,0,1,2.73355078697
1736,0.0136914,0.0138036394492,0,1,2.73604011536
1737,0.013679,0.0138033544645,1,1,2.71292495728
1738,0.0136852,0.0138030666858,0,1,2.7380399704
1739,0.0136833,0.0138029074296,0,1,2.7186229229
1740,0.0136935,0.0138025730848,0,1,2.76019310951
1741,0.0136825,0.0138024110347,0,1,2.72168803215
1742,0.0136879,0.0138019490987,0,1,2.72754502296
1743,0.0136862,0.0138016361743,0,1,2.65032601357
1744,0.013684,0.0138015178964,0,1,2.69881391525
1745,0.013681,0.0138010159135,0,1,2.65900707245
1746,0.0136865,0.0138006992638,0,1,2.71559882164
1747,0.0136831,0.0138005102053,0,1,2.64633607864
1748,0.0136787,0.0138002987951,1,1,2.68688607216
1749,0.0136808,0.0138000492007,0,1,2.66378903389
1750,0.0136772,0.0137998573482,1,1,2.68047785759
1751,0.0136799,0.013799469918,0,1,2.72063016891
1752,0.013678,0.0137991178781,0,1,2.6565849781
1753,0.0136799,0.0137988096103,0,1,2.66097712517
1754,0.013677,0.0137985842302,1,1,2.69488883018
1755,0.0136727,0.0137983644381,1,1,2.64354515076
1756,0.0136761,0.0137981139123,0,1,2.65559983253
1757,0.0136797,0.0137978745624,0,1,2.64247202873
1758,0.0136747,0.0137974796817,0,1,2.71427702904
1759,0.0136712,0.0137972151861,1,1,2.67552399635
1760,0.0136769,0.0137970317155,0,1,2.67520403862
1761,0.0136718,0.0137967430055,0,1,2.65347504616
1762,0.013672,0.0137966638431,0,1,2.65375185013
1763,0.0136712,0.0137962289155,1,1,2.64324808121
1764,0.0136704,0.0137959569693,1,1,2.66420483589
1765,0.0136721,0.0137956272811,0,1,2.67686200142
1766,0.0136677,0.0137953637168,1,1,2.70984101295
1767,0.0136692,0.0137951541692,0,1,2.67714285851
1768,0.0136668,0.013794885017,1,1,2.66834306717
1769,0.0136705,0.0137945311144,0,1,2.63933491707
1770,0.0136655,0.0137944221497,1,1,2.709638834
1771,0.0136661,0.0137943606824,0,1,2.64332485199
1772,0.0136653,0.0137939220294,1,1,2.65347290039
1773,0.0136622,0.0137936286628,1,1,2.64023399353
1774,0.0136644,0.0137932151556,0,1,2.665143013
1775,0.0136597,0.0137931015342,1,1,2.679915905
1776,0.0136642,0.0137926414609,0,1,2.66122984886
1777,0.0136649,0.0137924058363,0,1,2.63973593712
1778,0.0136609,0.0137920994312,0,1,2.6534409523
1779,0.0136635,0.0137918079272,0,1,2.64644813538
1780,0.0136616,0.0137916840613,0,1,2.65215706825
1781,0.0136608,0.0137914400548,0,1,2.64211797714
1782,0.0136592,0.0137910619378,1,1,2.65461301804
1783,0.0136574,0.0137908672914,1,1,2.63888597488
1784,0.0136589,0.0137904975563,0,1,2.65130114555
1785,0.0136583,0.0137904314324,0,1,2.64129281044
1786,0.013657,0.013790037483,1,1,2.65412902832
1787,0.0136567,0.0137898707762,1,1,2.63969492912
1788,0.0136592,0.0137896938249,0,1,2.65769600868
1789,0.0136575,0.013789575547,0,1,2.7117960453
1790,0.0136596,0.0137891815975,0,1,2.65211200714
1791,0.013651,0.0137887913734,1,1,2.63779497147
1792,0.0136522,0.0137883564457,0,1,2.66293907166
1793,0.0136511,0.01378821861,0,1,2.63877797127
1794,0.0136531,0.0137880546972,0,1,2.65684390068
1795,0.0136539,0.013787725009,0,1,2.63921308517
1796,0.0136522,0.0137875499204,0,1,2.65127396584
1797,0.0136511,0.0137873152271,0,1,2.64340400696
1798,0.0136525,0.013786977157,0,1,2.65251493454
1799,0.0136515,0.0137867499143,0,1,2.64039611816
1800,0.0136492,0.0137865161523,1,1,2.71012592316
1801,0.013655,0.0137862078846,0,1,2.63826489449
1802,0.0136488,0.0137859471142,1,1,2.66044092178
1803,0.0136468,0.0137858456001,1,1,2.63721585274
1804,0.0136504,0.0137858092785,0,1,2.65176606178
1805,0.0136476,0.0137853622437,0,1,2.66752505302
1806,0.0136483,0.0137849366292,0,1,2.71941184998
1807,0.0136424,0.0137846237049,1,1,2.72069311142
1808,0.013648,0.0137845072895,0,1,2.67923688889
1809,0.0136438,0.0137841338292,0,1,2.68022203445
1810,0.0136391,0.0137839904055,1,1,2.653673172
1811,0.0136497,0.013783830218,0,1,2.64244413376
1812,0.0136437,0.0137834539637,0,1,2.65336298943
1813,0.0136457,0.013783140108,0,1,2.64054107666
1814,0.0136402,0.01378302183,0,1,2.6524169445
1815,0.0136432,0.0137827200815,0,1,2.64825797081
1816,0.0136401,0.0137823568657,0,1,2.65194797516
1817,0.0136415,0.0137821771204,0,1,2.67431282997
1818,0.0136384,0.0137820420787,1,1,2.72648406029
1819,0.0136408,0.0137816919014,0,1,2.7455060482
1820,0.0136381,0.0137815419585,1,1,2.77717494965
1821,0.013644,0.0137813407928,0,1,2.72915697098
1822,0.0136376,0.0137811498716,1,1,2.76080989838
1823,0.0136399,0.0137808984146,0,1,2.69771909714
1824,0.0136366,0.0137805519626,1,1,2.73407196999
1825,0.0136373,0.0137803200632,0,1,2.72089600563
1826,0.0136336,0.0137801822275,1,1,2.71388101578
1827,0.0136349,0.0137799633667,0,1,2.71863007545
1828,0.0136297,0.0137797063217,1,1,2.66674900055
1829,0.0136336,0.0137794893235,0,1,2.6415438652
1830,0.013633,0.0137790711597,0,1,2.66002106667
1831,0.0136377,0.0137788951397,0,1,2.64207291603
1832,0.0136344,0.0137786511332,0,1,2.65188598633
1833,0.0136298,0.0137784816325,0,1,2.65097093582
1834,0.013628,0.0137784164399,1,1,2.65050697327
1835,0.0136323,0.0137779368088,0,1,2.64284896851
1836,0.0136344,0.0137776425108,0,1,2.65285611153
1837,0.0136314,0.0137773156166,0,1,2.69794797897
1838,0.0136244,0.0137774012983,1,0,2.59788894653
1839,0.0136261,0.0137770716101,0,1,2.64217400551
1840,0.0136267,0.0137769225985,0,1,2.65029501915
1841,0.0136231,0.0137766264379,1,1,2.64096403122
1842,0.0136225,0.013776528649,1,1,2.64812707901
1843,0.0136261,0.01377604343,0,1,2.64191389084
1844,0.0136219,0.0137760154903,1,1,2.64978504181
1845,0.0136277,0.0137757612392,0,1,2.67695784569
1846,0.0136259,0.0137756131589,0,1,2.67344713211
1847,0.0136239,0.0137754259631,0,1,2.64107298851
1848,0.0136255,0.0137748401612,0,1,2.67798805237
1849,0.0136278,0.0137750189751,0,0,2.62038111687
1850,0.0136205,0.0137748047709,1,1,2.65120005608
1851,0.0136185,0.013774305582,1,1,2.64500498772
1852,0.0136192,0.0137741509825,0,1,2.65131902695
1853,0.0136206,0.013773878105,0,1,2.6430439949
1854,0.0136196,0.0137735726312,0,1,2.6934299469
1855,0.0136225,0.0137736303732,0,0,2.59578800201
1856,0.0136125,0.0137734320015,1,1,2.70148897171
1857,0.0136197,0.0137729784474,0,1,2.65202307701
1858,0.0136159,0.0137729020789,0,1,2.65050315857
1859,0.0136143,0.0137727018446,0,1,2.642537117
1860,0.0136216,0.0137724047527,0,1,2.65210700035
1861,0.0136163,0.0137720964849,0,1,2.64397001266
1862,0.0136149,0.0137718729675,0,1,2.70767211914
1863,0.0136163,0.0137715721503,0,1,2.64044499397
1864,0.0136113,0.0137715246528,1,1,2.6506061554
1865,0.0136118,0.0137711558491,0,1,2.64144897461
1866,0.0136169,0.0137711809948,0,0,2.64329409599
1867,0.0136093,0.0137709863484,1,1,2.65515017509
1868,0.0136145,0.013770849444,0,1,2.65874385834
1869,0.0136089,0.013770555146,1,1,2.63974404335
1870,0.0136107,0.0137702124193,0,1,2.65443015099
1871,0.0136101,0.0137700336054,0,1,2.64482116699
1872,0.0136081,0.0137698538601,1,1,2.65237283707
1873,0.0136054,0.0137694766745,1,1,2.64148497581
1874,0.0136093,0.0137693462893,0,1,2.65077900887
1875,0.0136091,0.0137690361589,0,1,2.63992810249
1876,0.0136056,0.0137689253315,0,1,2.64984989166
1877,0.0136046,0.013768542558,1,1,2.64000487328
1878,0.0136041,0.0137683544308,1,1,2.65645694733
1879,0.0136045,0.0137682417408,0,1,2.69738507271
1880,0.0136055,0.0137681746855,0,1,2.69458699226
1881,0.0136016,0.0137678924948,1,1,2.64944696426
1882,0.013601,0.01376795955,1,0,2.59625887871
1883,0.0136029,0.0137673933059,0,1,2.64166998863
1884,0.013603,0.0137672265992,0,1,2.64885306358
1885,0.0136021,0.0137669453397,0,1,2.64075803757
1886,0.0136,0.0137669881806,1,0,2.59698200226
1887,0.0135945,0.0137663539499,1,1,2.63937091827
1888,0.0136012,0.0137663660571,0,0,2.59746408463
1889,0.0135984,0.0137660326436,0,1,2.64208102226
1890,0.0135983,0.0137660820037,0,0,2.59522294998
1891,0.0136043,0.0137656563893,0,1,2.64021706581
1892,0.0136006,0.0137655641884,0,1,2.65018701553
1893,0.0135972,0.0137652903795,0,1,2.66584897041
1894,0.0135932,0.0137650659308,1,1,2.73553991318
1895,0.0135938,0.0137650063261,0,1,2.64302778244
1896,0.0135926,0.0137645928189,1,1,2.6536757946
1897,0.0135961,0.0137646142393,0,0,2.64735102654
1898,0.013597,0.013764243573,0,1,2.67198705673
1899,0.0135947,0.0137640209869,0,1,2.64277791977
1900,0.0135853,0.013763865456,1,1,2.6492869854
1901,0.0135927,0.0137637145817,0,1,2.64081716537
1902,0.0135924,0.0137637071311,0,1,2.65007019043
1903,0.0135913,0.0137632526457,0,1,2.64025187492
1904,0.0135925,0.0137630132958,0,1,2.65598917007
1905,0.013594,0.0137630822137,0,0,2.58990192413
1906,0.01359,0.0137624917552,0,1,2.70155906677
1907,0.0135915,0.0137628503144,0,0,2.59628391266
1908,0.0135885,0.0137625560164,0,0,2.60073518753
1909,0.0135841,0.0137622477487,1,1,2.64505600929
1910,0.0135865,0.0137620279565,0,1,2.65101408958
1911,0.0135902,0.01376195997,0,1,2.64404797554
1912,0.0135885,0.0137617355213,0,1,2.64770102501
1913,0.0135876,0.013761500828,0,1,2.64003992081
1914,0.0135796,0.0137614505365,1,1,2.70242404938
1915,0.0135863,0.0137612037361,0,1,2.64350295067
1916,0.0135861,0.0137609587982,0,1,2.70804595947
1917,0.0135895,0.0137606244534,0,1,2.63992595673
1918,0.0135833,0.0137604456395,0,1,2.65025687218
1919,0.0135861,0.0137601662427,0,1,2.63888502121
1920,0.0135825,0.0137601271272,0,1,2.65911412239
1921,0.0135861,0.0137598449364,0,1,2.64230704308
1922,0.0135778,0.0137594426051,1,1,2.65309214592
1923,0.0135815,0.0137596949935,0,0,2.58593606949
1924,0.0135822,0.0137591985986,0,1,2.65148901939
1925,0.0135833,0.01375918556,0,1,2.64258098602
1926,0.0135774,0.0137591762468,1,1,2.64902687073
1927,0.013579,0.0137587999925,0,1,2.64134502411
1928,0.01358,0.0137586472556,0,1,2.64914798737
1929,0.013578,0.0137587254867,0,0,2.59007787704
1930,0.013577,0.0137584684417,1,1,2.65862703323
1931,0.0135766,0.0137579105794,1,1,2.64004397392
1932,0.0135732,0.0137580176815,1,0,2.65493988991
1933,0.0135764,0.0137577950954,0,1,2.6506819725
1934,0.0135722,0.0137577010319,1,1,2.64729714394
1935,0.0135742,0.0137573378161,0,1,2.64503002167
1936,0.0135733,0.0137573508546,0,0,2.59585595131
1937,0.0135742,0.0137569503859,0,1,2.64161086082
1938,0.0135764,0.0137566952035,0,1,2.6505241394
1939,0.0135746,0.0137565582991,0,1,2.64244198799
1940,0.0135689,0.0137567324564,1,0,2.59711718559
1941,0.0135694,0.0137564865872,0,1,2.64033603668
1942,0.0135683,0.0137561364099,1,1,2.71936893463
1943,0.0135707,0.0137560861185,0,1,2.72174811363
1944,0.0135668,0.0137558151037,1,1,2.73146796227
1945,0.0135719,0.0137555645779,0,1,2.71967411041
1946,0.0135679,0.0137553690001,0,1,2.72066497803
1947,0.01357,0.0137554220855,0,0,2.66774892807
1948,0.0135655,0.0137553820387,1,0,2.68853211403
1949,0.0135627,0.0137550933287,1,1,2.72075915337
1950,0.0135632,0.0137549415231,0,1,2.64832305908
1951,0.0135591,0.0137546416372,1,1,2.65024614334
1952,0.0135649,0.0137546928599,0,0,2.66433215141
1953,0.0135595,0.0137544134632,0,1,2.65413498878
1954,0.0135651,0.0137542625889,0,1,2.65092992783
1955,0.0135668,0.01375411544,0,1,2.64108991623
1956,0.0135608,0.0137539450079,0,1,2.65036916733
1957,0.0135631,0.0137538062409,0,1,2.64328193665
1958,0.0135595,0.0137534998357,0,1,2.64912700653
1959,0.0135619,0.0137534420937,0,1,2.64134383202
1960,0.013558,0.0137534113601,1,1,2.65276098251
1961,0.0135611,0.0137529065832,0,1,2.64152002335
1962,0.0135585,0.0137527780607,0,1,2.68777894974
1963,0.0135617,0.0137524213642,0,1,2.72041988373
1964,0.013563,0.0137523813173,0,1,2.65019488335
1965,0.013553,0.0137523971498,1,0,2.58811402321
1966,0.013555,0.0137521093711,0,1,2.65592217445
1967,0.0135558,0.0137520898134,0,1,2.64163208008
1968,0.0135587,0.0137520795688,0,1,2.64948916435
1969,0.0135509,0.0137513577938,1,1,2.6502020359
1970,0.0135525,0.0137513522059,0,1,2.65014100075
1971,0.0135559,0.01375134103,0,1,2.70179510117
1972,0.0135533,0.0137513475493,0,0,2.59615397453
1973,0.0135539,0.0137510877103,0,1,2.63844585419
1974,0.0135504,0.0137509899214,1,1,2.68107295036
1975,0.0135512,0.0137506555766,0,1,2.66177797318
1976,0.0135489,0.0137506034225,1,1,2.65050697327
1977,0.0135517,0.013750301674,0,1,2.69468188286
1978,0.0135527,0.013750388287,0,0,2.66001701355
1979,0.0135495,0.0137501712888,0,1,2.65811681747
1980,0.0135477,0.0137497764081,1,1,2.65052008629
1981,0.0135501,0.0137502141297,0,0,2.58881592751
1982,0.0135454,0.0137499608099,1,0,2.66200089455
1983,0.0135444,0.0137495063245,1,1,2.64236998558
1984,0.0135496,0.0137494048104,0,1,2.68886208534
1985,0.0135426,0.0137490062043,1,1,2.65844511986
1986,0.0135461,0.0137492055073,0,0,2.59696507454
1987,0.013545,0.0137487677857,0,1,2.64496994019
1988,0.0135427,0.0137488450855,0,0,2.59666013718
1989,0.0135455,0.0137484846637,0,1,2.694865942
1990,0.0135402,0.0137485731393,1,0,2.63816094398
1991,0.0135403,0.0137481819838,0,1,2.70914292336
1992,0.0135383,0.0137482639402,1,0,2.6044960022
1993,0.0135435,0.0137483868748,0,0,2.58920502663
1994,0.0135387,0.0137479789555,0,1,2.64979600906
1995,0.0135411,0.0137476343662,0,1,2.64567708969
1996,0.0135406,0.0137476241216,0,1,2.64800310135
1997,0.0135388,0.0137474099174,0,1,2.64679384232
1998,0.0135372,0.0137471947819,1,1,2.65069413185
1999,0.0135395,0.0137468725443,0,1,2.68294787407
