epoch,train_loss,valid_loss,has_train_loss_improved,has_valid_loss_improved,duration
0,0.0141319,0.0140460273251,1,1,14.9804069996
1,0.0141351,0.0140458140522,0,1,14.5094630718
2,0.014136,0.0140448985621,0,1,14.7883770466
3,0.0141308,0.0140449693426,1,0,14.5002651215
4,0.0141297,0.0140450121835,1,0,14.4206299782
5,0.0141277,0.0140447579324,1,1,14.1022331715
6,0.0141334,0.0140446061268,0,1,14.702575922
7,0.0141316,0.0140446620062,0,0,14.5077569485
8,0.0141304,0.0140454024076,0,0,14.0338628292
9,0.0141295,0.014045253396,0,0,14.2800190449
10,0.0141261,0.0140433106571,1,1,14.5453701019
11,0.014127,0.014044447802,0,0,15.1068019867
12,0.0141294,0.0140456473455,0,0,14.2920331955
13,0.0141258,0.0140448538586,1,0,14.0841929913
14,0.0141327,0.0140450876206,0,0,14.0376081467
15,0.0141322,0.0140443677083,0,0,14.0541620255
16,0.0141285,0.0140455048531,0,0,14.0341520309
17,0.0141302,0.0140444347635,0,0,14.3275160789
18,0.0141294,0.0140449572355,0,0,14.0348930359
19,0.0141396,0.0140449795872,0,0,14.0514750481
20,0.0141302,0.0140443360433,0,0,14.0390591621
21,0.0141331,0.0140450084582,0,0,14.5537409782
22,0.0141277,0.0140441525728,0,0,14.445991993
23,0.0141335,0.0140448426828,0,0,14.0470509529
24,0.014131,0.0140441637486,0,0,14.5081682205
25,0.0141352,0.0140448613092,0,0,14.6393280029
26,0.0141256,0.0140440203249,1,0,14.0266289711
27,0.0141264,0.0140449972823,0,0,14.2744829655
28,0.0141311,0.014044329524,0,0,14.7730400562
29,0.0141257,0.0140444524586,0,0,14.2927560806
30,0.0141271,0.0140440324321,0,0,14.2310020924
31,0.0141284,0.0140440016985,0,0,14.3071160316
32,0.0141252,0.0140442075208,1,0,14.0845258236
33,0.0141361,0.014044418931,0,0,14.3146429062
34,0.0141284,0.0140444403514,0,0,14.0355949402
35,0.0141315,0.0140439402312,0,0,14.4823300838
36,0.0141318,0.0140443751588,0,0,14.5109071732
37,0.0141312,0.0140446797013,0,0,14.30975914
38,0.0141297,0.0140440305695,0,0,14.0350301266
39,0.0141242,0.0140446480364,1,0,14.0459039211
40,0.0141294,0.0140445623547,0,0,14.2886419296
41,0.0141261,0.0140437316149,0,0,14.0528569221
42,0.0141321,0.0140445940197,0,0,14.0365300179
43,0.0141338,0.0140448538586,0,0,14.0487248898
44,0.0141315,0.0140439355746,0,0,14.0907461643
45,0.0141302,0.0140440007672,0,0,14.313338995
46,0.0141225,0.0140445521101,1,0,14.0387499332
47,0.0141303,0.0140440678224,0,0,14.0730471611
48,0.0141301,0.014044043608,0,0,14.0426700115
49,0.0141295,0.0140442755073,0,0,14.0500900745
50,0.0141319,0.0140429139137,0,1,14.1033520699
51,0.0141313,0.0140435714275,0,0,14.2689371109
52,0.0141263,0.0140441060066,0,0,14.6184399128
53,0.0141234,0.0140439514071,0,0,14.2931218147
54,0.0141276,0.0140443211421,0,0,14.2716109753
55,0.0141347,0.0140436189249,0,0,14.2957141399
56,0.0141286,0.014044479467,0,0,14.0795459747
57,0.0141264,0.0140441916883,0,0,14.0291588306
58,0.014125,0.0140438685194,0,0,14.0484600067
59,0.0141276,0.0140433944762,0,0,14.0281181335
60,0.0141279,0.0140430806205,0,0,14.0456559658
61,0.0141299,0.0140432147309,0,0,14.2908799648
62,0.014123,0.0140437930822,0,0,14.0477409363
63,0.0141253,0.0140438089147,0,0,14.0237760544
64,0.0141259,0.0140447355807,0,0,14.0480008125
65,0.0141338,0.0140439979732,0,0,14.6935670376
66,0.0141241,0.0140440855175,0,0,14.5215699673
67,0.0141273,0.0140439728275,0,0,14.2665569782
68,0.0141344,0.0140436189249,0,0,14.0665338039
69,0.0141309,0.0140432370827,0,0,14.030632019
70,0.014127,0.0140437614173,0,0,14.0426719189
71,0.0141305,0.0140438564122,0,0,14.0291161537
72,0.0141303,0.0140427984297,0,1,14.1031298637
73,0.0141295,0.0140440231189,0,0,14.4433889389
74,0.0141306,0.0140433432534,0,0,14.5520501137
75,0.0141312,0.0140432631597,0,0,14.2608439922
76,0.0141246,0.0140437446535,0,0,14.0458779335
77,0.0141193,0.0140435593203,1,0,14.0303208828
78,0.0141253,0.0140432333574,0,0,14.043915987
79,0.0141243,0.0140432706103,0,0,14.0262658596
80,0.0141233,0.0140433106571,0,0,14.8699269295
81,0.0141301,0.0140435658395,0,0,14.264439106
82,0.0141276,0.0140434438363,0,0,14.2835080624
83,0.0141291,0.0140437120572,0,0,14.0244958401
84,0.0141255,0.0140429241583,0,0,14.3232650757
85,0.0141296,0.0140436375514,0,0,14.2505829334
86,0.014128,0.0140429101884,0,0,14.2821698189
87,0.0141234,0.0140431001782,0,0,14.0253531933
88,0.0141258,0.0140438247472,0,0,14.0447790623
89,0.0141274,0.0140432184562,0,0,14.0295181274
90,0.0141287,0.014044072479,0,0,14.7831671238
91,0.0141282,0.0140430638567,0,0,14.2592990398
92,0.0141219,0.0140435639769,0,0,14.0449690819
93,0.0141234,0.01404410135,0,0,14.6311562061
94,0.0141265,0.0140440855175,0,0,14.4884970188
95,0.0141246,0.0140434354544,0,0,14.4815161228
96,0.0141215,0.0140439709648,0,0,14.0872218609
97,0.0141315,0.0140436179936,0,0,14.0416970253
98,0.0141291,0.0140432026237,0,0,14.0447177887
99,0.0141302,0.0140435155481,0,0,14.0236101151
100,0.0141236,0.0140431765467,0,0,14.3114187717
101,0.0141304,0.0140428347513,0,0,14.0287320614
102,0.0141218,0.0140432259068,0,0,14.0504899025
103,0.0141237,0.0140428924933,0,0,14.0255861282
104,0.0141278,0.0140428403392,0,0,14.0388388634
105,0.0141296,0.0140435118228,0,0,14.3105239868
106,0.0141227,0.0140429502353,0,0,14.0417821407
107,0.0141222,0.0140436859801,0,0,14.0287370682
108,0.0141274,0.0140431951731,0,0,14.0423979759
109,0.0141247,0.0140431988984,0,0,14.4681119919
110,0.0141232,0.0140432054177,0,0,14.0426819324
111,0.0141217,0.014043088071,0,0,14.8033220768
112,0.0141314,0.0140427686274,0,1,14.6089990139
113,0.0141249,0.0140440501273,0,0,14.6984009743
114,0.014133,0.0140427341685,0,1,14.5994479656
115,0.0141308,0.0140424380079,0,1,14.795114994
116,0.0141274,0.0140435937792,0,0,14.7318820953
117,0.014136,0.0140430079773,0,0,14.5072860718
118,0.0141302,0.0140430992469,0,0,14.0670568943
119,0.0141222,0.0140431039035,0,0,14.2774970531
120,0.0141243,0.0140434587374,0,0,14.0430800915
121,0.0141237,0.0140431132168,0,0,14.0252029896
122,0.0141277,0.0140425842255,0,0,14.2856669426
123,0.0141302,0.014042201452,0,1,14.5867271423
124,0.0141274,0.0140429697931,0,0,14.2598488331
125,0.0141255,0.0140434866771,0,0,14.5096931458
126,0.0141242,0.0140423346311,0,0,14.281111002
127,0.0141256,0.0140426978469,0,0,14.0712220669
128,0.0141232,0.0140428254381,0,0,14.4502019882
129,0.0141269,0.0140430117026,0,0,14.0268599987
130,0.0141187,0.0140425665304,1,0,14.047451973
131,0.014125,0.0140429716557,0,0,14.2691679001
132,0.0141228,0.0140429977328,0,0,14.3172080517
133,0.0141308,0.0140420375392,0,1,14.1541569233
134,0.0141338,0.0140432231128,0,0,14.4995582104
135,0.0141257,0.0140428002924,0,0,14.7324769497
136,0.014127,0.0140422154218,0,0,14.0504870415
137,0.0141275,0.0140427835286,0,0,14.3049709797
138,0.0141226,0.0140426773578,0,0,14.048402071
139,0.0141276,0.0140424938872,0,0,14.0256941319
140,0.0141275,0.0140430638567,0,0,14.0500869751
141,0.0141242,0.0140424538404,0,0,14.0278480053
142,0.0141262,0.0140421940014,0,0,14.051363945
143,0.0141246,0.0140421902761,0,0,14.8230981827
144,0.0141271,0.0140426447615,0,0,14.3028829098
145,0.0141278,0.0140422834083,0,0,14.0290830135
146,0.014132,0.0140422638506,0,0,14.0653488636
147,0.0141291,0.0140426326543,0,0,14.4317231178
148,0.0141263,0.0140421288088,0,0,14.5287268162
149,0.0141226,0.0140427919105,0,0,14.275881052
150,0.014123,0.014042576775,0,0,14.2888979912
151,0.0141288,0.0140421818942,0,0,14.4894258976
152,0.0141185,0.0140423271805,1,0,14.3086240292
153,0.0141249,0.014042519033,0,0,14.227517128
154,0.0141215,0.0140422079712,0,0,14.0649220943
155,0.0141219,0.0140418456867,0,1,14.8616890907
156,0.0141286,0.014042807743,0,0,14.5024240017
157,0.0141208,0.0140418680385,0,0,14.265198946
158,0.0141242,0.0140421865508,0,0,14.5198349953
159,0.0141298,0.0140409199521,0,1,14.0909171104
160,0.0141237,0.0140421921387,0,0,14.8630218506
161,0.0141243,0.0140428161249,0,0,14.024533987
162,0.0141278,0.0140419537202,0,0,14.0424489975
163,0.0141204,0.0140425181016,0,0,14.0521769524
164,0.0141291,0.014042602852,0,0,14.0621669292
165,0.0141239,0.0140421539545,0,0,14.0266418457
166,0.0141197,0.0140419248492,0,0,14.2865262032
167,0.0141219,0.0140416165814,0,0,14.4767701626
168,0.0141301,0.0140420049429,0,0,14.3108310699
169,0.0141206,0.0140420710668,0,0,14.8543450832
170,0.0141288,0.0140412179753,0,0,14.0657289028
171,0.0141268,0.0140425693244,0,0,14.2954721451
172,0.0141294,0.0140415877104,0,0,14.0492260456
173,0.0141238,0.0140423318371,0,0,14.0253591537
174,0.0141284,0.0140422815457,0,0,14.0396449566
175,0.0141258,0.0140417860821,0,0,14.4622859955
176,0.0141235,0.0140420598909,0,0,14.2817270756
177,0.0141248,0.0140423998237,0,0,14.2691509724
178,0.0141237,0.014042631723,0,0,14.0501461029
179,0.0141248,0.0140419192612,0,0,14.064647913
180,0.0141254,0.0140417525545,0,0,14.0503878593
181,0.0141311,0.0140418456867,0,0,14.02739501
182,0.0141256,0.0140420431271,0,0,14.3064320087
183,0.0141247,0.0140421744436,0,0,14.2868559361
184,0.014129,0.0140423923731,0,0,14.0399999619
185,0.0141278,0.0140415225178,0,0,14.2544720173
186,0.0141189,0.0140415020287,0,0,14.0802381039
187,0.0141247,0.0140415253118,0,0,14.0024409294
188,0.0141296,0.0140421325341,0,0,14.0254459381
189,0.0141237,0.0140408147126,0,1,14.353219986
190,0.0141259,0.0140418587252,0,0,14.4223761559
191,0.0141253,0.0140413790941,0,0,14.6487119198
192,0.0141236,0.0140416249633,0,0,14.0400490761
193,0.0141171,0.0140414601192,1,0,14.2431139946
194,0.0141239,0.0140411937609,0,0,14.0213320255
195,0.0141269,0.0140413623303,0,0,14.0045340061
196,0.0141234,0.014041537419,0,0,14.0179028511
197,0.0141233,0.0140412114561,0,0,14.0045089722
198,0.0141285,0.0140415551141,0,0,14.0173151493
199,0.0141241,0.014041505754,0,0,14.0143330097
200,0.0141258,0.0140412896872,0,0,14.0311188698
201,0.0141261,0.0140415802598,0,0,14.004076004
202,0.0141283,0.0140418335795,0,0,14.0212190151
203,0.0141196,0.0140407448635,0,1,14.0844459534
204,0.0141263,0.0140413502231,0,0,14.4517688751
205,0.0141268,0.0140418875962,0,0,14.2659070492
206,0.014118,0.0140410913154,0,0,14.02501297
207,0.0141213,0.0140416929498,0,0,14.2758710384
208,0.0141207,0.014040986076,0,0,14.026250124
209,0.0141236,0.014041650109,0,0,14.0023770332
210,0.0141262,0.0140414694324,0,0,14.0431690216
211,0.014126,0.0140419732779,0,0,14.0068809986
212,0.014119,0.0140412990004,0,0,14.0255858898
213,0.0141287,0.0140411490574,0,0,14.0074949265
214,0.0141208,0.0140413381159,0,0,14.0252840519
215,0.0141237,0.0140410009772,0,0,14.0068321228
216,0.0141246,0.0140414880589,0,0,14.0232150555
217,0.0141191,0.0140411183238,0,0,14.2549700737
218,0.0141266,0.0140417469665,0,0,14.0276110172
219,0.0141279,0.0140410587192,0,0,14.0029909611
220,0.0141197,0.014041156508,0,0,14.0285899639
221,0.0141241,0.014041624032,0,0,14.003111124
222,0.014125,0.0140414256603,0,0,14.0298218727
223,0.0141204,0.0140413772315,0,0,14.013723135
224,0.0141232,0.0140410484746,0,0,14.0267899036
225,0.0141225,0.0140410671011,0,0,14.0065140724
226,0.0141229,0.0140408249572,0,0,14.0224499702
227,0.0141244,0.0140410782769,0,0,14.2215569019
228,0.0141196,0.0140407243744,0,1,14.2275850773
229,0.0141217,0.0140412859619,0,0,14.6947610378
230,0.0141232,0.0140411108732,0,0,14.0261459351
231,0.0141213,0.0140414293855,0,0,14.7440669537
232,0.0141273,0.0140408743173,0,0,14.7315998077
233,0.0141194,0.0140412328765,0,0,14.0029170513
234,0.0141238,0.0140410540625,0,0,14.2285549641
235,0.0141219,0.0140405567363,0,1,14.7230389118
236,0.0141261,0.0140410335734,0,0,14.2435359955
237,0.0141224,0.0140406722203,0,0,14.9298679829
238,0.0141231,0.0140410736203,0,0,14.5446441174
239,0.0141209,0.0140405688435,0,0,14.0183169842
240,0.0141228,0.0140403844416,0,1,14.0911388397
241,0.0141168,0.0140406908467,1,0,14.8787770271
242,0.0141257,0.0140408724546,0,0,14.4104630947
243,0.0141274,0.0140408081934,0,0,14.0173227787
244,0.0141193,0.0140410456806,0,0,14.0226330757
245,0.014125,0.0140407085419,0,0,14.0409431458
246,0.0141242,0.0140405362472,0,0,14.0216948986
247,0.0141244,0.0140401134267,0,1,14.0798299313
248,0.0141248,0.0140403974801,0,0,14.4760780334
249,0.0141272,0.0140405427665,0,0,14.2697229385
250,0.0141214,0.0140407849103,0,0,14.0277998447
251,0.0141217,0.0140406992286,0,0,14.012100935
252,0.014127,0.0140402605757,0,0,14.0344080925
253,0.0141236,0.014040838927,0,0,14.0211949348
254,0.0141234,0.0140413707122,0,0,14.0283689499
255,0.0141199,0.0140398694202,0,1,14.084895134
256,0.0141146,0.0140409674495,1,0,14.7240030766
257,0.0141209,0.0140411108732,0,0,14.0142109394
258,0.014118,0.0140402736142,0,0,14.0286540985
259,0.014119,0.0140405623242,0,0,14.3896520138
260,0.0141229,0.0140403173864,0,0,14.0403530598
261,0.0141265,0.014040723443,0,0,14.2494330406
262,0.0141263,0.0140409041196,0,0,14.7235820293
263,0.0141242,0.0140407159925,0,0,14.5159330368
264,0.0141213,0.0140407821164,0,0,14.2493038177
265,0.0141265,0.0140408920124,0,0,14.0310909748
266,0.0141248,0.0140400119126,0,0,14.410243988
267,0.0141178,0.0140408491716,0,0,14.2459847927
268,0.0141192,0.0140403918922,0,0,14.2558059692
269,0.0141261,0.0140404161066,0,0,14.0186569691
270,0.0141248,0.0140409488231,0,0,14.0247340202
271,0.014123,0.0140399346128,0,0,14.015707016
272,0.0141237,0.0140411034226,0,0,14.0295968056
273,0.0141199,0.0140406666324,0,0,14.2676270008
274,0.0141202,0.0140404272825,0,0,14.0212929249
275,0.0141263,0.0140405371785,0,0,14.0185520649
276,0.014123,0.0140404719859,0,0,14.3262939453
277,0.014127,0.0140404561535,0,0,14.7506861687
278,0.0141239,0.0140396999195,0,1,14.2816588879
279,0.0141248,0.0140402186662,0,0,14.4800338745
280,0.0141249,0.0140397707,0,0,14.0280659199
281,0.014123,0.0140401143581,0,0,14.0141861439
282,0.0141216,0.0140406880528,0,0,14.0277531147
283,0.0141222,0.0140399420634,0,0,14.0186100006
284,0.0141207,0.0140398871154,0,0,14.0234971046
285,0.0141234,0.0140407476574,0,0,14.0175018311
286,0.0141226,0.0140406591818,0,0,14.0249328613
287,0.0141213,0.0140399215743,0,0,14.0194411278
288,0.0141255,0.0140404831618,0,0,14.0222980976
289,0.0141213,0.0140396328643,0,1,14.2951819897
290,0.0141226,0.0140405651182,0,0,14.62216115
291,0.0141264,0.0140398582444,0,0,14.0210289955
292,0.0141222,0.0140400780365,0,0,14.0245687962
293,0.0141259,0.0140400230885,0,0,14.0578689575
294,0.0141245,0.0140404133126,0,0,14.0257899761
295,0.0141221,0.0140402559191,0,0,14.0156860352
296,0.0141276,0.0140394493937,0,1,14.681481123
297,0.0141226,0.0140400342643,0,0,14.4066021442
298,0.0141259,0.0140398908406,0,0,14.2632210255
299,0.0141235,0.0140398982912,0,0,14.0195429325
300,0.0141286,0.0140395248309,0,0,14.0229170322
301,0.0141189,0.0140399523079,0,0,14.0140550137
302,0.0141273,0.0140400920063,0,0,14.0304818153
303,0.0141229,0.0140397613868,0,0,14.0167758465
304,0.0141205,0.0140396570787,0,0,14.0219581127
305,0.0141213,0.0140398973599,0,0,14.0158619881
306,0.0141248,0.0140395928174,0,0,14.0274999142
307,0.0141248,0.0140398219228,0,0,14.0158729553
308,0.0141176,0.0140398191288,0,0,14.0239169598
309,0.0141203,0.0140392668545,0,1,14.0797569752
310,0.014126,0.0140399476513,0,0,14.5021109581
311,0.0141254,0.0140396384522,0,0,14.2550280094
312,0.0141222,0.0140400296077,0,0,14.0247969627
313,0.0141187,0.0140398461372,0,0,14.038408041
314,0.0141162,0.0140392892063,0,0,14.0359630585
315,0.0141256,0.0140395797789,0,0,14.0168168545
316,0.0141224,0.0140395928174,0,0,14.0220010281
317,0.0141204,0.014039715752,0,0,14.0247039795
318,0.0141149,0.0140399998054,0,0,14.0201261044
319,0.0141189,0.0140397287905,0,0,14.0206420422
320,0.0141262,0.0140396459028,0,0,14.0239629745
321,0.0141278,0.0140395527706,0,0,14.0210778713
322,0.0141183,0.0140393208712,0,0,14.023378849
323,0.0141229,0.0140397883952,0,0,14.0155599117
324,0.0141255,0.0140392184258,0,1,14.0973858833
325,0.0141192,0.0140393218026,0,0,14.2794501781
326,0.0141239,0.0140391979367,0,1,14.387182951
327,0.0141229,0.0140391206369,0,1,14.2959420681
328,0.0141194,0.0140393823385,0,0,14.8966670036
329,0.0141213,0.0140389781445,0,1,14.082695961
330,0.0141216,0.0140394922346,0,0,14.8593149185
331,0.0141149,0.0140395797789,0,0,14.2456331253
332,0.0141205,0.0140394233167,0,0,14.2579221725
333,0.0141271,0.014039198868,0,0,14.5855491161
334,0.014118,0.0140392193571,0,0,14.2607049942
335,0.0141146,0.0140393506736,1,0,14.2574632168
336,0.0141247,0.0140393739566,0,0,14.0668139458
337,0.0141221,0.0140391774476,0,0,14.0200488567
338,0.0141241,0.0140392845497,0,0,14.021173954
339,0.0141219,0.0140395490453,0,0,14.2560179234
340,0.0141167,0.0140384836122,0,1,14.5015621185
341,0.0141163,0.0140391048044,0,0,14.2306771278
342,0.0141233,0.0140390312299,0,0,14.2556841373
343,0.0141198,0.0140392035246,0,0,14.036552906
344,0.01412,0.0140388337895,0,0,14.2704598904
345,0.014126,0.0140387108549,0,0,14.2155609131
346,0.014121,0.0140390899032,0,0,14.0365030766
347,0.0141194,0.01403867919,0,0,14.2703280449
348,0.014118,0.0140394400805,0,0,14.0278120041
349,0.0141219,0.0140393199399,0,0,14.0191161633
350,0.01412,0.0140391280875,0,0,14.0238277912
351,0.014122,0.0140391075984,0,0,14.0134191513
352,0.0141219,0.0140390954912,0,0,14.0265290737
353,0.0141224,0.0140390079468,0,0,14.01831007
354,0.014126,0.0140385599807,0,0,14.0224890709
355,0.0141221,0.0140395574272,0,0,14.0263178349
356,0.0141256,0.0140385990962,0,0,14.019742012
357,0.0141216,0.0140387555584,0,0,14.0249528885
358,0.0141224,0.0140386270359,0,0,14.0244719982
359,0.0141197,0.0140392314643,0,0,14.0251908302
360,0.0141191,0.0140384463593,0,1,14.0843479633
361,0.01412,0.0140390684828,0,0,14.6353781223
362,0.0141221,0.0140385078266,0,0,14.0175259113
363,0.0141199,0.0140392845497,0,0,14.0210490227
364,0.0141218,0.0140390647575,0,0,14.0241150856
365,0.0141135,0.014038765803,1,0,14.0603640079
366,0.0141269,0.0140383699909,0,1,14.1762979031
367,0.0141214,0.0140384696424,0,0,14.4820308685
368,0.0141225,0.0140383606777,0,1,14.0836889744
369,0.0141165,0.0140388151631,0,0,14.4900791645
370,0.0141154,0.0140386121348,0,0,14.7001268864
371,0.0141188,0.0140391141176,0,0,14.0354890823
372,0.0141248,0.0140388151631,0,0,14.2890548706
373,0.014119,0.0140391848981,0,0,14.0214760303
374,0.0141176,0.0140385711566,0,0,14.015182972
375,0.0141221,0.014038763009,0,0,14.0188598633
376,0.0141221,0.0140389855951,0,0,14.0178101063
377,0.0141177,0.0140388309956,0,0,14.0225610733
378,0.0141184,0.0140383597463,0,1,14.0795798302
379,0.0141183,0.0140386624262,0,0,14.3236169815
380,0.0141194,0.0140383755788,0,0,14.25948596
381,0.0141228,0.0140384407714,0,0,14.0253889561
382,0.0141231,0.014038070105,0,1,14.1237878799
383,0.0141257,0.0140382880345,0,0,14.4968338013
384,0.0141251,0.0140383951366,0,0,14.0175449848
385,0.0141242,0.0140385236591,0,0,14.258327961
386,0.0141245,0.0140385460109,0,0,14.2995519638
387,0.0141219,0.0140385432169,0,0,14.6641469002
388,0.0141231,0.0140380496159,0,1,14.326567173
389,0.014122,0.0140382610261,0,0,14.4863390923
390,0.0141224,0.0140375904739,0,1,14.7693219185
391,0.014117,0.0140384528786,0,0,14.5058810711
392,0.0141206,0.0140384649858,0,0,14.0175430775
393,0.0141198,0.0140385162085,0,0,14.4977600574
394,0.0141185,0.0140380496159,0,0,14.0227921009
395,0.0141257,0.014037434943,0,1,14.0853991508
396,0.0141207,0.0140387583524,0,0,14.494863987
397,0.0141224,0.0140381688252,0,0,14.0218520164
398,0.014114,0.014037781395,0,0,14.0243430138
399,0.0141224,0.0140376435593,0,0,14.0237419605
400,0.0141192,0.0140386400744,0,0,14.0632410049
401,0.0141178,0.0140381455421,0,0,14.0288879871
402,0.0141182,0.0140379173681,0,0,14.0254321098
403,0.0141177,0.014038127847,0,0,14.0696940422
404,0.014116,0.0140388654545,0,0,14.5006549358
405,0.014123,0.0140381520614,0,0,14.0293140411
406,0.0141189,0.0140379564837,0,0,14.0483250618
407,0.0141149,0.0140382228419,0,0,14.5236418247
408,0.0141189,0.01403798908,0,0,14.2628118992
409,0.0141221,0.0140383290127,0,0,14.0214560032
410,0.0141184,0.0140382843092,0,0,14.2791500092
411,0.0141204,0.0140378922224,0,0,14.029088974
412,0.0141186,0.0140383401886,0,0,14.2606170177
413,0.0141231,0.0140378549695,0,0,14.2888510227
414,0.0141152,0.0140385590494,0,0,14.2663769722
415,0.0141192,0.0140381520614,0,0,14.0259668827
416,0.0141197,0.0140383085236,0,0,14.0208370686
417,0.0141168,0.01403798908,0,0,14.0823390484
418,0.0141208,0.0140378559008,0,0,14.0190188885
419,0.0141141,0.0140380840749,0,0,14.0227630138
420,0.0141201,0.0140386112034,0,0,14.0477240086
421,0.0141199,0.01403734833,0,1,14.3346440792
422,0.0141145,0.0140376240015,0,0,14.4653949738
423,0.0141159,0.014038162306,0,0,14.0204720497
424,0.014123,0.0140382004902,0,0,14.2702260017
425,0.0141253,0.0140374237671,0,0,14.2543218136
426,0.0141146,0.0140377860516,0,0,14.2528908253
427,0.0141139,0.0140374200419,0,0,14.0499789715
428,0.0141192,0.014037639834,0,0,14.2730538845
429,0.0141196,0.0140379657969,0,0,14.4952919483
430,0.0141246,0.0140382209793,0,0,14.0205440521
431,0.0141193,0.0140377059579,0,0,14.2775161266
432,0.0141159,0.0140376193449,0,0,14.0189268589
433,0.0141175,0.0140379089862,0,0,14.0181279182
434,0.0141196,0.014038156718,0,0,14.0462172031
435,0.0141153,0.0140381446108,0,0,14.0309109688
436,0.0141201,0.0140376696363,0,0,14.018736124
437,0.014124,0.0140377022326,0,0,14.0317041874
438,0.0141168,0.01403827779,0,0,14.2677228451
439,0.014116,0.0140379462391,0,0,14.2131810188
440,0.014119,0.0140382731333,0,0,14.0444657803
441,0.0141218,0.0140372524038,0,1,14.11383605
442,0.0141256,0.0140376389027,0,0,14.2552690506
443,0.0141227,0.0140377944335,0,0,14.2246088982
444,0.0141141,0.0140370614827,0,1,14.3888940811
445,0.014118,0.0140377348289,0,0,14.9202997684
446,0.0141208,0.014037553221,0,0,14.4452960491
447,0.0141203,0.0140373716131,0,0,14.0492839813
448,0.0141246,0.0140373911709,0,0,14.0180428028
449,0.0141203,0.0140376640484,0,0,14.439068079
450,0.0141189,0.0140375914052,0,0,14.0173089504
451,0.014126,0.0140379415825,0,0,14.0210828781
452,0.0141166,0.0140373054892,0,0,14.0422179699
453,0.0141259,0.0140377692878,0,0,14.2732310295
454,0.0141228,0.0140375029296,0,0,14.0186669827
455,0.014114,0.0140374777839,0,0,14.0160632133
456,0.0141218,0.0140377506614,0,0,14.2729101181
457,0.0141133,0.0140372710302,1,0,14.020498991
458,0.0141141,0.0140371406451,0,0,14.0189199448
459,0.0141236,0.0140373576432,0,0,14.0471520424
460,0.0141145,0.0140372104943,0,0,14.0293431282
461,0.0141117,0.0140373501927,1,0,14.4972832203
462,0.0141223,0.0140373622999,0,0,14.0298728943
463,0.0141195,0.0140375150368,0,0,14.2745318413
464,0.0141186,0.0140375625342,0,0,14.0166039467
465,0.0141212,0.0140377655625,0,0,14.0202600956
466,0.0141201,0.0140375224873,0,0,14.5532310009
467,0.0141154,0.0140379695222,0,0,14.2734658718
468,0.0141146,0.014037469402,0,0,14.0158801079
469,0.0141121,0.0140369525179,0,1,14.0801842213
470,0.0141212,0.0140370139852,0,0,14.6250579357
471,0.0141157,0.0140373436734,0,0,14.0233860016
472,0.0141143,0.0140370009467,0,0,14.0220258236
473,0.0141163,0.0140373455361,0,0,14.5688521862
474,0.0141164,0.014036742039,0,1,14.3605878353
475,0.0141246,0.014037209563,0,0,14.65011096
476,0.0141156,0.0140371061862,0,0,14.023211956
477,0.0141202,0.0140365445986,0,1,14.0878140926
478,0.0141223,0.0140370475128,0,0,14.8849461079
479,0.0141145,0.0140374973416,0,0,14.2610998154
480,0.0141203,0.0140369720757,0,0,14.0218231678
481,0.0141259,0.0140374321491,0,0,14.0255839825
482,0.0141199,0.0140378233045,0,0,14.0164251328
483,0.0141194,0.0140373548493,0,0,14.0232019424
484,0.0141246,0.0140369413421,0,0,14.019726038
485,0.0141216,0.0140372971073,0,0,14.0244550705
486,0.0141179,0.0140365948901,0,0,14.020788908
487,0.0141141,0.0140366107225,0,0,14.0181939602
488,0.0141169,0.0140371602029,0,0,14.0263710022
489,0.0141101,0.014036744833,1,0,14.0212938786
490,0.0141162,0.0140368090943,0,0,14.0182099342
491,0.0141178,0.0140367401764,0,0,14.025673151
492,0.0141194,0.0140371322632,0,0,14.0208771229
493,0.0141151,0.0140370093286,0,0,14.0214340687
494,0.0141211,0.0140368258581,0,0,14.019728899
495,0.0141143,0.0140365520492,0,0,14.0204930305
496,0.0141187,0.0140367858112,0,0,14.0210390091
497,0.0141198,0.0140368267894,0,0,14.0210409164
498,0.0141197,0.0140368537977,0,0,14.0143060684
499,0.0141147,0.0140373706818,0,0,14.0274260044
500,0.0141131,0.0140369534492,0,0,14.0232658386
501,0.0141203,0.0140362791717,0,1,14.0931360722
502,0.0141178,0.0140369860455,0,0,15.0493781567
503,0.0141186,0.0140370102599,0,0,14.7355020046
504,0.0141184,0.0140366069973,0,0,14.016972065
505,0.0141155,0.0140368882567,0,0,14.0214409828
506,0.014123,0.0140369823202,0,0,14.4548799992
507,0.0141183,0.0140368901193,0,0,14.02084589
508,0.0141153,0.0140366647393,0,0,14.2598068714
509,0.0141222,0.0140369394794,0,0,14.5027050972
510,0.014125,0.0140367373824,0,0,14.0174090862
511,0.0141164,0.0140365343541,0,0,14.0213098526
512,0.0141191,0.0140361599624,0,1,14.0804009438
513,0.0141216,0.0140362819657,0,0,14.8429830074
514,0.0141239,0.014037319459,0,0,14.2803239822
515,0.014118,0.0140366228297,0,0,14.02348423
516,0.0141239,0.0140364309773,0,0,14.0230920315
517,0.0141185,0.0140359634534,0,1,14.1798501015
518,0.0141176,0.0140367029235,0,0,14.4182469845
519,0.0141154,0.0140364030376,0,0,14.4991579056
520,0.014123,0.0140365911648,0,0,14.2296850681
521,0.0141168,0.0140362940729,0,0,14.5119841099
522,0.0141199,0.0140368016437,0,0,14.0160219669
523,0.0141192,0.0140365650877,0,0,14.0145127773
524,0.014125,0.0140364468098,0,0,14.6647849083
525,0.0141254,0.0140358693898,0,1,14.6987690926
526,0.0141212,0.0140361627564,0,0,14.6968450546
527,0.0141184,0.0140365259722,0,0,14.4190599918
528,0.0141182,0.014036805369,0,0,14.225110054
529,0.0141112,0.0140368659049,0,0,14.5226490498
530,0.0141227,0.0140368854627,0,0,14.2506148815
531,0.0141149,0.0140364160761,0,0,14.4049978256
532,0.0141128,0.0140367783606,0,0,14.0206749439
533,0.014112,0.0140361953527,0,0,14.2547841072
534,0.0141194,0.0140358656645,0,1,14.5822582245
535,0.0141218,0.0140366461128,0,0,14.4695539474
536,0.0141237,0.0140363341197,0,0,14.0128998756
537,0.014113,0.0140360612422,0,0,14.2697088718
538,0.0141226,0.0140365948901,0,0,14.6695251465
539,0.0141165,0.0140363741666,0,0,14.2807500362
540,0.0141163,0.014036453329,0,0,14.0144808292
541,0.0141221,0.0140366023406,0,0,14.0479738712
542,0.0141124,0.0140362288803,0,0,14.0146579742
543,0.0141119,0.0140357641503,0,1,14.0788590908
544,0.0141157,0.0140365334228,0,0,14.4724581242
545,0.0141198,0.014036314562,0,0,14.2876179218
546,0.0141155,0.0140363834798,0,0,14.4890289307
547,0.0141191,0.0140360696241,0,0,14.0151791573
548,0.0141208,0.0140362447128,0,0,14.0290980339
549,0.0141207,0.0140360090882,0,0,14.5090711117
550,0.0141151,0.0140360044315,0,0,14.0154960155
551,0.0141213,0.0140356784686,0,1,14.3197090626
552,0.014122,0.0140361553058,0,0,14.6291120052
553,0.0141188,0.0140364114195,0,0,14.4882740974
554,0.0141184,0.0140356635675,0,1,14.0710759163
555,0.0141194,0.0140361208469,0,0,14.5198278427
556,0.0141178,0.0140359727666,0,0,14.9549438953
557,0.0141137,0.0140355695039,0,1,14.0777299404
558,0.0141186,0.0140357203782,0,0,14.4534528255
559,0.0141251,0.0140359932557,0,0,14.2217538357
560,0.0141175,0.0140363313258,0,0,14.6955571175
561,0.0141154,0.0140360193327,0,0,14.6733019352
562,0.0141118,0.0140358619392,0,0,14.4127409458
563,0.0141163,0.0140356374905,0,0,14.45966506
564,0.0141203,0.0140362605453,0,0,14.4588840008
565,0.0141142,0.0140359299257,0,0,14.0254690647
566,0.0141165,0.0140356710181,0,0,14.0247490406
567,0.0141127,0.0140352416784,0,1,14.0870268345
568,0.014117,0.0140361571684,0,0,14.7984218597
569,0.0141207,0.014036742039,0,0,14.6004550457
570,0.0141169,0.0140363993123,0,0,14.585821867
571,0.0141189,0.014035243541,0,0,14.4439380169
572,0.0141223,0.0140361478552,0,0,14.1898448467
573,0.01412,0.0140358870849,0,0,14.8412089348
574,0.0141148,0.0140357427299,0,0,14.4775769711
575,0.0141167,0.014036135748,0,0,14.5744469166
576,0.0141163,0.014036167413,0,0,14.4218890667
577,0.0141186,0.014035708271,0,0,14.7562279701
578,0.014114,0.0140352910385,0,0,14.1738870144
579,0.0141176,0.0140360612422,0,0,14.1496531963
580,0.0141163,0.0140364868566,0,0,14.4128301144
581,0.0141171,0.014035702683,0,0,14.6359488964
582,0.0141137,0.0140356421471,0,0,14.1599259377
583,0.0141198,0.0140353254974,0,0,13.9217729568
584,0.0141107,0.0140360658988,0,0,14.1867082119
585,0.0141181,0.0140352789313,0,0,14.4597609043
586,0.0141169,0.0140349427238,0,1,14.6868929863
587,0.0141134,0.0140353254974,0,0,14.4755330086
588,0.0141232,0.0140354866162,0,0,14.7247269154
589,0.0141147,0.0140357967466,0,0,14.2686240673
590,0.0141154,0.0140354130417,0,0,14.3980109692
591,0.0141174,0.0140358218923,0,0,14.0404119492
592,0.0141267,0.0140354502946,0,0,14.023225069
593,0.014119,0.0140357492492,0,0,14.0230660439
594,0.0141128,0.0140362847596,0,0,14.4506709576
595,0.0141165,0.0140356523916,0,0,14.2743461132
596,0.0141178,0.0140352947637,0,0,14.0203800201
597,0.0141158,0.0140357445925,0,0,14.4129769802
598,0.0141175,0.014035413973,0,0,14.0223450661
599,0.0141184,0.0140357678756,0,0,14.0225639343
600,0.0141122,0.0140356151387,0,0,14.0237770081
601,0.014121,0.0140360044315,0,0,14.0244219303
602,0.01412,0.0140357324854,0,0,14.0248348713
603,0.0141154,0.0140351792797,0,0,14.0208399296
604,0.0141209,0.0140354968607,0,0,14.02420187
605,0.0141165,0.0140350647271,0,0,14.0169930458
606,0.0141161,0.0140354316682,0,0,14.0201261044
607,0.0141105,0.0140356831253,0,0,14.0238790512
608,0.0141156,0.0140357119963,0,0,14.022578001
609,0.0141158,0.0140355918556,0,0,14.0226349831
610,0.014116,0.0140354605392,0,0,14.0209958553
611,0.0141215,0.0140346856788,0,1,14.0867230892
612,0.0141152,0.0140353078023,0,0,14.0336630344
613,0.0141171,0.0140361553058,0,0,14.0267589092
614,0.0141119,0.0140351261944,0,0,14.0303690434
615,0.0141141,0.0140349427238,0,0,14.2977080345
616,0.0141162,0.0140357837081,0,0,14.2932171822
617,0.014116,0.0140347108245,0,0,14.0287311077
618,0.0141208,0.0140358740464,0,0,14.2587800026
619,0.0141105,0.0140351587906,0,0,14.0889527798
620,0.0141158,0.0140356179327,0,0,14.5014491081
621,0.0141134,0.0140357110649,0,0,14.2571239471
622,0.0141235,0.0140351383016,0,0,14.0280508995
623,0.0141147,0.0140351122245,0,0,14.2607018948
624,0.0141213,0.0140356263146,0,0,14.0730280876
625,0.014117,0.014035009779,0,0,14.2682468891
626,0.0141148,0.0140349324793,0,0,14.2643871307
627,0.0141177,0.0140352929011,0,0,14.2677850723
628,0.0141161,0.0140345375985,0,1,14.4201910496
629,0.0141191,0.0140345105901,0,1,14.5365331173
630,0.01412,0.0140352640301,0,0,14.8677511215
631,0.0141127,0.0140353832394,0,0,14.2535641193
632,0.0141195,0.0140348458663,0,0,14.4413750172
633,0.0141254,0.0140350516886,0,0,14.2064948082
634,0.0141186,0.0140348486602,0,0,14.2077999115
635,0.0141161,0.014034986496,0,0,14.6068029404
636,0.0141168,0.0140350265428,0,0,14.060749054
637,0.0141208,0.0140349026769,0,0,14.0549550056
638,0.0141168,0.0140349613503,0,0,14.0534927845
639,0.0141171,0.0140347927809,0,0,14.1079900265
640,0.0141129,0.0140349222347,0,0,14.3955640793
641,0.0141149,0.0140350796282,0,0,14.3507189751
642,0.0141223,0.0140350479633,0,0,13.9852740765
643,0.0141196,0.0140350358561,0,0,14.3497970104
644,0.0141113,0.0140355192125,0,0,15.2806510925
645,0.0141203,0.0140350200236,0,0,14.3654801846
646,0.0141172,0.0140344342217,0,1,14.9232180119
647,0.0141117,0.014034432359,0,1,14.5604250431
648,0.0141123,0.014035532251,0,0,14.6209242344
649,0.014119,0.0140358367935,0,0,14.6295669079
650,0.0141174,0.0140345469117,0,0,14.6808459759
651,0.0141138,0.0140347834677,0,0,14.2716331482
652,0.0141161,0.0140350805596,0,0,14.2588250637
653,0.0141129,0.0140352305025,0,0,14.6990680695
654,0.0141119,0.0140346167609,0,0,14.2696008682
655,0.0141158,0.0140347536653,0,0,14.0295379162
656,0.0141197,0.0140354419127,0,0,14.0310840607
657,0.0141164,0.0140356263146,0,0,14.0292448997
658,0.0141143,0.0140348765999,0,0,14.4615578651
659,0.0141165,0.014034923166,0,0,14.4960689545
660,0.0141186,0.0140350647271,0,0,14.0296700001
661,0.01412,0.0140345357358,0,0,14.2681019306
662,0.0141138,0.0140349920839,0,0,14.6718780994
663,0.0141109,0.0140349213034,0,0,14.2285170555
664,0.0141173,0.014034666121,0,0,14.0410020351
665,0.014115,0.0140347965062,0,0,14.0754570961
666,0.0141175,0.0140347192064,0,0,14.2751319408
667,0.0141183,0.0140347760171,0,0,14.0247030258
668,0.0141232,0.0140342181548,0,1,14.6925640106
669,0.0141146,0.014034550637,0,0,14.4418549538
670,0.0141166,0.0140346558765,0,0,14.2141551971
671,0.0141149,0.0140352686867,0,0,14.221228838
672,0.0141126,0.0140344230458,0,0,14.5279040337
673,0.0141179,0.0140346558765,0,0,13.9773640633
674,0.0141175,0.0140346968547,0,0,14.5991899967
675,0.0141148,0.0140351643786,0,0,14.5008170605
676,0.0141185,0.0140348402783,0,0,14.6755270958
677,0.0141149,0.0140346447006,0,0,14.8402299881
678,0.014114,0.0140345757827,0,0,14.039896965
679,0.0141148,0.0140346093103,0,0,14.0131008625
680,0.0141129,0.0140350656584,0,0,14.0161468983
681,0.0141151,0.0140349427238,0,0,14.0124120712
682,0.0141164,0.0140345282853,0,0,14.0118219852
683,0.0141166,0.014034261927,0,0,14.0275800228
684,0.0141178,0.0140337012708,0,1,14.0937469006
685,0.014115,0.0140343019739,0,0,14.2431521416
686,0.014115,0.0140346009284,0,0,14.565130949
687,0.0141161,0.0140343494713,0,0,14.0203001499
688,0.0141128,0.0140343941748,0,0,14.0193059444
689,0.0141172,0.0140342861414,0,0,14.0204691887
690,0.014119,0.0140343755484,0,0,14.0247850418
691,0.0141118,0.0140349939466,0,0,14.0192670822
692,0.014114,0.0140344733372,0,0,14.0269918442
693,0.0141163,0.0140346204862,0,0,14.0214948654
694,0.0141121,0.0140343550593,0,0,14.0254180431
695,0.0141128,0.0140344128013,0,0,14.0250468254
696,0.0141157,0.0140349213034,0,0,14.0263719559
697,0.0141071,0.0140341948718,1,0,14.0257589817
698,0.0141185,0.0140345608816,0,0,14.0211949348
699,0.014112,0.01403503865,0,0,14.0214340687
700,0.0141153,0.0140348002315,0,0,14.026597023
701,0.0141139,0.014034778811,0,0,14.021417141
702,0.0141158,0.0140339815989,0,0,14.022660017
703,0.0141175,0.0140342582017,0,0,14.0226531029
704,0.0141135,0.0140339536592,0,0,14.0261659622
705,0.01411,0.0140341082588,0,0,14.022081852
706,0.01411,0.014034521766,0,0,14.022799015
707,0.0141115,0.0140346493572,0,0,14.0223078728
708,0.0141168,0.0140343066305,0,0,14.025539875
709,0.0141193,0.0140341743827,0,0,14.0187559128
710,0.014113,0.0140341948718,0,0,14.0267910957
711,0.0141133,0.0140339033678,0,0,14.0179848671
712,0.0141176,0.0140343131498,0,0,14.021928072
713,0.0141145,0.0140336723998,0,1,14.1086530685
714,0.0141135,0.0140337217599,0,0,14.4989199638
715,0.014113,0.0140341166407,0,0,14.7257258892
716,0.0141128,0.0140345860273,0,0,14.2661678791
717,0.0141142,0.0140340011567,0,0,14.0272409916
718,0.0141122,0.0140333306044,0,1,14.3918910027
719,0.0141174,0.0140337347984,0,0,14.9021649361
720,0.0141112,0.0140337953344,0,0,14.2646272182
721,0.0141117,0.0140333846211,0,0,14.2906060219
722,0.0141149,0.0140343876556,0,0,14.2891449928
723,0.014111,0.0140337459743,0,0,14.5028610229
724,0.0141159,0.0140333948657,0,0,14.2787740231
725,0.0141143,0.0140342023224,0,0,14.2694270611
726,0.0141117,0.0140344509855,0,0,14.0943760872
727,0.0141151,0.0140341864899,0,0,14.0327630043
728,0.014118,0.0140344342217,0,0,14.0354671478
729,0.0141195,0.0140341883525,0,0,14.0362269878
730,0.0141117,0.0140332821757,0,1,14.0999281406
731,0.0141129,0.0140346158296,0,0,14.5031089783
732,0.014117,0.0140334302559,0,0,14.0291728973
733,0.0141158,0.0140339434147,0,0,14.0295510292
734,0.0141122,0.0140334842727,0,0,14.0776119232
735,0.0141192,0.0140342796221,0,0,14.0357301235
736,0.0141125,0.0140339033678,0,0,14.0277619362
737,0.0141182,0.0140339145437,0,0,14.0295259953
738,0.0141148,0.0140337897465,0,0,14.0300450325
739,0.0141178,0.0140335178003,0,0,14.0318288803
740,0.0141097,0.0140333753079,0,0,14.0298681259
741,0.0141152,0.0140341008082,0,0,14.0272889137
742,0.014111,0.0140341296792,0,0,14.0292260647
743,0.0141182,0.0140337655321,0,0,14.2914278507
744,0.0141152,0.0140335671604,0,0,14.2737789154
745,0.014115,0.0140332132578,0,1,14.0884580612
746,0.0141158,0.0140334963799,0,0,14.8916261196
747,0.0141064,0.0140338502824,1,0,14.2736070156
748,0.0141146,0.014033970423,0,0,14.0360081196
749,0.0141179,0.0140333054587,0,0,14.0354988575
750,0.0141151,0.0140336081386,0,0,14.298853159
751,0.0141133,0.0140335252509,0,0,14.0542578697
752,0.0141111,0.01403388381,0,0,14.0352120399
753,0.0141141,0.0140336602926,0,0,14.0340600014
754,0.0141137,0.0140337245539,0,0,14.4364290237
755,0.0141153,0.0140328872949,0,1,14.155921936
756,0.0141132,0.014033225365,0,0,14.7249588966
757,0.0141202,0.0140337543562,0,0,14.0273981094
758,0.0141166,0.0140332495794,0,0,14.5017559528
759,0.0141166,0.0140335680917,0,0,14.2785418034
760,0.014113,0.0140344537795,0,0,14.2624020576
761,0.0141171,0.0140337292105,0,0,14.0254421234
762,0.0141149,0.0140337571502,0,0,14.0326340199
763,0.014108,0.0140330614522,0,0,14.0269489288
764,0.0141136,0.014033941552,0,0,14.2998878956
765,0.0141155,0.0140335150063,0,0,14.0317008495
766,0.0141128,0.0140335448086,0,0,14.0295011997
767,0.0141166,0.0140332812443,0,0,14.0294930935
768,0.0141137,0.0140338586643,0,0,14.0332951546
769,0.0141153,0.0140334777534,0,0,14.0260560513
770,0.0141088,0.0140335550532,0,0,14.0292630196
771,0.0141127,0.0140337292105,0,0,14.0320389271
772,0.0141131,0.014033054933,0,0,14.027050972
773,0.0141155,0.0140334609896,0,0,14.4532599449
774,0.0141137,0.0140332076699,0,0,14.0287179947
775,0.0141134,0.0140339601785,0,0,14.0304849148
776,0.0141115,0.0140339685604,0,0,14.0299658775
777,0.0141129,0.0140332644805,0,0,14.0284528732
778,0.0141142,0.0140332533047,0,0,14.0282728672
779,0.0141181,0.0140339685604,0,0,14.0240588188
780,0.0141209,0.0140331927687,0,0,14.0244410038
781,0.0141168,0.0140335336328,0,0,14.0280189514
782,0.0141185,0.0140333790332,0,0,14.0281839371
783,0.0141091,0.0140330139548,0,0,14.0316619873
784,0.0141097,0.0140330949798,0,0,14.0301818848
785,0.0141113,0.014032994397,0,0,14.2917978764
786,0.0141105,0.0140333138406,0,0,14.0295348167
787,0.0141189,0.014033453539,0,0,14.0231020451
788,0.0141163,0.0140333399177,0,0,14.0328700542
789,0.0141099,0.0140330214053,0,0,14.0245361328
790,0.0141139,0.0140334162861,0,0,14.0314240456
791,0.0141174,0.0140325287357,0,1,14.0912868977
792,0.0141199,0.014033393003,0,0,14.068048954
793,0.0141155,0.0140329850838,0,0,14.0316469669
794,0.0141145,0.0140332644805,0,0,14.0306038857
795,0.0141094,0.014033225365,0,0,14.2880580425
796,0.0141126,0.0140333361924,0,0,14.0598800182
797,0.0141149,0.0140332747251,0,0,14.0303518772
798,0.0141169,0.0140332579613,0,0,14.0334339142
799,0.0141219,0.0140333650634,0,0,14.3941400051
800,0.0141142,0.014033075422,0,0,14.6247079372
801,0.0141138,0.014033395797,0,0,14.7016460896
802,0.0141134,0.0140328807756,0,0,14.2901110649
803,0.0141139,0.0140334451571,0,0,14.0779688358
804,0.0141123,0.014032731764,0,0,14.0345799923
805,0.0141155,0.0140335028991,0,0,14.0320999622
806,0.0141094,0.0140333333984,0,0,14.2494931221
807,0.0141141,0.0140326628461,0,0,14.295219183
808,0.0141119,0.0140330949798,0,0,14.0271799564
809,0.014114,0.0140330670401,0,0,14.0326359272
810,0.0141154,0.0140332309529,0,0,14.0295219421
811,0.0141151,0.0140334377065,0,0,14.0334172249
812,0.0141162,0.0140328034759,0,0,14.0349700451
813,0.0141174,0.0140331918374,0,0,14.0327208042
814,0.0141105,0.0140334106982,0,0,14.0324659348
815,0.0141096,0.0140331843868,0,0,14.3263230324
816,0.014113,0.0140333194286,0,0,14.0328109264
817,0.0141165,0.0140328966081,0,0,14.259966135
818,0.0141159,0.0140330987051,0,0,14.07030797
819,0.0141098,0.0140331014991,0,0,14.4293489456
820,0.0141184,0.014033026062,0,0,14.0304830074
821,0.014112,0.0140325985849,0,0,14.0301530361
822,0.0141178,0.0140326255932,0,0,14.4258620739
823,0.0141222,0.0140335680917,0,0,14.2968900204
824,0.01411,0.014032737352,0,0,14.0323560238
825,0.0141111,0.0140328193083,0,0,14.938792944
826,0.0141084,0.0140328397974,0,0,14.0320608616
827,0.0141157,0.0140327969566,0,0,14.5061748028
828,0.0141125,0.0140329534188,0,0,14.0349991322
829,0.0141151,0.0140328835696,0,0,14.2602469921
830,0.0141122,0.0140331285074,0,0,14.0888299942
831,0.0141147,0.0140328947455,0,0,14.0384390354
832,0.0141157,0.0140325529501,0,0,14.0318369865
833,0.0141103,0.0140329720452,0,0,14.0314049721
834,0.0141134,0.0140332756564,0,0,14.0289149284
835,0.0141108,0.0140330707654,0,0,14.02794981
836,0.0141097,0.0140326200053,0,0,14.0285220146
837,0.0141114,0.0140328006819,0,0,14.2799141407
838,0.0141126,0.014032847248,0,0,14.0300250053
839,0.0141165,0.0140328155831,0,0,14.0277910233
840,0.0141126,0.0140324411914,0,1,14.1104340553
841,0.0141168,0.0140326460823,0,0,14.2576150894
842,0.0141076,0.0140332709998,0,0,14.025329113
843,0.014121,0.0140324244276,0,1,14.5839710236
844,0.0141156,0.0140324952081,0,0,14.7282671928
845,0.0141198,0.0140327280387,0,0,14.4146959782
846,0.0141154,0.0140328314155,0,0,14.2625069618
847,0.0141096,0.014032650739,0,0,14.0266518593
848,0.0141154,0.0140329059213,0,0,14.6433191299
849,0.014117,0.0140327252448,0,0,14.6391751766
850,0.0141167,0.0140328072011,0,0,14.0249199867
851,0.0141098,0.0140331499279,0,0,14.4553561211
852,0.0141168,0.0140328435227,0,0,14.2957601547
853,0.0141132,0.0140325576067,0,0,14.0770480633
854,0.0141105,0.0140325576067,0,0,14.4698839188
855,0.0141146,0.0140324970707,0,0,14.9621698856
856,0.0141147,0.0140320323408,0,1,14.3348481655
857,0.0141135,0.0140324085951,0,0,14.7116820812
858,0.0141154,0.0140327289701,0,0,14.2889809608
859,0.0141134,0.0140325184911,0,0,14.3148291111
860,0.0141088,0.0140323629603,0,0,14.0257828236
861,0.0141165,0.0140321189538,0,0,14.0256171227
862,0.0141118,0.0140329580754,0,0,14.0267748833
863,0.0141088,0.014033046551,0,0,14.0259678364
864,0.0141173,0.0140327038243,0,0,14.0301320553
865,0.0141118,0.0140322856605,0,0,14.0255880356
866,0.0141091,0.0140327764675,0,0,14.0296599865
867,0.014116,0.0140321645886,0,0,14.4264140129
868,0.014115,0.0140329273418,0,0,14.0267012119
869,0.0141127,0.0140323583037,0,0,14.0223071575
870,0.0141133,0.0140322661027,0,0,14.2816751003
871,0.0141155,0.0140321739018,0,0,14.0269551277
872,0.0141096,0.0140320407227,0,0,14.0244688988
873,0.0141153,0.0140320546925,0,0,14.0229229927
874,0.0141094,0.0140320938081,0,0,14.2872490883
875,0.0141167,0.0140328453854,0,0,14.0247130394
876,0.0141183,0.0140328463167,0,0,14.0239009857
877,0.0141112,0.0140319457278,0,1,14.1002850533
878,0.0141068,0.0140323294327,0,0,14.6575250626
879,0.0141165,0.0140324961394,0,0,14.0310759544
880,0.0141085,0.0140320584178,0,0,14.0319449902
881,0.0141092,0.0140318768099,0,1,14.4479219913
882,0.0141192,0.0140325827524,0,0,14.4832611084
883,0.0141133,0.0140316048637,0,1,14.3333339691
884,0.0141107,0.0140319103375,0,0,14.2510919571
885,0.0141145,0.0140324635431,0,0,14.0298080444
886,0.014116,0.0140326134861,0,0,14.6393499374
887,0.0141169,0.0140325538814,0,0,14.2587099075
888,0.0141143,0.0140322893858,0,0,14.0288789272
889,0.01411,0.0140322213992,0,0,14.0285251141
890,0.0141108,0.0140316477045,0,0,14.4481990337
891,0.0141089,0.0140319718048,0,0,14.0245578289
892,0.0141128,0.0140329645947,0,0,14.0255079269
893,0.0141147,0.0140322353691,0,0,14.2528369427
894,0.0141135,0.0140318609774,0,0,15.0100579262
895,0.014109,0.0140314996243,0,1,14.9687180519
896,0.0141134,0.0140318879858,0,0,14.6183829308
897,0.0141143,0.0140318628401,0,0,14.5255529881
898,0.0141119,0.0140320686623,0,0,14.5111401081
899,0.014112,0.0140318833292,0,0,14.6461141109
900,0.0141124,0.0140322567895,0,0,14.0215630531
901,0.0141103,0.014031634666,0,0,14.0198411942
902,0.0141093,0.0140325240791,0,0,14.0253419876
903,0.0141151,0.0140319745988,0,0,14.0181541443
904,0.0141152,0.0140317026526,0,0,14.0240249634
905,0.0141123,0.0140319503844,0,0,14.0223031044
906,0.0141142,0.0140320453793,0,0,14.0241241455
907,0.0141102,0.0140319475904,0,0,14.0224719048
908,0.0141129,0.0140320546925,0,0,14.0215809345
909,0.0141092,0.0140320574865,0,0,14.020637989
910,0.0141092,0.0140321012586,0,0,14.0219349861
911,0.0141096,0.0140319177881,0,0,14.0192079544
912,0.0141147,0.0140316216275,0,0,14.0216739178
913,0.0141116,0.0140323834494,0,0,14.0254299641
914,0.0141099,0.0140319354832,0,0,14.0242481232
915,0.0141089,0.0140320658684,0,0,14.0224409103
916,0.0141108,0.014031548053,0,0,14.0234179497
917,0.0141144,0.01403134875,0,1,14.145802021
918,0.0141118,0.0140317780897,0,0,14.6759591103
919,0.0141131,0.0140315517783,0,0,14.0237379074
920,0.0141114,0.0140318870544,0,0,14.2642431259
921,0.0141141,0.0140316560864,0,0,14.7188270092
922,0.0141118,0.0140321953222,0,0,14.5248150826
923,0.0141175,0.0140314800665,0,0,14.2609832287
924,0.0141106,0.0140321673825,0,0,14.2573399544
925,0.014116,0.0140318414196,0,0,14.2977540493
926,0.0141122,0.0140319606289,0,0,14.023763895
927,0.0141128,0.0140315145254,0,0,14.024520874
928,0.0141099,0.0140315154567,0,0,14.0266530514
929,0.0141123,0.0140315862373,0,0,14.0265359879
930,0.0141136,0.0140317277983,0,0,14.0234878063
931,0.0141124,0.0140321347862,0,0,14.0243740082
932,0.0141149,0.0140321711078,0,0,14.0271809101
933,0.0141158,0.0140319559723,0,0,14.0204770565
934,0.0141122,0.0140317436308,0,0,14.0185518265
935,0.0141122,0.0140320193022,0,0,14.0258510113
936,0.0141137,0.0140314539894,0,0,14.0299739838
937,0.0141144,0.0140314968303,0,0,14.0247628689
938,0.0141072,0.0140317194164,0,0,14.0252330303
939,0.0141121,0.0140318749472,0,0,14.0262479782
940,0.0141142,0.014032212086,0,0,14.027974844
941,0.0141119,0.0140317473561,0,0,14.0555620193
942,0.0141127,0.0140316793695,0,0,14.0238199234
943,0.014108,0.0140318358317,0,0,14.0202250481
944,0.014114,0.0140313655138,0,0,14.042689085
945,0.0141097,0.0140310106799,0,1,14.3284130096
946,0.0141144,0.0140312286094,0,0,14.4792428017
947,0.0141153,0.014031553641,0,0,14.2448399067
948,0.0141127,0.0140317026526,0,0,14.0207271576
949,0.0141084,0.0140314707533,0,0,14.0213241577
950,0.0141138,0.0140317492187,0,0,14.8767931461
951,0.014114,0.0140314055607,0,0,14.2701911926
952,0.0141094,0.0140311568975,0,0,14.6962878704
953,0.0141143,0.014031201601,0,0,14.2815818787
954,0.0141134,0.0140313738957,0,0,14.0474131107
955,0.014116,0.0140311820433,0,0,14.2732801437
956,0.0141065,0.0140311699361,0,0,14.2368109226
957,0.0141133,0.0140312323347,0,0,14.4910302162
958,0.0141108,0.0140315499157,0,0,14.2628078461
959,0.0141091,0.0140321031213,0,0,14.2690718174
960,0.014107,0.0140320351347,0,0,14.0235519409
961,0.0141137,0.0140318544582,0,0,14.0211548805
962,0.0141135,0.0140314213932,0,0,14.3029580116
963,0.0141201,0.0140316244215,0,0,14.020868063
964,0.0141117,0.0140316309407,0,0,14.0211141109
965,0.0141124,0.0140315564349,0,0,14.0224769115
966,0.0141062,0.0140310246497,1,0,14.0246241093
967,0.0141176,0.0140315471217,0,0,14.0215060711
968,0.0141113,0.0140317035839,0,0,14.0206580162
969,0.0141097,0.0140313403681,0,0,14.0223798752
970,0.0141134,0.0140317631885,0,0,14.0240859985
971,0.0141096,0.014031663537,0,0,14.0194308758
972,0.0141112,0.0140313655138,0,0,14.0229887962
973,0.0141114,0.0140307536349,0,1,14.089329958
974,0.014115,0.0140308011323,0,0,14.4930150509
975,0.0141083,0.0140315489843,0,0,14.4996609688
976,0.0141074,0.0140320500359,0,0,14.2378740311
977,0.0141182,0.0140311894938,0,0,14.2865190506
978,0.0141055,0.0140311662108,1,0,14.4963591099
979,0.0141087,0.0140309957787,0,0,14.0216939449
980,0.0141106,0.0140314279124,0,0,14.2527549267
981,0.0141122,0.0140317315236,0,0,14.2977130413
982,0.0141108,0.0140312388539,0,0,14.0291929245
983,0.0141093,0.0140315815806,0,0,14.0243089199
984,0.0141073,0.0140312397853,0,0,14.0259509087
985,0.0141129,0.014031608589,0,0,14.025578022
986,0.0141149,0.0140312025324,0,0,14.02490592
987,0.0141085,0.0140311457217,0,0,14.0261521339
988,0.0141099,0.0140310125425,0,0,14.0294039249
989,0.0141098,0.0140311978757,0,0,14.0466730595
990,0.0141131,0.0140312239528,0,0,14.0200929642
991,0.0141113,0.0140313087031,0,0,14.0319459438
992,0.0141112,0.0140310693532,0,0,14.599656105
993,0.0141104,0.0140313403681,0,0,14.0258870125
994,0.0141097,0.0140307070687,0,1,14.0921850204
995,0.0141123,0.014030800201,0,0,14.5968308449
996,0.0141063,0.0140304416418,0,1,14.8122599125
997,0.0141044,0.0140312220901,1,0,14.793861866
998,0.0141145,0.0140312612057,0,0,14.1966631413
999,0.0141109,0.014030970633,0,0,14.7437398434
1000,0.014109,0.0140307871625,0,0,14.9360229969
1001,0.0141113,0.014031576924,0,0,14.6950101852
1002,0.0141146,0.0140308151022,0,0,14.4587550163
1003,0.0141051,0.0140311094001,0,0,14.1789588928
1004,0.0141146,0.0140320863575,0,0,14.418612957
1005,0.0141091,0.0140312323347,0,0,14.8499960899
1006,0.014115,0.0140298306942,0,1,14.0517711639
1007,0.0141109,0.0140304267406,0,0,14.943764925
1008,0.0141112,0.0140306157991,0,0,14.492898941
1009,0.0141157,0.0140305040404,0,0,14.277602911
1010,0.0141155,0.0140308821574,0,0,14.0191321373
1011,0.0141165,0.0140305105597,0,0,14.2620029449
1012,0.0141137,0.0140309147537,0,0,14.6588180065
1013,0.0141151,0.0140309901908,0,0,14.2192058563
1014,0.0141119,0.0140306726098,0,0,14.9804680347
1015,0.0141115,0.0140305273235,0,0,14.3872981071
1016,0.0141053,0.014030485414,0,0,14.4245860577
1017,0.014111,0.0140307312831,0,0,14.2534179688
1018,0.0141187,0.0140309082344,0,0,14.7928180695
1019,0.0141115,0.0140302842483,0,0,14.8791739941
1020,0.0141142,0.0140302982181,0,0,14.6464989185
1021,0.0141128,0.0140306092799,0,0,14.2427840233
1022,0.0141117,0.0140309352428,0,0,14.2718300819
1023,0.0141117,0.0140303885564,0,0,14.3001770973
1024,0.0141064,0.014030424878,0,0,14.752655983
1025,0.0141099,0.0140308728442,0,0,14.0376498699
1026,0.0141089,0.0140307759866,0,0,14.5324668884
1027,0.0141069,0.0140309063718,0,0,14.0060272217
1028,0.0141153,0.014030341059,0,0,14.0139038563
1029,0.0141091,0.0140309315175,0,0,14.6991491318
1030,0.0141135,0.0140304677188,0,0,14.0346310139
1031,0.0141102,0.0140306344256,0,0,14.2492411137
1032,0.0141037,0.0140309743583,1,0,14.2468349934
1033,0.0141113,0.0140304407105,0,0,14.2667768002
1034,0.0141125,0.0140301091596,0,0,14.0105719566
1035,0.0141112,0.0140305794775,0,0,14.0081121922
1036,0.0141137,0.0140303047374,0,0,14.0588300228
1037,0.0141102,0.0140306372195,0,0,14.8345930576
1038,0.0141068,0.0140309007838,0,0,14.0140750408
1039,0.0141114,0.014030941762,0,0,14.0064151287
1040,0.0141139,0.0140308085829,0,0,14.4540288448
1041,0.0141133,0.0140309901908,0,0,14.4036939144
1042,0.014114,0.014030624181,0,0,14.0083289146
1043,0.0141118,0.0140307955444,0,0,14.2472388744
1044,0.0141116,0.0140301613137,0,0,14.2789709568
1045,0.0141128,0.0140309063718,0,0,14.0104830265
1046,0.0141081,0.0140297980979,0,1,14.0775959492
1047,0.0141098,0.0140307359397,0,0,14.5015001297
1048,0.0141101,0.0140298726037,0,0,14.8590450287
1049,0.014112,0.0140304807574,0,0,14.2607269287
1050,0.0141137,0.0140304295346,0,0,14.2556200027
1051,0.0141054,0.0140306130052,0,0,14.4913029671
1052,0.0141111,0.0140303075314,0,0,14.2815988064
1053,0.0141114,0.0140300691128,0,0,14.2484230995
1054,0.0141077,0.0140302702785,0,0,14.4964649677
1055,0.0141151,0.0140299610794,0,0,14.0314509869
1056,0.0141094,0.0140307433903,0,0,14.2598309517
1057,0.0141074,0.0140307145193,0,0,14.486798048
1058,0.0141121,0.0140300765634,0,0,14.253565073
1059,0.0141184,0.0140300849453,0,0,14.2811980247
1060,0.0141103,0.0140304323286,0,0,14.2555291653
1061,0.0141115,0.0140307703987,0,0,14.0172681808
1062,0.0141112,0.0140300840139,0,0,14.0145421028
1063,0.0141113,0.01403059531,0,0,14.299300909
1064,0.0141145,0.0140300067142,0,0,14.4867551327
1065,0.0141047,0.0140305450186,0,0,14.2499608994
1066,0.0141087,0.0140303606167,0,0,14.0187690258
1067,0.014108,0.0140303969383,0,0,14.0177872181
1068,0.0141142,0.0140305254608,0,0,14.0149888992
1069,0.014112,0.0140298753977,0,0,14.0147838593
1070,0.0141095,0.0140304807574,0,0,14.0141589642
1071,0.0141105,0.0140304714441,0,0,14.0168881416
1072,0.0141072,0.0140300160274,0,0,14.0245261192
1073,0.0141077,0.0140301268548,0,0,14.4301178455
1074,0.0141098,0.0140302190557,0,0,14.020070076
1075,0.0141109,0.0140306511894,0,0,14.0161719322
1076,0.0141139,0.0140307750553,0,0,14.2758929729
1077,0.0141151,0.0140298148617,0,0,14.0156149864
1078,0.0141103,0.0140309585258,0,0,14.0165379047
1079,0.0141082,0.0140301166102,0,0,14.0413119793
1080,0.0141121,0.014030133374,0,0,14.4719150066
1081,0.0141069,0.0140298968181,0,0,14.4633591175
1082,0.0141082,0.0140300691128,0,0,14.0238389969
1083,0.0141103,0.0140302656218,0,0,14.2887320518
1084,0.0141092,0.0140299061313,0,0,14.0228989124
1085,0.0141139,0.0140299741179,0,0,14.0190508366
1086,0.0141084,0.014030023478,0,0,14.0349481106
1087,0.0141099,0.0140309100971,0,0,14.0222349167
1088,0.0141072,0.0140302143991,0,0,14.02363801
1089,0.0141037,0.0140296919271,1,1,14.0777161121
1090,0.014109,0.014029703103,0,0,14.2366640568
1091,0.0141118,0.0140306279063,0,0,14.0084729195
1092,0.0141074,0.0140297906473,0,0,14.0144889355
1093,0.0141152,0.0140305934474,0,0,14.5790359974
1094,0.0141139,0.0140301166102,0,0,14.2512440681
1095,0.014107,0.0140293100849,0,1,14.3226621151
1096,0.0141067,0.014029873535,0,0,14.9221730232
1097,0.0141097,0.0140300821513,0,0,14.0266518593
1098,0.0141081,0.0140295708552,0,0,14.0199799538
1099,0.0141082,0.0140299098566,0,0,14.0162789822
1100,0.0141117,0.0140304453671,0,0,14.0833442211
1101,0.0141082,0.0140303922817,0,0,14.255658865
1102,0.0141109,0.0140302618966,0,0,14.0116138458
1103,0.0141079,0.0140293464065,0,0,14.0201239586
1104,0.014112,0.0140298428014,0,0,14.0189530849
1105,0.014109,0.0140302656218,0,0,14.0176341534
1106,0.0141102,0.0140299536288,0,0,14.0180160999
1107,0.0141131,0.014029850252,0,0,14.0175127983
1108,0.0141127,0.0140310358256,0,0,14.0201609135
1109,0.0141075,0.0140300989151,0,0,14.0139830112
1110,0.0141093,0.0140300849453,0,0,14.0242350101
1111,0.0141104,0.0140298465267,0,0,14.0240619183
1112,0.0141111,0.0140291070566,0,1,14.0822439194
1113,0.0141087,0.0140302181244,0,0,14.2318511009
1114,0.0141125,0.0140295755118,0,0,14.5156610012
1115,0.0141113,0.0140298018232,0,0,14.0121510029
1116,0.0141121,0.0140294590965,0,0,14.2524700165
1117,0.0141106,0.0140300691128,0,0,14.2259428501
1118,0.0141156,0.0140295755118,0,0,14.5435919762
1119,0.0141097,0.0140295252204,0,0,14.2531840801
1120,0.0141055,0.0140298288316,0,0,14.3914768696
1121,0.0141066,0.0140297692269,0,0,14.2466189861
1122,0.0141055,0.0140292653814,0,0,14.2924509048
1123,0.0141128,0.0140298074111,0,0,14.2630410194
1124,0.0141061,0.0140294646844,0,0,14.0159649849
1125,0.0141102,0.0140296621248,0,0,14.0123138428
1126,0.0141186,0.0140296230093,0,0,14.0105040073
1127,0.014114,0.0140300188214,0,0,14.009706974
1128,0.0141055,0.0140298400074,0,0,14.012103796
1129,0.0141059,0.0140293184668,0,0,14.0248389244
1130,0.0141079,0.0140298549086,0,0,14.4233829975
1131,0.0141057,0.0140301343054,0,0,14.0079579353
1132,0.014108,0.0140293948352,0,0,14.0143520832
1133,0.014109,0.0140295112506,0,0,14.2895059586
1134,0.0141046,0.0140292504802,0,0,14.4983150959
1135,0.0141114,0.0140299201012,0,0,14.2474968433
1136,0.0141077,0.0140292691067,0,0,14.0144181252
1137,0.0141128,0.0140294050798,0,0,14.0155911446
1138,0.0141175,0.0140300709754,0,0,14.0139818192
1139,0.0141147,0.0140293370932,0,0,14.0240321159
1140,0.0141056,0.0140297701582,0,0,14.021476984
1141,0.0141081,0.0140296723694,0,0,14.0094571114
1142,0.0141124,0.0140295196325,0,0,14.0151128769
1143,0.0141117,0.014029671438,0,0,14.0383868217
1144,0.0141169,0.0140298632905,0,0,14.0240209103
1145,0.014108,0.0140299778432,0,0,14.0132379532
1146,0.0141113,0.0140297021717,0,0,14.0183129311
1147,0.0141081,0.014029850252,0,0,14.4976961613
1148,0.0141107,0.0140289934352,0,1,14.0776269436
1149,0.0141131,0.0140292821452,0,0,14.2401299477
1150,0.0141168,0.014029532671,0,0,14.3028299809
1151,0.0141087,0.0140290735289,0,0,14.022331953
1152,0.0141096,0.0140291694552,0,0,14.0259239674
1153,0.01411,0.0140298632905,0,0,14.0162510872
1154,0.0141085,0.0140291182324,0,0,14.0148530006
1155,0.0141134,0.0140291322023,0,0,14.0234310627
1156,0.0141103,0.0140291200951,0,0,14.0221381187
1157,0.0141166,0.0140296276659,0,0,14.0193059444
1158,0.014111,0.0140300476924,0,0,14.0219841003
1159,0.0141042,0.0140295512974,0,0,14.0308549404
1160,0.0141128,0.0140296276659,0,0,14.0278179646
1161,0.0141109,0.0140295755118,0,0,14.0187170506
1162,0.0141044,0.0140284392983,0,1,14.0858840942
1163,0.0141045,0.0140291890129,0,0,14.5044980049
1164,0.0141059,0.0140292523429,0,0,14.0151638985
1165,0.0141099,0.0140300663188,0,0,14.0133810043
1166,0.0141102,0.0140297571197,0,0,14.2887749672
1167,0.0141122,0.0140293836594,0,0,14.0227169991
1168,0.014111,0.0140294078737,0,0,14.0209069252
1169,0.014109,0.0140296975151,0,0,14.0087938309
1170,0.0141033,0.0140282558277,1,1,14.1045670509
1171,0.0141062,0.0140292309225,0,0,14.610172987
1172,0.0141075,0.0140296155587,0,0,14.4777808189
1173,0.0141072,0.0140291694552,0,0,14.2549819946
1174,0.0141042,0.0140289319679,0,0,14.0229380131
1175,0.0141095,0.0140298977494,0,0,14.0253841877
1176,0.0141065,0.0140292048454,0,0,14.0216360092
1177,0.0141016,0.0140297263861,1,0,14.0167229176
1178,0.0141096,0.0140290223062,0,0,14.0266020298
1179,0.0141138,0.0140289086848,0,0,14.0175509453
1180,0.0141138,0.0140280583873,0,1,14.0902850628
1181,0.0141137,0.014029183425,0,0,14.4168009758
1182,0.0141089,0.0140293184668,0,0,14.0160508156
1183,0.0141095,0.0140288472176,0,0,14.0143811703
1184,0.0141064,0.0140288518742,0,0,14.2494218349
1185,0.01411,0.01402823627,0,0,14.2873849869
1186,0.0141087,0.0140296043828,0,0,14.2471809387
1187,0.0141116,0.014029209502,0,0,14.4912488461
1188,0.0141138,0.0140290260315,0,0,14.0349719524
1189,0.0141086,0.014028923586,0,0,14.2672181129
1190,0.0141098,0.0140289170668,0,0,14.019081831
1191,0.0141104,0.0140294991434,0,0,14.0103731155
1192,0.0141097,0.0140285398811,0,0,14.2772428989
1193,0.0141142,0.0140295187011,0,0,14.029086113
1194,0.0141086,0.0140290409327,0,0,14.0300409794
1195,0.01411,0.0140286684036,0,0,14.0391120911
1196,0.0141064,0.0140285985544,0,0,14.0450060368
1197,0.0141099,0.0140286581591,0,0,14.0299520493
1198,0.0141068,0.0140290642157,0,0,14.0314021111
1199,0.014109,0.0140287447721,0,0,14.6746139526
1200,0.0141077,0.0140288006514,0,0,14.0394148827
1201,0.0141083,0.0140284774825,0,0,14.0247340202
1202,0.0141096,0.0140291154385,0,0,14.0278010368
1203,0.0141092,0.0140287829563,0,0,14.4643681049
1204,0.0141073,0.0140292635188,0,0,14.031167984
1205,0.0141051,0.0140284821391,0,0,14.0310239792
1206,0.0141038,0.0140288621187,0,0,14.0258891582
1207,0.0141066,0.0140286888927,0,0,14.0297141075
1208,0.0141086,0.0140288844705,0,0,14.0300319195
1209,0.014111,0.0140282642096,0,0,14.0232100487
1210,0.0141067,0.0140286190435,0,0,14.0304820538
1211,0.014112,0.0140288434923,0,0,14.5850138664
1212,0.0141067,0.0140292420983,0,0,14.2618260384
1213,0.0141117,0.0140283880755,0,0,14.0316009521
1214,0.0141065,0.0140287699178,0,0,14.0301117897
1215,0.0141104,0.0140286013484,0,0,14.0300350189
1216,0.0141079,0.0140280770138,0,0,14.0289521217
1217,0.0141115,0.0140288500115,0,0,14.2211198807
1218,0.0141063,0.0140279177576,0,1,14.7065558434
1219,0.0141065,0.0140281934291,0,0,14.9122438431
1220,0.0141077,0.014028551057,0,0,14.4455578327
1221,0.0141079,0.0140282092616,0,0,14.3924729824
1222,0.014108,0.0140278693289,0,1,14.5219321251
1223,0.0141094,0.0140288062394,0,0,14.5051119328
1224,0.0141113,0.0140279689804,0,0,14.3009989262
1225,0.0141124,0.014028028585,0,0,14.3918139935
1226,0.0141032,0.0140288546681,0,0,14.2795379162
1227,0.0141065,0.0140287932009,0,0,14.5124931335
1228,0.0141051,0.0140288174152,0,0,14.8659129143
1229,0.0141111,0.01402915176,0,0,14.122522831
1230,0.0141115,0.0140281738713,0,0,14.7041959763
1231,0.0141086,0.0140282064676,0,0,14.7887508869
1232,0.0141071,0.0140289654955,0,0,14.2802619934
1233,0.0141043,0.014028435573,0,0,14.039055109
1234,0.0141113,0.0140284160152,0,0,14.0408651829
1235,0.0141087,0.0140282288194,0,0,14.8576788902
1236,0.0141082,0.0140286870301,0,0,14.6708362103
1237,0.0141084,0.0140284998342,0,0,14.843984127
1238,0.0141121,0.0140272676945,0,1,14.0975029469
1239,0.0141079,0.0140278413892,0,0,14.9619958401
1240,0.0141076,0.0140291489661,0,0,14.2646229267
1241,0.0141144,0.0140289310366,0,0,14.2345578671
1242,0.0141135,0.0140288146213,0,0,14.3990168571
1243,0.0141039,0.0140277408063,0,0,13.9980108738
1244,0.0141046,0.0140283126384,0,0,14.4853329659
1245,0.0141065,0.0140281599015,0,0,14.9806079865
1246,0.0141037,0.0140282437205,0,0,14.0041089058
1247,0.0141089,0.0140281915665,0,0,14.4457578659
1248,0.0141007,0.0140286013484,1,0,14.1913089752
1249,0.0141086,0.0140280537307,0,0,14.7785348892
1250,0.0141081,0.0140276839957,0,0,14.4122478962
1251,0.0141032,0.0140283284709,0,0,14.2735691071
1252,0.0141127,0.0140280090272,0,0,14.2651519775
1253,0.0141042,0.0140277240425,0,0,14.328769207
1254,0.0141065,0.0140278041363,0,0,14.4850480556
1255,0.0141062,0.0140275536105,0,0,14.2647960186
1256,0.0141097,0.0140281273052,0,0,14.5297560692
1257,0.0141113,0.0140278022736,0,0,14.4716730118
1258,0.0141114,0.0140284802765,0,0,14.4893159866
1259,0.0141056,0.0140286693349,0,0,14.4636678696
1260,0.0141111,0.0140276355669,0,0,14.3373301029
1261,0.0141082,0.0140281161293,0,0,14.299932003
1262,0.014113,0.014027889818,0,0,14.4112241268
1263,0.0141078,0.0140291061252,0,0,14.2819230556
1264,0.0141025,0.0140283023939,0,0,14.0468890667
1265,0.0141095,0.0140281096101,0,0,14.0357840061
1266,0.0141117,0.01402823627,0,0,14.0273010731
1267,0.0141098,0.0140285650268,0,0,14.0386269093
1268,0.0141073,0.0140284923837,0,0,14.3492739201
1269,0.0141059,0.01402828563,0,0,14.4480679035
1270,0.0141081,0.0140276784077,0,0,14.7698152065
1271,0.0141004,0.0140276346356,1,0,14.2948560715
1272,0.0141077,0.0140281887725,0,0,14.688740015
1273,0.0141077,0.0140283582732,0,0,14.4148499966
1274,0.0141125,0.0140280807391,0,0,14.0365660191
1275,0.0141015,0.0140275843441,0,0,14.2913620472
1276,0.0141092,0.0140268802643,0,1,14.1024711132
1277,0.014109,0.0140276979655,0,0,14.7304029465
1278,0.0141101,0.0140278507024,0,0,14.2538189888
1279,0.0141111,0.0140280211344,0,0,15.124464035
1280,0.0141094,0.0140281924978,0,0,14.4504449368
1281,0.0141126,0.0140278143808,0,0,14.2965590954
1282,0.0141101,0.0140283284709,0,0,14.0277628899
1283,0.01411,0.014027941972,0,0,14.6576840878
1284,0.0141123,0.0140277044848,0,0,14.5230948925
1285,0.0141061,0.0140279065818,0,0,14.5058619976
1286,0.0141065,0.0140281664208,0,0,14.2630989552
1287,0.0141082,0.0140276681632,0,0,14.2912540436
1288,0.0141076,0.0140277761966,0,0,14.0306808949
1289,0.0141082,0.0140281794593,0,0,14.0301399231
1290,0.0141035,0.0140273654833,0,0,14.0311391354
1291,0.0141062,0.0140275582671,0,0,14.0322010517
1292,0.0141065,0.0140277119353,0,0,14.028149128
1293,0.0141027,0.0140284160152,0,0,14.0268788338
1294,0.0141138,0.0140277277678,0,0,14.0533659458
1295,0.0141091,0.0140278376639,0,0,14.0273339748
1296,0.0141033,0.0140282353386,0,0,14.0335290432
1297,0.0141114,0.0140276886523,0,0,14.0783419609
1298,0.0141046,0.0140274669975,0,0,14.2813360691
1299,0.0141085,0.0140279484913,0,0,14.2673008442
1300,0.0141096,0.0140268933028,0,0,14.0336859226
1301,0.0141056,0.01402708143,0,0,14.7161800861
1302,0.0141096,0.0140276215971,0,0,14.0409469604
1303,0.0141092,0.0140276737511,0,0,14.0288929939
1304,0.0141031,0.0140282027423,0,0,14.0332231522
1305,0.0141063,0.0140277370811,0,0,14.2830021381
1306,0.0141053,0.0140279689804,0,0,14.0260751247
1307,0.0141055,0.0140281002969,0,0,14.0309560299
1308,0.01411,0.0140272071585,0,0,14.0319309235
1309,0.014105,0.0140281021595,0,0,14.0320379734
1310,0.0141083,0.014027682133,0,0,14.0276620388
1311,0.0141067,0.0140273524448,0,0,14.2962861061
1312,0.0141056,0.0140269873664,0,0,14.0320620537
1313,0.0141081,0.0140275647864,0,0,14.0287399292
1314,0.0141073,0.0140275051817,0,0,14.0305130482
1315,0.0141042,0.0140275452286,0,0,14.0256171227
1316,0.0141066,0.0140277193859,0,0,14.0244779587
1317,0.0141055,0.0140281850472,0,0,14.0290291309
1318,0.0141028,0.0140269389376,0,0,14.0286810398
1319,0.0141076,0.0140277436003,0,0,14.0307059288
1320,0.0141075,0.0140273012221,0,0,14.0806729794
1321,0.0141091,0.0140274064615,0,0,14.271228075
1322,0.0141133,0.0140276951715,0,0,14.0287201405
1323,0.0141077,0.0140282036737,0,0,14.0266439915
1324,0.0141015,0.0140266213566,0,1,14.0921769142
1325,0.014106,0.0140278330073,0,0,14.2531599998
1326,0.0141052,0.0140272760764,0,0,14.032613039
1327,0.0141075,0.014027399011,0,0,14.0321190357
1328,0.0141056,0.0140272118151,0,0,14.0346329212
1329,0.0141063,0.0140273766592,0,0,14.9034490585
1330,0.0141047,0.0140278367326,0,0,14.2968020439
1331,0.0141056,0.0140275685117,0,0,14.0355529785
1332,0.0141092,0.0140276178718,0,0,14.0294470787
1333,0.0141022,0.0140273198485,0,0,14.3144731522
1334,0.0141075,0.0140272369608,0,0,14.0303590298
1335,0.0141097,0.0140272760764,0,0,14.0299339294
1336,0.0141046,0.0140269044787,0,0,14.0304379463
1337,0.014107,0.0140271717682,0,0,14.300330162
1338,0.0141021,0.0140266381204,0,0,14.0300881863
1339,0.0141046,0.0140271717682,0,0,14.0350091457
1340,0.0141149,0.0140266157687,0,1,14.097080946
1341,0.0141108,0.0140274073929,0,0,14.2635240555
1342,0.0141061,0.0140262302011,0,1,14.4756262302
1343,0.0141049,0.0140277268365,0,0,14.9487638474
1344,0.0141079,0.0140269454569,0,0,14.7715809345
1345,0.0141103,0.0140276122838,0,0,14.4733219147
1346,0.0141056,0.0140268318355,0,0,14.0266931057
1347,0.0141059,0.0140273813158,0,0,14.5198369026
1348,0.0141066,0.0140274185687,0,0,14.0288741589
1349,0.014109,0.0140274707228,0,0,14.0246589184
1350,0.014104,0.0140270637348,0,0,14.2956869602
1351,0.0141028,0.0140277966857,0,0,14.7041420937
1352,0.0141063,0.0140274092555,0,0,14.4968369007
1353,0.0141007,0.0140268038958,0,0,14.0282139778
1354,0.0141009,0.0140274548903,0,0,14.0240261555
1355,0.0141036,0.0140270562842,0,0,14.0575671196
1356,0.0141076,0.0140270246193,0,0,14.0277218819
1357,0.01411,0.014026908204,0,0,14.0281889439
1358,0.014109,0.0140273626894,0,0,14.0759408474
1359,0.0141064,0.0140264332294,0,0,14.0248920918
1360,0.0141093,0.0140269212425,0,0,14.0279929638
1361,0.014104,0.0140269910917,0,0,14.0390651226
1362,0.0141014,0.0140268970281,0,0,14.2571229935
1363,0.0141078,0.0140269109979,0,0,14.2644841671
1364,0.0141057,0.0140275051817,0,0,14.0302510262
1365,0.0141056,0.0140265133232,0,0,14.2767138481
1366,0.0141098,0.0140273571014,0,0,14.5002701283
1367,0.0140965,0.0140271857381,1,0,14.0263979435
1368,0.0141035,0.014028028585,0,0,14.5274391174
1369,0.0141032,0.014026532881,0,0,14.0281660557
1370,0.014102,0.0140269827098,0,0,14.0252170563
1371,0.0141029,0.0140264397487,0,0,14.9519190788
1372,0.0141096,0.0140268281102,0,0,14.0529530048
1373,0.0141107,0.0140271130949,0,0,14.0193798542
1374,0.0141059,0.0140268411487,0,0,14.0193231106
1375,0.0141115,0.0140271922573,0,0,14.0228531361
1376,0.0140994,0.0140264546499,0,0,14.0238540173
1377,0.014106,0.0140265226364,0,0,14.0250899792
1378,0.0141058,0.0140266334638,0,0,14.0232830048
1379,0.0141019,0.0140264881775,0,0,14.0231001377
1380,0.0141042,0.0140268905088,0,0,14.0222659111
1381,0.0141113,0.0140277659521,0,0,14.0223879814
1382,0.014108,0.0140267256647,0,0,14.0249831676
1383,0.0141042,0.0140266045928,0,0,14.0211338997
1384,0.0141038,0.0140264667571,0,0,14.0183539391
1385,0.0141045,0.0140266874805,0,0,14.0215899944
1386,0.0141053,0.0140268970281,0,0,14.0251030922
1387,0.0141061,0.0140266390517,0,0,14.0233008862
1388,0.0141043,0.014026821591,0,0,14.0204219818
1389,0.0141089,0.0140276020393,0,0,14.0231661797
1390,0.0141066,0.0140273198485,0,0,14.0246450901
1391,0.0140998,0.0140266409144,0,0,14.0193479061
1392,0.0141022,0.0140265263617,0,0,14.0179879665
1393,0.014105,0.014026070945,0,1,14.0887949467
1394,0.0141089,0.0140264593065,0,0,14.4961771965
1395,0.0141145,0.0140267089009,0,0,14.0212779045
1396,0.0141026,0.0140266651288,0,0,14.0166151524
1397,0.0141038,0.0140262348577,0,0,14.3061978817
1398,0.014102,0.0140270125121,0,0,14.0209000111
1399,0.0141092,0.0140261761844,0,0,14.019536972
1400,0.0141044,0.0140264779329,0,0,14.0196788311
1401,0.0141034,0.0140262534842,0,0,14.0171029568
1402,0.0141031,0.0140267089009,0,0,14.0210309029
1403,0.0141064,0.0140260122716,0,1,14.1791200638
1404,0.0140999,0.0140259945765,0,1,14.7300260067
1405,0.014104,0.014026385732,0,0,14.6116960049
1406,0.0141011,0.0140268085524,0,0,14.2076609135
1407,0.0141064,0.014026706107,0,0,14.4288008213
1408,0.0141061,0.0140270479023,0,0,14.4311637878
1409,0.0141066,0.0140278209001,0,0,14.8687720299
1410,0.014104,0.0140266977251,0,0,14.2571430206
1411,0.0141056,0.0140263820067,0,0,14.4981250763
1412,0.0141042,0.0140269994736,0,0,14.8256139755
1413,0.0141047,0.0140268681571,0,0,14.9201500416
1414,0.0141018,0.0140265552327,0,0,14.3488528728
1415,0.0141001,0.0140268616378,0,0,14.4581310749
1416,0.0141033,0.0140264024958,0,0,14.4085569382
1417,0.0140999,0.0140259545296,0,1,14.0793349743
1418,0.0141059,0.0140260159969,0,0,15.3477509022
1419,0.0141074,0.0140262264758,0,0,14.6688921452
1420,0.0141017,0.0140258613974,0,1,14.7788808346
1421,0.0140995,0.0140262264758,0,0,14.6736159325
1422,0.0141066,0.0140262395144,0,0,14.2133758068
1423,0.0141051,0.0140250874683,0,1,14.5270228386
1424,0.0141068,0.014026498422,0,0,14.6680140495
1425,0.0141036,0.0140258204192,0,0,14.0206711292
1426,0.0141071,0.0140258204192,0,0,14.4955050945
1427,0.0141033,0.0140264388174,0,0,14.4834558964
1428,0.0141038,0.0140264667571,0,0,14.2511940002
1429,0.0141009,0.0140266856179,0,0,14.0252380371
1430,0.0141064,0.0140259452164,0,0,14.0260720253
1431,0.0141049,0.0140261445194,0,0,14.0273249149
1432,0.0141013,0.0140257496387,0,0,14.0214049816
1433,0.0141047,0.0140260746703,0,0,14.025593996
1434,0.0141039,0.0140263494104,0,0,14.0237271786
1435,0.0140975,0.0140251722187,0,0,14.0177590847
1436,0.0141088,0.0140254292637,0,0,14.0227591991
1437,0.0141023,0.0140265319496,0,0,14.0198950768
1438,0.0141084,0.0140263754874,0,0,14.0196959972
1439,0.0141012,0.0140260271728,0,0,14.0221829414
1440,0.0140997,0.0140258148313,0,0,14.0191380978
1441,0.0141017,0.014025054872,0,1,14.0923130512
1442,0.0141072,0.0140270655975,0,0,14.7416229248
1443,0.0141054,0.0140261072665,0,0,14.3936169147
1444,0.0141049,0.0140263782814,0,0,14.0232100487
1445,0.0141063,0.0140254162252,0,0,14.0268821716
1446,0.0141082,0.0140257747844,0,0,14.0185830593
1447,0.0141115,0.0140259163454,0,0,14.0213270187
1448,0.014111,0.014026238583,0,0,14.0176570415
1449,0.0141071,0.0140258148313,0,0,14.0336248875
1450,0.014106,0.0140258204192,0,0,14.026761055
1451,0.0141018,0.0140260625631,0,0,14.0182847977
1452,0.0141108,0.0140257673338,0,0,14.0201570988
1453,0.0141051,0.0140262069181,0,0,14.0140841007
1454,0.0141072,0.0140257617459,0,0,14.2308690548
1455,0.0141085,0.0140252262354,0,0,14.4980649948
1456,0.0141038,0.0140255354345,0,0,14.2562689781
1457,0.0141072,0.0140257384628,0,0,14.2586340904
1458,0.0141019,0.0140266818926,0,0,14.0295410156
1459,0.0141027,0.0140254916623,0,0,14.8127889633
1460,0.0140978,0.0140259629115,0,0,14.2615571022
1461,0.0141075,0.0140259368345,0,0,14.0205199718
1462,0.0140992,0.0140262348577,0,0,14.0188939571
1463,0.01411,0.0140263335779,0,0,14.0210559368
1464,0.0141028,0.0140255019069,0,0,14.0228531361
1465,0.0141059,0.01402603928,0,0,14.0198230743
1466,0.014109,0.0140261203051,0,0,14.0146751404
1467,0.0141039,0.0140257012099,0,0,14.0197238922
1468,0.014107,0.0140261081979,0,0,14.0221970081
1469,0.0140991,0.0140259377658,0,0,14.0191259384
1470,0.0141042,0.0140250464901,0,1,14.0854210854
1471,0.0141003,0.0140248714015,0,1,14.5621230602
1472,0.0141024,0.0140257328749,0,0,14.2384059429
1473,0.014103,0.0140254059806,0,0,14.2605881691
1474,0.0141069,0.0140253119171,0,0,14.0738930702
1475,0.0141011,0.0140262311324,0,0,14.0158660412
1476,0.0141088,0.0140247913077,0,1,14.0850038528
1477,0.0141058,0.0140257719904,0,0,14.522783041
1478,0.0141024,0.0140251861885,0,0,14.0221309662
1479,0.0141119,0.0140250455588,0,0,14.0215749741
1480,0.0140992,0.0140255941078,0,0,14.0217468739
1481,0.0141046,0.0140262553468,0,0,14.0266799927
1482,0.0141011,0.0140253426507,0,0,14.0189199448
1483,0.014098,0.0140249198303,0,0,14.0234408379
1484,0.014105,0.0140252746642,0,0,14.0242278576
1485,0.0141026,0.0140253910795,0,0,14.0210828781
1486,0.0141002,0.014025661163,0,0,14.0239450932
1487,0.0141027,0.0140249701217,0,0,14.0190980434
1488,0.0141096,0.0140254488215,0,0,14.0209059715
1489,0.0141015,0.0140259955078,0,0,14.0236940384
1490,0.0141061,0.0140257673338,0,0,14.0178060532
1491,0.0140955,0.0140260271728,1,0,14.0216782093
1492,0.0141068,0.0140249477699,0,0,14.0156140327
1493,0.0141014,0.0140252867714,0,0,14.0091948509
1494,0.0141033,0.014024569653,0,1,14.09040308
1495,0.0141047,0.0140258762985,0,0,14.6455171108
1496,0.0141024,0.0140251386911,0,0,14.0066819191
1497,0.0141067,0.0140251712874,0,0,14.2457411289
1498,0.0141041,0.0140253072605,0,0,14.2707149982
1499,0.0141124,0.0140255922452,0,0,14.0098450184
1500,0.0141102,0.0140250390396,0,0,14.008756876
1501,0.0141076,0.0140246888623,0,0,14.037883997
1502,0.0141003,0.0140249198303,0,0,14.2534239292
1503,0.0141091,0.014025493525,0,0,14.0094790459
1504,0.0140993,0.0140250409022,0,0,14.0108368397
1505,0.0141027,0.0140249477699,0,0,14.0081450939
1506,0.0141077,0.0140248099342,0,0,14.0120341778
1507,0.0141017,0.0140254525468,0,0,14.2253439426
1508,0.0141018,0.0140253342688,0,0,14.2925698757
1509,0.0141023,0.0140255885199,0,0,14.0089139938
1510,0.0141087,0.0140250222757,0,0,14.0098409653
1511,0.014107,0.0140255903825,0,0,14.0528600216
1512,0.0141028,0.0140253072605,0,0,14.0079450607
1513,0.0141015,0.014025432989,0,0,14.0076639652
1514,0.0141068,0.0140248350799,0,0,14.0280408859
1515,0.0141087,0.0140254953876,0,0,14.0061869621
1516,0.0141014,0.0140253845602,0,0,14.0110960007
1517,0.0141093,0.0140248155221,0,0,14.0055320263
1518,0.0141007,0.0140249980614,0,0,14.7878570557
1519,0.0140999,0.014025118202,0,0,14.2677559853
1520,0.0141114,0.0140254059806,0,0,14.2473459244
1521,0.0141043,0.0140248797834,0,0,14.4121201038
1522,0.0141019,0.0140247484669,0,0,14.0068430901
1523,0.0140974,0.014025464654,0,0,14.0094881058
1524,0.0141073,0.0140256769955,0,0,14.0105538368
1525,0.0141025,0.014025256969,0,0,14.0236990452
1526,0.0141056,0.0140247158706,0,0,14.0144958496
1527,0.0141068,0.014024823904,0,0,14.0051779747
1528,0.0141025,0.0140247615054,0,0,14.0059359074
1529,0.0140994,0.0140239475295,0,1,14.1084578037
1530,0.0141079,0.0140258455649,0,0,14.2373800278
1531,0.0140994,0.0140258669853,0,0,14.254281044
1532,0.014106,0.0140253929421,0,0,14.0252230167
1533,0.0141041,0.0140254981816,0,0,14.018903017
1534,0.0141067,0.0140256285667,0,0,14.0134468079
1535,0.0141067,0.0140242604539,0,0,14.0193228722
1536,0.014106,0.0140242297202,0,0,14.0269489288
1537,0.0141033,0.0140248201787,0,0,14.011922121
1538,0.0141106,0.0140242977068,0,0,14.0158641338
1539,0.0141048,0.01402470842,0,0,14.0403029919
1540,0.0141085,0.0140244169161,0,0,14.0242300034
1541,0.0141045,0.0140245314687,0,0,14.0114300251
1542,0.0141002,0.0140243824571,0,0,14.0169279575
1543,0.0141031,0.0140241440386,0,0,14.0142738819
1544,0.0141048,0.0140248080716,0,0,14.2476689816
1545,0.0141079,0.0140243927017,0,0,14.1855459213
1546,0.0141077,0.0140252383426,0,0,14.7061200142
1547,0.014103,0.0140247521922,0,0,14.4602911472
1548,0.0141034,0.0140241505578,0,0,14.7416088581
1549,0.014103,0.0140253072605,0,0,14.0163691044
1550,0.0141009,0.0140248779207,0,0,14.4327819347
1551,0.0141032,0.0140246646479,0,0,14.0125870705
1552,0.0141049,0.0140242623165,0,0,14.0157439709
1553,0.0140981,0.0140250325203,0,0,14.2691991329
1554,0.0141071,0.0140247587115,0,0,14.2576959133
1555,0.0141004,0.0140243722126,0,0,14.2406251431
1556,0.0141066,0.0140240890905,0,0,14.0397429466
1557,0.0141037,0.0140251144767,0,0,14.0325558186
1558,0.0141027,0.0140245500952,0,0,14.0227808952
1559,0.0141087,0.0140245761722,0,0,14.2494111061
1560,0.0141016,0.0140242353082,0,0,14.8416600227
1561,0.0141054,0.0140249803662,0,0,14.7237100601
1562,0.0141069,0.0140244765207,0,0,14.2482619286
1563,0.014107,0.0140252904966,0,0,14.2514390945
1564,0.0141041,0.0140246264637,0,0,14.0206990242
1565,0.0141025,0.0140244094655,0,0,14.0188500881
1566,0.0141008,0.0140238758177,0,1,14.0819740295
1567,0.0141076,0.0140248397365,0,0,14.4813849926
1568,0.0140996,0.014024396427,0,0,14.0063238144
1569,0.014101,0.0140247009695,0,0,14.0119190216
1570,0.0141018,0.0140243535861,0,0,14.2416520119
1571,0.0141016,0.0140244131908,0,0,14.0496909618
1572,0.0141033,0.0140242613852,0,0,14.010571003
1573,0.0141055,0.0140247493982,0,0,14.010641098
1574,0.0141036,0.0140252085403,0,0,14.009761095
1575,0.0141019,0.0140238218009,0,1,14.1162970066
1576,0.0141058,0.0140246478841,0,0,14.4638640881
1577,0.0141102,0.0140236318111,0,1,14.2960231304
1578,0.0141025,0.014024797827,0,0,14.6114900112
1579,0.0141015,0.0140249943361,0,0,14.7065889835
1580,0.0141025,0.0140236252919,0,1,14.5430619717
1581,0.014103,0.0140236290172,0,0,14.3923380375
1582,0.0140974,0.0140232844278,0,1,14.580163002
1583,0.0141057,0.0140248620883,0,0,14.2282969952
1584,0.0141091,0.0140240415931,0,0,14.8613920212
1585,0.0141042,0.014024535194,0,0,14.7036850452
1586,0.0140989,0.0140244364738,0,0,14.6697320938
1587,0.0141038,0.0140225598589,0,1,14.5543549061
1588,0.0140987,0.014024858363,0,0,14.2461600304
1589,0.014105,0.0140245947987,0,0,14.7200229168
1590,0.0140982,0.0140239708126,0,0,14.2866261005
1591,0.0141063,0.0140242949128,0,0,14.2670009136
1592,0.0140998,0.014023582451,0,0,14.0335309505
1593,0.0140992,0.0140236048028,0,0,14.2738771439
1594,0.014104,0.0140237519518,0,0,14.2292780876
1595,0.0140985,0.0140240145847,0,0,14.4909620285
1596,0.0141035,0.0140233011916,0,0,14.291768074
1597,0.0141011,0.0140246283263,0,0,14.0128610134
1598,0.0141016,0.0140243172646,0,0,14.0184979439
1599,0.0140999,0.0140234604478,0,0,14.0170581341
1600,0.0141006,0.0140235209838,0,0,14.0141980648
1601,0.0141027,0.0140238367021,0,0,14.2229847908
1602,0.0141031,0.0140243610367,0,0,15.017113924
1603,0.0141023,0.0140246190131,0,0,14.6349039078
1604,0.0141031,0.0140238674358,0,0,14.024821043
1605,0.0141065,0.0140238869935,0,0,14.0233409405
1606,0.0141042,0.0140240341425,0,0,14.0195310116
1607,0.0141039,0.0140245249495,0,0,14.0190479755
1608,0.0141008,0.0140236057341,0,0,14.0433490276
1609,0.0141015,0.0140239726752,0,0,14.4680960178
1610,0.0141071,0.0140234269202,0,0,14.2698688507
1611,0.0141053,0.0140244569629,0,0,14.0164520741
1612,0.0140978,0.0140240741894,0,0,14.0175549984
1613,0.0140991,0.0140243554488,0,0,14.025649786
1614,0.0141007,0.0140248117968,0,0,14.0161221027
1615,0.0140988,0.0140237081796,0,0,14.0187289715
1616,0.0141026,0.0140231298283,0,0,14.0228579044
1617,0.0141053,0.0140229957178,0,0,14.0263562202
1618,0.0141038,0.0140242036432,0,0,14.0165650845
1619,0.0140993,0.0140233486891,0,0,14.0196881294
1620,0.0141019,0.0140239149332,0,0,14.0168259144
1621,0.0141045,0.0140239764005,0,0,14.370290041
1622,0.0141068,0.0140240648761,0,0,14.52206707
1623,0.0140981,0.0140236336738,0,0,14.2611010075
1624,0.0140982,0.0140236513689,0,0,14.0210089684
1625,0.014097,0.0140236560255,0,0,14.4451210499
1626,0.0141013,0.0140234688297,0,0,14.489331007
1627,0.0141076,0.0140241384506,0,0,14.2507150173
1628,0.0141012,0.014023244381,0,0,14.0244181156
1629,0.0141037,0.014022519812,0,1,14.0811758041
1630,0.0141019,0.0140237817541,0,0,14.6721310616
1631,0.0141061,0.014023383148,0,0,14.680658102
1632,0.0141076,0.0140235042199,0,0,14.0125281811
1633,0.0141079,0.014023385942,0,0,14.0562961102
1634,0.0141088,0.0140232751146,0,0,14.0133538246
1635,0.0141036,0.0140235479921,0,0,14.0167899132
1636,0.0141031,0.0140228029341,0,0,14.3017730713
1637,0.0141006,0.0140235647559,0,0,14.2835798264
1638,0.0140982,0.0140239959583,0,0,14.4894609451
1639,0.0141025,0.0140236299485,0,0,14.4219539165
1640,0.0141032,0.0140241710469,0,0,14.2493181229
1641,0.0140964,0.0140235321596,0,0,14.2483239174
1642,0.0141034,0.0140233123675,0,0,14.0425159931
1643,0.0141078,0.0140234772116,0,0,14.0182368755
1644,0.014103,0.014022918418,0,0,14.0141410828
1645,0.0140987,0.0140231959522,0,0,14.0116500854
1646,0.0141016,0.014023495838,0,0,14.0467660427
1647,0.0141005,0.0140224723145,0,1,14.0814139843
1648,0.0141054,0.0140232807025,0,0,14.9193320274
1649,0.0141003,0.0140246152878,0,0,14.0600409508
1650,0.0141042,0.0140245100483,0,0,14.0305459499
1651,0.0141047,0.0140230273828,0,0,14.0200169086
1652,0.0140982,0.01402257476,0,0,14.0348141193
1653,0.0141024,0.0140221528709,0,1,14.9453220367
1654,0.0141045,0.0140227600932,0,0,14.619191885
1655,0.0141044,0.0140234557912,0,0,14.6407339573
1656,0.0140971,0.0140231112018,0,0,14.6370959282
1657,0.0141034,0.0140227936208,0,0,14.9034759998
1658,0.0141003,0.0140236420557,0,0,14.3861820698
1659,0.0141033,0.0140225961804,0,0,14.3312199116
1660,0.0141009,0.0140235442668,0,0,14.5553398132
1661,0.0140993,0.0140224397182,0,0,14.0862278938
1662,0.0141,0.0140236262232,0,0,14.3794839382
1663,0.0141015,0.0140222981572,0,0,14.3834679127
1664,0.0141031,0.0140220401809,0,1,14.8865430355
1665,0.0141024,0.0140240900218,0,0,14.5309929848
1666,0.0141042,0.0140226138756,0,0,14.393184185
1667,0.0140955,0.0140222730115,1,0,14.5363900661
1668,0.0140993,0.0140218352899,0,1,14.1379702091
1669,0.0141021,0.0140231065452,0,0,14.6175711155
1670,0.0140948,0.0140225896612,1,0,14.666672945
1671,0.0140964,0.0140233729035,0,0,14.4002518654
1672,0.0141062,0.0140235573053,0,0,14.265335083
1673,0.0141005,0.014022517018,0,0,14.7608230114
1674,0.0141008,0.0140236644074,0,0,14.0526900291
1675,0.0140997,0.0140218958259,0,0,14.4090521336
1676,0.0141081,0.0140224136412,0,0,14.2709980011
1677,0.0141099,0.0140231614932,0,0,14.5267550945
1678,0.0141018,0.0140224257484,0,0,14.5002708435
1679,0.0141016,0.0140231410041,0,0,14.6608080864
1680,0.0141077,0.0140234418213,0,0,14.0354158878
1681,0.0141011,0.0140225207433,0,0,14.3003230095
1682,0.0141013,0.0140222096816,0,0,14.0303149223
1683,0.0141024,0.0140222990885,0,0,14.0361051559
1684,0.0141016,0.0140222059563,0,0,14.0367619991
1685,0.0141066,0.0140230692923,0,0,14.543599844
1686,0.0141032,0.0140229696408,0,0,14.2692010403
1687,0.0141035,0.0140227880329,0,0,14.2720551491
1688,0.0141009,0.0140233132988,0,0,14.5485501289
1689,0.014101,0.0140220122412,0,0,14.2711040974
1690,0.014101,0.0140224369243,0,0,14.2699239254
1691,0.0140974,0.0140220969915,0,0,14.3019280434
1692,0.014095,0.0140224490315,0,0,14.0311870575
1693,0.0141015,0.0140224555507,0,0,14.0316820145
1694,0.0140971,0.0140226772055,0,0,14.0309729576
1695,0.0141011,0.0140225682408,0,0,14.2971971035
1696,0.0140958,0.0140228830278,0,0,14.0331609249
1697,0.0141025,0.014022378251,0,0,14.032294035
1698,0.0140975,0.0140219880268,0,0,14.0346000195
1699,0.0141022,0.0140225049108,0,0,14.29343009
1700,0.0141013,0.0140218408778,0,0,14.0370359421
1701,0.0141039,0.0140221035108,0,0,14.0339829922
1702,0.0140994,0.0140235517174,0,0,14.0356311798
1703,0.0141021,0.0140230963007,0,0,14.0342259407
1704,0.0141067,0.0140224210918,0,0,14.4967360497
1705,0.0140996,0.0140224499628,0,0,14.4588859081
1706,0.0141026,0.0140213686973,0,1,14.3329129219
1707,0.0141002,0.0140214115381,0,0,14.6391720772
1708,0.0140993,0.0140218976885,0,0,14.51790905
1709,0.0140975,0.0140214236453,0,0,14.2735660076
1710,0.0141054,0.0140219591558,0,0,14.0348720551
1711,0.0141028,0.0140225104988,0,0,14.0373589993
1712,0.0141084,0.0140231903642,0,0,14.0397970676
1713,0.0141026,0.0140217915177,0,0,14.036864996
1714,0.0140999,0.014021743089,0,0,15.0192830563
1715,0.0141065,0.014021887444,0,0,14.2759890556
1716,0.014098,0.0140219256282,0,0,14.2724130154
1717,0.0141041,0.0140223968774,0,0,14.7233030796
1718,0.0141008,0.0140218036249,0,0,14.396253109
1719,0.0141017,0.0140223717317,0,0,14.2821810246
1720,0.0141037,0.0140219200402,0,0,14.0384550095
1721,0.0140993,0.0140214599669,0,0,14.3159809113
1722,0.0140968,0.0140228150412,0,0,14.0348498821
1723,0.0140976,0.0140220476314,0,0,14.0351948738
1724,0.0141001,0.014021737501,0,0,14.0386350155
1725,0.014101,0.014021881856,0,0,14.2886369228
1726,0.0141056,0.0140228280798,0,0,14.5056538582
1727,0.0140983,0.014022089541,0,0,14.3003339767
1728,0.014101,0.01402206067,0,0,14.0629370213
1729,0.0140973,0.0140223391354,0,0,14.2855000496
1730,0.0140985,0.0140210418031,0,1,14.4923288822
1731,0.0140974,0.014023325406,0,0,14.4768650532
1732,0.0140984,0.0140207819641,0,1,14.5667350292
1733,0.0140999,0.0140219256282,0,0,14.8532140255
1734,0.0140984,0.0140217635781,0,0,13.9915339947
1735,0.0141007,0.0140216462314,0,0,13.9914560318
1736,0.0141037,0.0140208750963,0,0,14.0075349808
1737,0.0140913,0.0140213472769,1,0,14.2432379723
1738,0.0140974,0.0140226408839,0,0,14.7024250031
1739,0.0140974,0.0140209235251,0,0,13.9942529202
1740,0.0141088,0.0140206916258,0,1,14.2918670177
1741,0.0140967,0.014022205025,0,0,14.7249689102
1742,0.0141043,0.0140219088644,0,0,14.5081090927
1743,0.0141025,0.0140214329585,0,0,14.2604699135
1744,0.0140999,0.0140211284161,0,0,14.2610969543
1745,0.0140991,0.014021798037,0,0,14.4977419376
1746,0.0141041,0.0140216527507,0,0,14.5038201809
1747,0.0141017,0.0140213593841,0,0,14.4957649708
1748,0.014098,0.0140214767307,0,0,14.4067881107
1749,0.0140997,0.0140219302848,0,0,14.2770199776
1750,0.014097,0.0140214767307,0,0,14.0184378624
1751,0.0141014,0.0140205752105,0,1,14.6893420219
1752,0.0140993,0.0140214422718,0,0,14.9301280975
1753,0.0141021,0.0140210958198,0,0,14.2338171005
1754,0.0141003,0.0140209449455,0,0,14.6010520458
1755,0.0140955,0.0140214338899,0,0,14.2295899391
1756,0.0141007,0.0140210101381,0,0,14.3972980976
1757,0.0141042,0.014021910727,0,0,14.5390729904
1758,0.0140983,0.0140212345868,0,0,14.4635028839
1759,0.0140957,0.0140208788216,0,0,14.013256073
1760,0.0141031,0.0140210520476,0,0,14.4776749611
1761,0.0140983,0.0140219461173,0,0,14.6167318821
1762,0.0140992,0.0140209253877,0,0,14.4633631706
1763,0.0140989,0.0140217132866,0,0,14.7728731632
1764,0.0140983,0.0140220364556,0,0,14.4111759663
1765,0.0141005,0.0140214869753,0,0,14.2294671535
1766,0.0140964,0.014020120725,0,1,14.2606208324
1767,0.0140977,0.0140209738165,0,0,14.7752549648
1768,0.0140962,0.0140209011734,0,0,14.2621099949
1769,0.0141028,0.0140217831358,0,0,14.038310051
1770,0.0140976,0.0140212913975,0,0,14.287681818
1771,0.014098,0.0140213062987,0,0,14.8275949955
1772,0.014098,0.0140210343525,0,0,14.2873280048
1773,0.0140943,0.0140210138634,0,0,14.2598309517
1774,0.0140972,0.0140208853409,0,0,14.6376719475
1775,0.0140926,0.0140211321414,0,0,14.5137419701
1776,0.0140988,0.0140219246969,0,0,14.0233011246
1777,0.0140996,0.0140211405233,0,0,14.8969960213
1778,0.0140965,0.0140211386606,0,0,14.2534320354
1779,0.014099,0.0140217626467,0,0,14.0605881214
1780,0.0140983,0.0140209076926,0,0,14.2551178932
1781,0.0140977,0.0140200993046,0,1,14.5562970638
1782,0.0140982,0.014020207338,0,0,14.30437994
1783,0.0140961,0.0140215018764,0,0,14.469946146
1784,0.0140981,0.0140202743933,0,0,14.4458508492
1785,0.0140986,0.0140210250393,0,0,14.4106709957
1786,0.0140969,0.014021506533,0,0,14.4585390091
1787,0.0140978,0.0140200424939,0,1,14.3039779663
1788,0.0141014,0.014020643197,0,0,14.1520979404
1789,0.0140991,0.0140208462253,0,0,14.5702989101
1790,0.0141034,0.0140212932602,0,0,15.1634440422
1791,0.0140939,0.0140206916258,0,0,14.4987149239
1792,0.0140949,0.0140208890662,0,0,14.017524004
1793,0.0140943,0.0140204764903,0,0,14.0506801605
1794,0.0140979,0.0140209840611,0,0,14.8199009895
1795,0.0140994,0.0140205090865,0,0,14.2332701683
1796,0.0140978,0.0140206962824,0,0,14.6628329754
1797,0.0140977,0.0140210054815,0,0,14.486495018
1798,0.0140989,0.0140209179372,0,0,14.2122399807
1799,0.0140989,0.0140212187544,0,0,14.0527188778
1800,0.0140969,0.0140215195715,0,0,14.6461689472
1801,0.0141043,0.014020903036,0,0,14.2528719902
1802,0.0140991,0.0140208750963,0,0,14.0174100399
1803,0.0140959,0.0140211125836,0,0,14.017015934
1804,0.0141017,0.0140203777701,0,0,14.0192201138
1805,0.0140981,0.0140200089663,0,1,14.0820739269
1806,0.0141007,0.0140196001157,0,1,14.7256331444
1807,0.0140931,0.0140216145664,0,0,14.1982839108
1808,0.0141027,0.0140208499506,0,0,14.2209370136
1809,0.0140965,0.0140204252675,0,0,14.4780051708
1810,0.0140924,0.0140209356323,0,0,14.635201931
1811,0.0141046,0.0140207568184,0,0,14.2250728607
1812,0.0140984,0.0140201067552,0,0,14.2749199867
1813,0.0141012,0.0140213603154,0,0,14.0312650204
1814,0.0140955,0.0140206264332,0,0,14.020236969
1815,0.0140994,0.0140206636861,0,0,14.0210618973
1816,0.014097,0.0140205025673,0,0,14.0227279663
1817,0.0140986,0.0140206106007,0,0,14.0214850903
1818,0.0140952,0.0140193635598,0,1,14.0800461769
1819,0.0140997,0.0140205128118,0,0,14.4992120266
1820,0.0140963,0.0140203842893,0,0,14.0239300728
1821,0.0141048,0.01402015239,0,0,14.4249470234
1822,0.014098,0.0140191661194,0,1,14.1247370243
1823,0.0141014,0.0140205556527,0,0,14.5041389465
1824,0.014098,0.0140203535557,0,0,14.2585599422
1825,0.0140992,0.0140192368999,0,0,14.2585771084
1826,0.0140968,0.0140204085037,0,0,14.019908905
1827,0.0140976,0.0140204578638,0,0,14.0230278969
1828,0.0140931,0.0140194073319,0,0,14.0227379799
1829,0.0140974,0.0140198292211,0,0,14.016988039
1830,0.0140974,0.0140197975561,0,0,14.0170249939
1831,0.0141039,0.0140214599669,0,0,14.0256049633
1832,0.0141012,0.0140207344666,0,0,14.0210459232
1833,0.0140948,0.0140210818499,0,0,14.0228390694
1834,0.0140937,0.0140204206109,0,0,14.0169529915
1835,0.0141004,0.0140198003501,0,0,14.0229818821
1836,0.0141032,0.0140207484365,0,0,14.0189111233
1837,0.0141007,0.0140196504071,0,0,14.0279040337
1838,0.0140921,0.014019635506,0,0,14.0330271721
1839,0.0140955,0.0140192974359,0,0,14.0157320499
1840,0.0140966,0.0140193384141,0,0,14.0162479877
1841,0.0140939,0.0140196848661,0,0,14.0195820332
1842,0.014094,0.0140203200281,0,0,14.0197269917
1843,0.0140983,0.0140196261927,0,0,14.228525877
1844,0.0140944,0.0140202017501,0,0,14.3526580334
1845,0.0141004,0.0140207083896,0,0,14.0390958786
1846,0.0140995,0.0140186659992,0,1,14.0862061977
1847,0.0140975,0.0140195814893,0,0,14.4836778641
1848,0.0141004,0.0140200303867,0,0,14.7789449692
1849,0.0141041,0.01401946228,0,0,14.0511951447
1850,0.0140955,0.0140206180513,0,0,14.4965181351
1851,0.0140938,0.0140212550759,0,0,14.24883008
1852,0.0140958,0.014019866474,0,0,14.7261250019
1853,0.0140985,0.0140194194391,0,0,14.4865891933
1854,0.0140979,0.0140197416767,0,0,14.395622015
1855,0.0141022,0.014018593356,0,1,14.3139779568
1856,0.0140904,0.0140202213079,1,0,14.8308970928
1857,0.0141002,0.0140173491091,0,1,14.4159650803
1858,0.0140956,0.0140191474929,0,0,14.3260018826
1859,0.0140944,0.0140201430768,0,0,14.9274590015
1860,0.0141035,0.0140197491273,0,0,14.0533468723
1861,0.0140972,0.0140184378251,0,0,14.5269501209
1862,0.0140965,0.0140200564638,0,0,14.3169801235
1863,0.014099,0.0140207121149,0,0,14.0283229351
1864,0.0140949,0.0140199568123,0,0,14.020802021
1865,0.0140956,0.0140196597204,0,0,14.0180249214
1866,0.0141019,0.0140193579718,0,0,14.0213620663
1867,0.0140926,0.0140199288726,0,0,14.0176041126
1868,0.0141007,0.0140201244503,0,0,14.0210828781
1869,0.0140942,0.0140199232846,0,0,14.0208179951
1870,0.0140988,0.0140192154795,0,0,14.0244300365
1871,0.0140964,0.014018850401,0,0,14.0218129158
1872,0.0140951,0.0140192145482,0,0,14.272097826
1873,0.0140939,0.0140197118744,0,0,14.0160660744
1874,0.0140981,0.0140182739124,0,0,14.4547719955
1875,0.0140986,0.0140191512182,0,0,14.0193488598
1876,0.0140953,0.0140201011673,0,0,14.3982088566
1877,0.0140939,0.0140184005722,0,0,14.0222051144
1878,0.0140943,0.014018706046,0,0,14.8339869976
1879,0.0140955,0.0140186408535,0,0,14.6355509758
1880,0.0140978,0.0140185495839,0,0,14.3004069328
1881,0.0140921,0.0140192126855,0,0,14.3101029396
1882,0.0140943,0.014019892551,0,0,14.046038866
1883,0.014096,0.0140192797408,0,0,14.0165841579
1884,0.0140973,0.0140188997611,0,0,14.8537230492
1885,0.0140956,0.0140198655427,0,0,14.0345010757
1886,0.014094,0.0140182748437,0,0,14.2610690594
1887,0.0140893,0.0140186464414,1,0,14.0280921459
1888,0.014097,0.0140180522576,0,0,14.2334589958
1889,0.0140952,0.0140189416707,0,0,14.0211641788
1890,0.0140965,0.0140193430707,0,0,14.0210390091
1891,0.0141031,0.0140178892761,0,0,14.0181047916
1892,0.0140997,0.0140189873055,0,0,14.0171070099
1893,0.0140963,0.0140176471323,0,0,14.0184979439
1894,0.0140923,0.0140185179189,0,0,14.0177550316
1895,0.014093,0.0140191586688,0,0,14.0161631107
1896,0.0140926,0.0140197128057,0,0,14.0174591541
1897,0.0140962,0.0140192732215,0,0,14.0273170471
1898,0.0140991,0.0140197128057,0,0,14.4145560265
1899,0.0140966,0.0140193710104,0,0,14.0187578201
1900,0.0140856,0.0140182031319,1,0,14.020181179
1901,0.0140946,0.0140190906823,0,0,14.0649728775
1902,0.014096,0.0140188932419,0,0,14.0215148926
1903,0.0140953,0.014018252492,0,0,14.0232009888
1904,0.0140972,0.0140188895166,0,0,14.2796370983
1905,0.0140993,0.0140186734498,0,0,14.0227468014
1906,0.0140956,0.0140191800892,0,0,14.0184459686
1907,0.0140969,0.014018223621,0,0,14.0147747993
1908,0.0140952,0.0140183540061,0,0,14.0142230988
1909,0.0140894,0.01401784271,0,0,14.0200140476
1910,0.0140938,0.0140185626224,0,0,14.0183877945
1911,0.0140988,0.0140201691538,0,0,14.0195159912
1912,0.0140974,0.014018050395,0,0,14.0172100067
1913,0.0140976,0.0140187628567,0,0,14.0310070515
1914,0.0140883,0.0140184434131,0,0,14.0236780643
1915,0.0140967,0.0140185495839,0,0,14.0158321857
1916,0.0140973,0.0140191577375,0,0,14.0210289955
1917,0.0141021,0.0140182562172,0,0,14.0290100574
1918,0.0140959,0.0140184722841,0,0,14.5751740932
1919,0.0140991,0.0140189481899,0,0,14.0222930908
1920,0.0140946,0.0140184909105,0,0,14.0210008621
1921,0.0141005,0.0140185337514,0,0,14.5897619724
1922,0.0140899,0.0140173342079,0,1,14.2838251591
1923,0.0140957,0.0140171153471,0,1,14.4305849075
1924,0.0140978,0.0140176583081,0,0,14.721558094
1925,0.0140993,0.0140186017379,0,0,14.0536439419
1926,0.0140938,0.0140174692497,0,0,14.2895669937
1927,0.0140952,0.0140179554,0,0,14.0762569904
1928,0.0140968,0.014018137008,0,0,14.5496740341
1929,0.014096,0.0140180587769,0,0,14.2629458904
1930,0.0140959,0.0140174617991,0,0,14.2629239559
1931,0.0140952,0.0140186548233,0,0,14.3035202026
1932,0.0140916,0.0140173435211,0,0,14.0291500092
1933,0.0140957,0.0140170017257,0,1,14.0974898338
1934,0.0140909,0.0140175698325,0,0,14.2555449009
1935,0.0140956,0.0140175707638,0,0,14.9745790958
1936,0.0140931,0.0140170780942,0,0,14.0553109646
1937,0.0140957,0.0140171879902,0,0,14.0347988605
1938,0.0140996,0.0140173966065,0,0,14.0267748833
1939,0.0140972,0.0140175921842,0,0,14.0196630955
1940,0.0140918,0.0140187460929,0,0,14.0233261585
1941,0.0140921,0.0140163870528,0,1,14.090720892
1942,0.0140924,0.0140180923045,0,0,14.4995110035
1943,0.0140964,0.0140175726265,0,0,14.2637348175
1944,0.0140912,0.0140165733173,0,0,14.0278849602
1945,0.0140992,0.0140175446868,0,0,14.0451309681
1946,0.0140942,0.0140189100057,0,0,14.0357909203
1947,0.0140974,0.0140182711184,0,0,14.0272409916
1948,0.0140923,0.0140178594738,0,0,14.0281169415
1949,0.0140905,0.0140173872933,0,0,14.0248248577
1950,0.0140913,0.0140182664618,0,0,14.0358200073
1951,0.0140854,0.0140163497999,1,1,14.6920800209
1952,0.0140946,0.0140175772831,0,0,14.6988630295
1953,0.0140881,0.0140172950923,0,0,15.0336859226
1954,0.0140963,0.0140170454979,0,0,14.7064478397
1955,0.0140996,0.0140168359503,0,0,14.4596660137
1956,0.0140918,0.014018160291,0,0,14.4566230774
1957,0.0140953,0.0140183027834,0,0,14.0467531681
1958,0.0140913,0.0140179255977,0,0,14.4071650505
1959,0.0140945,0.0140176396817,0,0,14.0199048519
1960,0.0140915,0.0140176611021,0,0,14.0151741505
1961,0.0140934,0.0140184434131,0,0,14.0192298889
1962,0.0140931,0.0140168918297,0,0,14.2795629501
1963,0.0140984,0.0140177691355,0,0,14.0150949955
1964,0.0140998,0.0140168769285,0,0,14.0154051781
1965,0.0140882,0.0140177020803,0,0,14.4748468399
1966,0.014091,0.0140174217522,0,0,14.0380690098
1967,0.0140927,0.0140171246603,0,0,14.2480258942
1968,0.0140974,0.0140176527202,0,0,14.2465760708
1969,0.0140875,0.0140171982348,0,0,14.0146157742
1970,0.0140913,0.0140159036964,0,1,14.078099966
1971,0.0140955,0.014017034322,0,0,14.4878668785
1972,0.0140934,0.0140176443383,0,0,14.2523748875
1973,0.0140947,0.0140182767063,0,0,14.4840559959
1974,0.0140915,0.0140164736658,0,0,14.2613668442
1975,0.0140924,0.0140163525939,0,0,14.0518350601
1976,0.0140907,0.0140175661072,0,0,14.013272047
1977,0.0140937,0.0140170212835,0,0,14.0130791664
1978,0.0140967,0.0140174301341,0,0,14.0141541958
1979,0.014092,0.0140173472464,0,0,14.0242400169
1980,0.0140904,0.0140178576112,0,0,14.2490458488
1981,0.0140955,0.014016318135,0,0,14.0134160519
1982,0.0140903,0.0140152936801,0,1,14.0765631199
1983,0.0140893,0.0140150887892,0,1,14.3046228886
1984,0.0140959,0.0140173882246,0,0,15.6477310658
1985,0.0140881,0.0140160946175,0,0,14.0396130085
1986,0.0140945,0.0140170529485,0,0,14.0195400715
1987,0.0140937,0.0140153616667,0,0,14.315335989
1988,0.0140904,0.0140162594616,0,0,14.4901108742
1989,0.014093,0.0140151791275,0,0,14.4551699162
1990,0.0140884,0.0140146873891,0,1,14.6156802177
1991,0.0140895,0.0140181425959,0,0,14.4517130852
1992,0.0140873,0.0140164270997,0,0,14.4738149643
1993,0.0140946,0.0140157444403,0,0,14.4983510971
1994,0.0140883,0.0140169924125,0,0,14.7345728874
1995,0.0140932,0.0140179973096,0,0,14.2665998936
1996,0.0140934,0.0140177262947,0,0,14.4826500416
1997,0.0140902,0.0140163945034,0,0,14.0389869213
1998,0.0140889,0.0140166962519,0,0,14.2264249325
1999,0.0140927,0.0140170166269,0,0,14.4432020187
