epoch,train_loss,valid_loss,has_train_loss_improved,has_valid_loss_improved,duration
0,7.58254e-05,7.89097030065e-05,1,1,4.41273188591
1,7.58138e-05,7.89142650319e-05,1,0,4.40771484375
2,7.58105e-05,7.89139885455e-05,1,0,4.38940310478
3,7.58083e-05,7.89126497693e-05,1,0,4.39485406876
4,7.58064e-05,7.89110708865e-05,1,0,4.42278313637
5,7.58045e-05,7.89094337961e-05,1,1,4.41921496391
6,7.58026e-05,7.89077603258e-05,1,1,4.40280604362
7,7.58008e-05,7.89060868556e-05,1,1,4.40708708763
8,7.57989e-05,7.89043988334e-05,1,1,4.40168499947
9,7.57971e-05,7.89026962593e-05,1,1,4.40379786491
10,7.57952e-05,7.89009718574e-05,1,1,4.38874483109
11,7.57933e-05,7.88992474554e-05,1,1,4.38905906677
12,7.57915e-05,7.88975012256e-05,1,1,4.37354397774
13,7.57896e-05,7.88957622717e-05,1,1,4.37035393715
14,7.57878e-05,7.88940160419e-05,1,1,4.37051391602
15,7.57859e-05,7.88922698121e-05,1,1,4.37171792984
16,7.57841e-05,7.88905235822e-05,1,1,4.37093615532
17,7.57822e-05,7.88887628005e-05,1,1,4.3739118576
18,7.57804e-05,7.88870165707e-05,1,1,4.37074613571
19,7.57785e-05,7.8885248513e-05,1,1,4.37259292603
20,7.57767e-05,7.88835022831e-05,1,1,4.37031006813
21,7.57748e-05,7.88817415014e-05,1,1,4.37151479721
22,7.5773e-05,7.88799879956e-05,1,1,4.3723089695
23,7.57712e-05,7.88782272139e-05,1,1,4.37085103989
24,7.57693e-05,7.88764664321e-05,1,1,4.37609815598
25,7.57675e-05,7.88747129263e-05,1,1,4.37357187271
26,7.57656e-05,7.88729594206e-05,1,1,4.37146687508
27,7.57638e-05,7.88711986388e-05,1,1,4.37296795845
28,7.5762e-05,7.8869445133e-05,1,1,4.37177395821
29,7.57601e-05,7.88676916272e-05,1,1,4.3710501194
30,7.57583e-05,7.88659381215e-05,1,1,4.37174987793
31,7.57564e-05,7.88641918916e-05,1,1,4.38898205757
32,7.57546e-05,7.88624383858e-05,1,1,4.37387299538
33,7.57528e-05,7.8860692156e-05,1,1,4.41541004181
34,7.57509e-05,7.88589459262e-05,1,1,4.421833992
35,7.57491e-05,7.88571924204e-05,1,1,4.39723110199
36,7.57473e-05,7.88554461906e-05,1,1,4.38799500465
37,7.57454e-05,7.88536926848e-05,1,1,4.37049508095
38,7.57436e-05,7.8851946455e-05,1,1,4.37188100815
39,7.57418e-05,7.88501929492e-05,1,1,4.37104415894
40,7.57399e-05,7.88484612713e-05,1,1,4.37276697159
41,7.57381e-05,7.88467223174e-05,1,1,4.3707678318
42,7.57363e-05,7.88449615357e-05,1,1,4.37106895447
43,7.57344e-05,7.88432371337e-05,1,1,4.37124705315
44,7.57326e-05,7.88414909039e-05,1,1,4.37267899513
45,7.57308e-05,7.8839759226e-05,1,1,4.38482117653
46,7.5729e-05,7.88380202721e-05,1,1,4.37054300308
47,7.57271e-05,7.88362885942e-05,1,1,4.3753349781
48,7.57253e-05,7.88345569163e-05,1,1,4.36921191216
49,7.57235e-05,7.88328325143e-05,1,1,4.37300395966
50,7.57216e-05,7.88311153883e-05,1,1,4.37095594406
51,7.57198e-05,7.88293909864e-05,1,1,4.37041401863
52,7.5718e-05,7.88276447565e-05,1,1,4.3899140358
53,7.57162e-05,7.88259276305e-05,1,1,4.37160801888
54,7.57143e-05,7.88241959526e-05,1,1,4.37249493599
55,7.57125e-05,7.88224788266e-05,1,1,4.37282085419
56,7.57107e-05,7.88207617006e-05,1,1,4.38355994225
57,7.57089e-05,7.88190372987e-05,1,1,4.37168192863
58,7.57071e-05,7.88173128967e-05,1,1,4.3742108345
59,7.57052e-05,7.88155957707e-05,1,1,4.37228894234
60,7.57034e-05,7.88138713688e-05,1,1,4.37059998512
61,7.57016e-05,7.88121687947e-05,1,1,4.37211894989
62,7.56998e-05,7.88104371168e-05,1,1,4.37325501442
63,7.56979e-05,7.88087199908e-05,1,1,4.37263202667
64,7.56961e-05,7.88070028648e-05,1,1,4.3693780899
65,7.56943e-05,7.88053002907e-05,1,1,4.36950492859
66,7.56925e-05,7.88035831647e-05,1,1,4.3725259304
67,7.56907e-05,7.88018733147e-05,1,1,4.38017892838
68,7.56888e-05,7.88001561887e-05,1,1,4.38050508499
69,7.5687e-05,7.87984536146e-05,1,1,4.37047219276
70,7.56852e-05,7.87967364886e-05,1,1,4.38023686409
71,7.56834e-05,7.87950266385e-05,1,1,4.38282799721
72,7.56816e-05,7.87933313404e-05,1,1,4.38803195953
73,7.56798e-05,7.87916142144e-05,1,1,4.37211298943
74,7.56779e-05,7.87898970884e-05,1,1,4.37020421028
75,7.56761e-05,7.87881945143e-05,1,1,4.37200212479
76,7.56743e-05,7.87864919403e-05,1,1,4.37071204185
77,7.56725e-05,7.87847893662e-05,1,1,4.37099599838
78,7.56707e-05,7.87830940681e-05,1,1,4.37248587608
79,7.56689e-05,7.8781391494e-05,1,1,4.37176799774
80,7.5667e-05,7.8779674368e-05,1,1,4.38540697098
81,7.56652e-05,7.87779645179e-05,1,1,4.38223004341
82,7.56634e-05,7.87762692198e-05,1,1,4.37304496765
83,7.56616e-05,7.87745593698e-05,1,1,4.36866211891
84,7.56598e-05,7.87728495197e-05,1,1,4.37082290649
85,7.5658e-05,7.87711614976e-05,1,1,4.37309789658
86,7.56562e-05,7.87694443716e-05,1,1,4.37796711922
87,7.56544e-05,7.87677563494e-05,1,1,4.38002109528
88,7.56526e-05,7.87660464994e-05,1,1,4.38514208794
89,7.56507e-05,7.87643512012e-05,1,1,4.37996888161
90,7.56489e-05,7.87626559031e-05,1,1,4.37914013863
91,7.56471e-05,7.8760960605e-05,1,1,4.37091803551
92,7.56453e-05,7.87592653069e-05,1,1,4.37101984024
93,7.56435e-05,7.87575627328e-05,1,1,4.38314604759
94,7.56417e-05,7.87558747106e-05,1,1,4.37489485741
95,7.56399e-05,7.87541721365e-05,1,1,4.36894488335
96,7.56381e-05,7.87524768384e-05,1,1,4.37018609047
97,7.56363e-05,7.87507815403e-05,1,1,4.37095308304
98,7.56345e-05,7.87490789662e-05,1,1,4.37280917168
99,7.56326e-05,7.8747390944e-05,1,1,4.39123082161
100,7.56308e-05,7.874568837e-05,1,1,4.37054514885
101,7.5629e-05,7.87439930718e-05,1,1,4.38305807114
102,7.56272e-05,7.87423196016e-05,1,1,4.37175893784
103,7.56254e-05,7.87406170275e-05,1,1,4.37409496307
104,7.56236e-05,7.87389290053e-05,1,1,4.39485120773
105,7.56218e-05,7.87372337072e-05,1,1,4.38553595543
106,7.562e-05,7.8735545685e-05,1,1,4.37046408653
107,7.56182e-05,7.87338649388e-05,1,1,4.37307214737
108,7.56164e-05,7.87321696407e-05,1,1,4.37162590027
109,7.56146e-05,7.87304743426e-05,1,1,4.38183689117
110,7.56128e-05,7.87287863204e-05,1,1,4.37575817108
111,7.5611e-05,7.87271055742e-05,1,1,4.36993002892
112,7.56092e-05,7.87254102761e-05,1,1,4.3708050251
113,7.56074e-05,7.87237295299e-05,1,1,4.37755203247
114,7.56056e-05,7.87220415077e-05,1,1,4.37239789963
115,7.56038e-05,7.87203534856e-05,1,1,4.3853738308
116,7.5602e-05,7.87186800153e-05,1,1,4.37265706062
117,7.56002e-05,7.87169774412e-05,1,1,4.36953902245
118,7.55983e-05,7.8715296695e-05,1,1,4.38461017609
119,7.55966e-05,7.87136086728e-05,1,1,4.37634301186
120,7.55948e-05,7.87119206507e-05,1,1,4.3836388588
121,7.5593e-05,7.87102471804e-05,1,1,4.37313604355
122,7.55911e-05,7.87085518823e-05,1,1,4.37230205536
123,7.55893e-05,7.8706878412e-05,1,1,4.37158203125
124,7.55875e-05,7.87051976658e-05,1,1,4.37132000923
125,7.55857e-05,7.87035096437e-05,1,1,4.37165093422
126,7.55839e-05,7.87018288975e-05,1,1,4.37694597244
127,7.55821e-05,7.87001335993e-05,1,1,4.37732410431
128,7.55803e-05,7.86984528531e-05,1,1,4.3841650486
129,7.55785e-05,7.86967793829e-05,1,1,4.40170788765
130,7.55767e-05,7.86950986367e-05,1,1,4.37255001068
131,7.55749e-05,7.86934178905e-05,1,1,4.38765001297
132,7.55731e-05,7.86917371443e-05,1,1,4.37442398071
133,7.55713e-05,7.8690056398e-05,1,1,4.37204504013
134,7.55696e-05,7.86883683759e-05,1,1,4.38112020493
135,7.55677e-05,7.86866949056e-05,1,1,4.38089418411
136,7.5566e-05,7.86850068835e-05,1,1,4.37024688721
137,7.55642e-05,7.86833334132e-05,1,1,4.37050104141
138,7.55624e-05,7.8681659943e-05,1,1,4.37076711655
139,7.55606e-05,7.86799719208e-05,1,1,4.37197804451
140,7.55588e-05,7.86782984505e-05,1,1,4.37859201431
141,7.5557e-05,7.86766177043e-05,1,1,4.37124991417
142,7.55552e-05,7.86749296822e-05,1,1,4.37299799919
143,7.55534e-05,7.86732562119e-05,1,1,4.37191796303
144,7.55516e-05,7.86715900176e-05,1,1,4.38452386856
145,7.55498e-05,7.86699092714e-05,1,1,4.37120985985
146,7.5548e-05,7.86682358012e-05,1,1,4.37081003189
147,7.55462e-05,7.86665768828e-05,1,1,4.37250208855
148,7.55444e-05,7.86648888607e-05,1,1,4.38530993462
149,7.55426e-05,7.86632226664e-05,1,1,4.39271688461
150,7.55408e-05,7.86615491961e-05,1,1,4.40096092224
151,7.5539e-05,7.86598684499e-05,1,1,4.40251612663
152,7.55372e-05,7.86582095316e-05,1,1,4.39745283127
153,7.55354e-05,7.86565433373e-05,1,1,4.40260505676
154,7.55336e-05,7.8654869867e-05,1,1,4.39546322823
155,7.55318e-05,7.86531891208e-05,1,1,4.37029600143
156,7.553e-05,7.86515156506e-05,1,1,4.3688788414
157,7.55282e-05,7.86498494563e-05,1,1,4.37293410301
158,7.55265e-05,7.8648175986e-05,1,1,4.37059998512
159,7.55247e-05,7.86464879639e-05,1,1,4.37120103836
160,7.55229e-05,7.86448290455e-05,1,1,4.37037205696
161,7.55211e-05,7.86431628512e-05,1,1,4.37549114227
162,7.55193e-05,7.8641482105e-05,1,1,4.37006807327
163,7.55175e-05,7.86398086348e-05,1,1,4.371489048
164,7.55157e-05,7.86381424405e-05,1,1,4.37033486366
165,7.55139e-05,7.86364689702e-05,1,1,4.36923384666
166,7.55121e-05,7.86347955e-05,1,1,4.37195801735
167,7.55103e-05,7.86331293057e-05,1,1,4.37130188942
168,7.55085e-05,7.86314631114e-05,1,1,4.37400317192
169,7.55068e-05,7.86297750892e-05,1,1,4.37273311615
170,7.5505e-05,7.86281161709e-05,1,1,4.37078499794
171,7.55032e-05,7.86264354247e-05,1,1,4.37196207047
172,7.55014e-05,7.86247692304e-05,1,1,4.3971221447
173,7.54996e-05,7.8623124864e-05,1,1,4.39204502106
174,7.54978e-05,7.86214441177e-05,1,1,4.38694310188
175,7.5496e-05,7.86197706475e-05,1,1,4.3688519001
176,7.54942e-05,7.86180971772e-05,1,1,4.37160396576
177,7.54924e-05,7.86164309829e-05,1,1,4.37015485764
178,7.54907e-05,7.86147575127e-05,1,1,4.37124609947
179,7.54889e-05,7.86130985944e-05,1,1,4.36994194984
180,7.54871e-05,7.8611446952e-05,1,1,4.37122702599
181,7.54853e-05,7.86097807577e-05,1,1,4.37317490578
182,7.54835e-05,7.86081000115e-05,1,1,4.37098097801
183,7.54817e-05,7.86064483691e-05,1,1,4.3721909523
184,7.54799e-05,7.86047748988e-05,1,1,4.3707780838
185,7.54782e-05,7.86031087046e-05,1,1,4.37206602097
186,7.54764e-05,7.86014497862e-05,1,1,4.37075686455
187,7.54746e-05,7.85997835919e-05,1,1,4.3714621067
188,7.54728e-05,7.85981246736e-05,1,1,4.37339997292
189,7.5471e-05,7.85964584793e-05,1,1,4.36983513832
190,7.54692e-05,7.8594785009e-05,1,1,4.37081313133
191,7.54675e-05,7.85931188148e-05,1,1,4.37175893784
192,7.54657e-05,7.85914671724e-05,1,1,4.37747001648
193,7.54639e-05,7.85898009781e-05,1,1,4.38248515129
194,7.54621e-05,7.85881347838e-05,1,1,4.37162303925
195,7.54603e-05,7.85864831414e-05,1,1,4.37359595299
196,7.54585e-05,7.85848169471e-05,1,1,4.36970710754
197,7.54568e-05,7.85831580288e-05,1,1,4.37109994888
198,7.5455e-05,7.85814918345e-05,1,1,4.37078809738
199,7.54532e-05,7.85798401921e-05,1,1,4.37086009979
200,7.54514e-05,7.85781812738e-05,1,1,4.38508200645
201,7.54496e-05,7.85765296314e-05,1,1,4.37035799026
202,7.54479e-05,7.85748634371e-05,1,1,4.37728500366
203,7.54461e-05,7.85732045188e-05,1,1,4.38232588768
204,7.54443e-05,7.85715528764e-05,1,1,4.36909198761
205,7.54425e-05,7.8569893958e-05,1,1,4.36958098412
206,7.54407e-05,7.85682423157e-05,1,1,4.3712439537
207,7.54389e-05,7.85665688454e-05,1,1,4.36882305145
208,7.54372e-05,7.85649026511e-05,1,1,4.37035703659
209,7.54354e-05,7.85632510087e-05,1,1,4.37484002113
210,7.54336e-05,7.85615993664e-05,1,1,4.37212204933
211,7.54318e-05,7.8559940448e-05,1,1,4.37162208557
212,7.543e-05,7.85582742537e-05,1,1,4.37147402763
213,7.54283e-05,7.85566298873e-05,1,1,4.37210392952
214,7.54265e-05,7.8554970969e-05,1,1,4.37084889412
215,7.54247e-05,7.85533266026e-05,1,1,4.37013983727
216,7.54229e-05,7.85516604083e-05,1,1,4.37323307991
217,7.54212e-05,7.8549994214e-05,1,1,4.37101387978
218,7.54194e-05,7.85483352956e-05,1,1,4.37168002129
219,7.54176e-05,7.85466836533e-05,1,1,4.37206816673
220,7.54158e-05,7.85450392868e-05,1,1,4.37098193169
221,7.5414e-05,7.85433730925e-05,1,1,4.37045502663
222,7.54123e-05,7.85417287261e-05,1,1,4.37245392799
223,7.54105e-05,7.85400552559e-05,1,1,4.37070393562
224,7.54087e-05,7.85383963375e-05,1,1,4.38668704033
225,7.54069e-05,7.85367446952e-05,1,1,4.37382411957
226,7.54052e-05,7.85350857768e-05,1,1,4.37047195435
227,7.54034e-05,7.85334268585e-05,1,1,4.37016391754
228,7.54016e-05,7.85317752161e-05,1,1,4.36831498146
229,7.53998e-05,7.85301235737e-05,1,1,4.38461589813
230,7.53981e-05,7.85284573794e-05,1,1,4.37491703033
231,7.53963e-05,7.8526813013e-05,1,1,4.37096905708
232,7.53945e-05,7.85251613706e-05,1,1,4.38389110565
233,7.53927e-05,7.85235097283e-05,1,1,4.3728749752
234,7.5391e-05,7.85218580859e-05,1,1,4.36926698685
235,7.53892e-05,7.85202064435e-05,1,1,4.37241721153
236,7.53874e-05,7.85185475252e-05,1,1,4.37769913673
237,7.53856e-05,7.85168886068e-05,1,1,4.37119317055
238,7.53839e-05,7.85152442404e-05,1,1,4.36959791183
239,7.53821e-05,7.8513599874e-05,1,1,4.37047195435
240,7.53803e-05,7.85119336797e-05,1,1,4.37068080902
241,7.53785e-05,7.85102893133e-05,1,1,4.37052893639
242,7.53768e-05,7.85086376709e-05,1,1,4.38286185265
243,7.5375e-05,7.85069860285e-05,1,1,4.37477612495
244,7.53732e-05,7.85053343861e-05,1,1,4.36995005608
245,7.53714e-05,7.85036900197e-05,1,1,4.37021708488
246,7.53697e-05,7.85020238254e-05,1,1,4.37092518806
247,7.53679e-05,7.8500372183e-05,1,1,4.37218499184
248,7.53661e-05,7.84987278166e-05,1,1,4.39550089836
249,7.53644e-05,7.84970761742e-05,1,1,4.38927197456
250,7.53626e-05,7.84954172559e-05,1,1,4.38542819023
251,7.53608e-05,7.84937656135e-05,1,1,4.3702249527
252,7.5359e-05,7.84921212471e-05,1,1,4.370885849
253,7.53573e-05,7.84904623288e-05,1,1,4.36843705177
254,7.53555e-05,7.84888106864e-05,1,1,4.37031006813
255,7.53537e-05,7.84871517681e-05,1,1,4.37060117722
256,7.5352e-05,7.84855146776e-05,1,1,4.37161588669
257,7.53502e-05,7.84838775871e-05,1,1,4.37106990814
258,7.53484e-05,7.84822259448e-05,1,1,4.37292098999
259,7.53466e-05,7.84805743024e-05,1,1,4.38273692131
260,7.53449e-05,7.847892266e-05,1,1,4.36942887306
261,7.53431e-05,7.84772637417e-05,1,1,4.37024116516
262,7.53413e-05,7.84756193752e-05,1,1,4.37063407898
263,7.53396e-05,7.84739750088e-05,1,1,4.37893605232
264,7.53378e-05,7.84723306424e-05,1,1,4.3803858757
265,7.5336e-05,7.8470679e-05,1,1,4.37102293968
266,7.53343e-05,7.84690346336e-05,1,1,4.37031412125
267,7.53325e-05,7.84673902672e-05,1,1,4.3706548214
268,7.53307e-05,7.84657459008e-05,1,1,4.38133811951
269,7.5329e-05,7.84640942584e-05,1,1,4.38917803764
270,7.53272e-05,7.8462442616e-05,1,1,4.37483501434
271,7.53254e-05,7.84607909736e-05,1,1,4.37541699409
272,7.53237e-05,7.84591466072e-05,1,1,4.38380599022
273,7.53219e-05,7.84574949648e-05,1,1,4.36973905563
274,7.53201e-05,7.84558505984e-05,1,1,4.38990902901
275,7.53184e-05,7.8454198956e-05,1,1,4.38290095329
276,7.53166e-05,7.84525618656e-05,1,1,4.36941695213
277,7.53148e-05,7.84509102232e-05,1,1,4.37118315697
278,7.53131e-05,7.84492731327e-05,1,1,4.37197899818
279,7.53113e-05,7.84476214903e-05,1,1,4.38370490074
280,7.53095e-05,7.8445969848e-05,1,1,4.37814497948
281,7.53078e-05,7.84443400335e-05,1,1,4.3819899559
282,7.5306e-05,7.84426883911e-05,1,1,4.37071299553
283,7.53042e-05,7.84410294727e-05,1,1,4.37091207504
284,7.53025e-05,7.84393996582e-05,1,1,4.37228393555
285,7.53007e-05,7.84377407399e-05,1,1,4.38518500328
286,7.5299e-05,7.84361036494e-05,1,1,4.37346887589
287,7.52972e-05,7.84344520071e-05,1,1,4.37705898285
288,7.52954e-05,7.84328003647e-05,1,1,4.38267612457
289,7.52937e-05,7.84311559983e-05,1,1,4.37099218369
290,7.52919e-05,7.84295189078e-05,1,1,4.36748313904
291,7.52901e-05,7.84278672654e-05,1,1,4.37173986435
292,7.52884e-05,7.8426222899e-05,1,1,4.37246990204
293,7.52866e-05,7.84245712566e-05,1,1,4.37049007416
294,7.52848e-05,7.84229268902e-05,1,1,4.36992502213
295,7.52831e-05,7.84212752478e-05,1,1,4.37361311913
296,7.52813e-05,7.84196308814e-05,1,1,4.3984670639
297,7.52795e-05,7.8417979239e-05,1,1,4.37348008156
298,7.52778e-05,7.84163275966e-05,1,1,4.38630700111
299,7.5276e-05,7.84146905062e-05,1,1,4.36957597733
300,7.52743e-05,7.84130461398e-05,1,1,4.36785507202
301,7.52725e-05,7.84114017733e-05,1,1,4.37060499191
302,7.52707e-05,7.84097574069e-05,1,1,4.37091517448
303,7.5269e-05,7.84081057645e-05,1,1,4.3741850853
304,7.52672e-05,7.84064686741e-05,1,1,4.37141394615
305,7.52655e-05,7.84048243077e-05,1,1,4.38630795479
306,7.52637e-05,7.84031799412e-05,1,1,4.37070894241
307,7.5262e-05,7.84015501267e-05,1,1,4.37114095688
308,7.52602e-05,7.83998984843e-05,1,1,4.371322155
309,7.52584e-05,7.83982541179e-05,1,1,4.37147593498
310,7.52567e-05,7.83966097515e-05,1,1,4.36907410622
311,7.52549e-05,7.83949653851e-05,1,1,4.37046599388
312,7.52531e-05,7.83933137427e-05,1,1,4.37180519104
313,7.52514e-05,7.83916839282e-05,1,1,4.37365293503
314,7.52496e-05,7.83900468377e-05,1,1,4.39218711853
315,7.52479e-05,7.83884024713e-05,1,1,4.37444806099
316,7.52461e-05,7.83867508289e-05,1,1,4.37082695961
317,7.52444e-05,7.83851064625e-05,1,1,4.37062811852
318,7.52426e-05,7.83834693721e-05,1,1,4.37348389626
319,7.52408e-05,7.83818177297e-05,1,1,4.38425397873
320,7.52391e-05,7.83801951911e-05,1,1,4.37292289734
321,7.52373e-05,7.83785581007e-05,1,1,4.37046384811
322,7.52356e-05,7.83768991823e-05,1,1,4.38445305824
323,7.52338e-05,7.83752766438e-05,1,1,4.37633919716
324,7.52321e-05,7.83736395533e-05,1,1,4.37124705315
325,7.52303e-05,7.83720024629e-05,1,1,4.3718829155
326,7.52285e-05,7.83703653724e-05,1,1,4.36875486374
327,7.52268e-05,7.83687282819e-05,1,1,4.38511586189
328,7.5225e-05,7.83671057434e-05,1,1,4.36857008934
329,7.52233e-05,7.83654395491e-05,1,1,4.37079596519
330,7.52215e-05,7.83638170105e-05,1,1,4.37045693398
331,7.52198e-05,7.83621653682e-05,1,1,4.37103700638
332,7.5218e-05,7.83605355537e-05,1,1,4.3746380806
333,7.52163e-05,7.83588984632e-05,1,1,4.36879515648
334,7.52145e-05,7.83572613727e-05,1,1,4.37147903442
335,7.52127e-05,7.83556170063e-05,1,1,4.37451291084
336,7.5211e-05,7.83539944678e-05,1,1,4.38367700577
337,7.52092e-05,7.83523501013e-05,1,1,4.37125301361
338,7.52075e-05,7.83507130109e-05,1,1,4.38997006416
339,7.52057e-05,7.83490759204e-05,1,1,4.39576411247
340,7.5204e-05,7.834743883e-05,1,1,4.37312889099
341,7.52022e-05,7.83457944635e-05,1,1,4.37141013145
342,7.52005e-05,7.8344164649e-05,1,1,4.36985301971
343,7.51987e-05,7.83425202826e-05,1,1,4.37018799782
344,7.5197e-05,7.83408831921e-05,1,1,4.38437199593
345,7.51952e-05,7.83392461017e-05,1,1,4.3841240406
346,7.51935e-05,7.83376017353e-05,1,1,4.37291407585
347,7.51917e-05,7.83359646448e-05,1,1,4.37006402016
348,7.51899e-05,7.83343202784e-05,1,1,4.3716840744
349,7.51882e-05,7.83326977398e-05,1,1,4.36946606636
350,7.51864e-05,7.83310606494e-05,1,1,4.38287711143
351,7.51847e-05,7.83294381108e-05,1,1,4.37279510498
352,7.5183e-05,7.83278010204e-05,1,1,4.36982798576
353,7.51812e-05,7.83261639299e-05,1,1,4.38209104538
354,7.51795e-05,7.83245268394e-05,1,1,4.37926197052
355,7.51777e-05,7.8322882473e-05,1,1,4.3708999157
356,7.5176e-05,7.83212672104e-05,1,1,4.37328290939
357,7.51742e-05,7.83196301199e-05,1,1,4.37086796761
358,7.51724e-05,7.83180003054e-05,1,1,4.38431692123
359,7.51707e-05,7.8316355939e-05,1,1,4.37087893486
360,7.5169e-05,7.83147261245e-05,1,1,4.37655091286
361,7.51672e-05,7.83130890341e-05,1,1,4.38452506065
362,7.51655e-05,7.83114592195e-05,1,1,4.37127685547
363,7.51637e-05,7.83098148531e-05,1,1,4.3719959259
364,7.5162e-05,7.83081923146e-05,1,1,4.36855888367
365,7.51602e-05,7.83065552241e-05,1,1,4.36978507042
366,7.51585e-05,7.83049254096e-05,1,1,4.37063097954
367,7.51567e-05,7.83032810432e-05,1,1,4.37042498589
368,7.5155e-05,7.83016512287e-05,1,1,4.37013602257
369,7.51532e-05,7.83000214142e-05,1,1,4.36991620064
370,7.51515e-05,7.82983843237e-05,1,1,4.37152099609
371,7.51497e-05,7.82967472333e-05,1,1,4.36749410629
372,7.5148e-05,7.82951101428e-05,1,1,4.37320899963
373,7.51462e-05,7.82934876042e-05,1,1,4.37590384483
374,7.51445e-05,7.82918505138e-05,1,1,4.37055802345
375,7.51427e-05,7.82902206993e-05,1,1,4.38254404068
376,7.5141e-05,7.82885763329e-05,1,1,4.3765809536
377,7.51392e-05,7.82869392424e-05,1,1,4.37015604973
378,7.51375e-05,7.82853167038e-05,1,1,4.37149381638
379,7.51357e-05,7.82836941653e-05,1,1,4.36951589584
380,7.5134e-05,7.82820570748e-05,1,1,4.37288212776
381,7.51323e-05,7.82804199844e-05,1,1,4.37175893784
382,7.51305e-05,7.82787901699e-05,1,1,4.37089204788
383,7.51288e-05,7.82771676313e-05,1,1,4.37267994881
384,7.5127e-05,7.82755305409e-05,1,1,4.36998701096
385,7.51253e-05,7.82739007263e-05,1,1,4.37144589424
386,7.51235e-05,7.82722854638e-05,1,1,4.37029194832
387,7.51218e-05,7.82706410973e-05,1,1,4.37337708473
388,7.512e-05,7.82690112828e-05,1,1,4.37034010887
389,7.51183e-05,7.82673814683e-05,1,1,4.38340711594
390,7.51166e-05,7.82657589298e-05,1,1,4.36969184875
391,7.51148e-05,7.82641218393e-05,1,1,4.37019300461
392,7.51131e-05,7.82624993008e-05,1,1,4.36966514587
393,7.51113e-05,7.82608622103e-05,1,1,4.37008094788
394,7.51096e-05,7.82592469477e-05,1,1,4.38314890862
395,7.51078e-05,7.82576171332e-05,1,1,4.37133312225
396,7.51061e-05,7.82559727668e-05,1,1,4.36926078796
397,7.51044e-05,7.82543502282e-05,1,1,4.3702750206
398,7.51026e-05,7.82527349656e-05,1,1,4.37080311775
399,7.51009e-05,7.82510978752e-05,1,1,4.36923980713
400,7.50991e-05,7.82494680607e-05,1,1,4.37117695808
401,7.50974e-05,7.82478455221e-05,1,1,4.37061595917
402,7.50956e-05,7.82462084317e-05,1,1,4.3713350296
403,7.50939e-05,7.82445858931e-05,1,1,4.37903499603
404,7.50922e-05,7.82429560786e-05,1,1,4.38253998756
405,7.50904e-05,7.82413335401e-05,1,1,4.37074708939
406,7.50887e-05,7.82397110015e-05,1,1,4.37185406685
407,7.50869e-05,7.8238081187e-05,1,1,4.37017416954
408,7.50852e-05,7.82364513725e-05,1,1,4.37052106857
409,7.50835e-05,7.8234828834e-05,1,1,4.38402509689
410,7.50817e-05,7.82331990195e-05,1,1,4.36876702309
411,7.508e-05,7.82315692049e-05,1,1,4.37250304222
412,7.50782e-05,7.82299539424e-05,1,1,4.36957192421
413,7.50765e-05,7.82283314038e-05,1,1,4.3717110157
414,7.50748e-05,7.82266943133e-05,1,1,4.40311002731
415,7.5073e-05,7.82250863267e-05,1,1,4.37592101097
416,7.50713e-05,7.82234565122e-05,1,1,4.37009692192
417,7.50695e-05,7.82218266977e-05,1,1,4.37314414978
418,7.50678e-05,7.82202114351e-05,1,1,4.37068295479
419,7.50661e-05,7.82185743446e-05,1,1,4.37152504921
420,7.50643e-05,7.82169518061e-05,1,1,4.37066602707
421,7.50626e-05,7.82153365435e-05,1,1,4.38354802132
422,7.50608e-05,7.8213714005e-05,1,1,4.37085604668
423,7.50591e-05,7.82120696385e-05,1,1,4.3725528717
424,7.50574e-05,7.82104616519e-05,1,1,4.36994099617
425,7.50556e-05,7.82088318374e-05,1,1,4.37144804001
426,7.50539e-05,7.82072092989e-05,1,1,4.37167406082
427,7.50522e-05,7.82055867603e-05,1,1,4.37060689926
428,7.50504e-05,7.82039569458e-05,1,1,4.37484312057
429,7.50487e-05,7.82023344073e-05,1,1,4.36950397491
430,7.50469e-05,7.82007045927e-05,1,1,4.3715429306
431,7.50452e-05,7.81990820542e-05,1,1,4.37014102936
432,7.50435e-05,7.81974522397e-05,1,1,4.37137699127
433,7.50417e-05,7.81958297011e-05,1,1,4.36986112595
434,7.504e-05,7.81942071626e-05,1,1,4.37004899979
435,7.50383e-05,7.81925773481e-05,1,1,4.37195205688
436,7.50365e-05,7.81909766374e-05,1,1,4.36841893196
437,7.50348e-05,7.8189339547e-05,1,1,4.37087798119
438,7.50331e-05,7.81877097324e-05,1,1,4.38444399834
439,7.50313e-05,7.81860871939e-05,1,1,4.36998796463
440,7.50296e-05,7.81844719313e-05,1,1,4.37189602852
441,7.50279e-05,7.81828348408e-05,1,1,4.36997079849
442,7.50261e-05,7.81812195783e-05,1,1,4.40471315384
443,7.50244e-05,7.81796115916e-05,1,1,4.38594508171
444,7.50227e-05,7.81779745012e-05,1,1,4.37206792831
445,7.50209e-05,7.81763519626e-05,1,1,4.37124300003
446,7.50192e-05,7.81747367e-05,1,1,4.37062215805
447,7.50175e-05,7.81731068855e-05,1,1,4.37003993988
448,7.50157e-05,7.8171484347e-05,1,1,4.38563799858
449,7.5014e-05,7.81698690844e-05,1,1,4.37239694595
450,7.50123e-05,7.81682538218e-05,1,1,4.37152814865
451,7.50105e-05,7.81666312832e-05,1,1,4.36823296547
452,7.50088e-05,7.81650160206e-05,1,1,4.37019205093
453,7.50071e-05,7.81633789302e-05,1,1,4.37270212173
454,7.50053e-05,7.81617636676e-05,1,1,4.37236905098
455,7.50036e-05,7.8160148405e-05,1,1,4.37112593651
456,7.50019e-05,7.81585331424e-05,1,1,4.37063407898
457,7.50001e-05,7.81569033279e-05,1,1,4.36935400963
458,7.49984e-05,7.81552807894e-05,1,1,4.38269209862
459,7.49967e-05,7.81536728027e-05,1,1,4.37793111801
460,7.49949e-05,7.81520357123e-05,1,1,4.36944389343
461,7.49932e-05,7.81504204497e-05,1,1,4.37254714966
462,7.49915e-05,7.81487979111e-05,1,1,4.37132906914
463,7.49897e-05,7.81472044764e-05,1,1,4.37057495117
464,7.4988e-05,7.81455892138e-05,1,1,4.37793493271
465,7.49863e-05,7.81439593993e-05,1,1,4.39117002487
466,7.49845e-05,7.81423441367e-05,1,1,4.3851377964
467,7.49828e-05,7.81407288741e-05,1,1,4.40468192101
468,7.49811e-05,7.81390990596e-05,1,1,4.39818501472
469,7.49794e-05,7.8137498349e-05,1,1,4.38565897942
470,7.49776e-05,7.81358830864e-05,1,1,4.37139511108
471,7.49759e-05,7.81342678238e-05,1,1,4.37188696861
472,7.49742e-05,7.81326452852e-05,1,1,4.3717648983
473,7.49724e-05,7.81310227467e-05,1,1,4.36916399002
474,7.49707e-05,7.812941476e-05,1,1,4.36865186691
475,7.4969e-05,7.81277776696e-05,1,1,4.37125897408
476,7.49673e-05,7.81261769589e-05,1,1,4.37437391281
477,7.49655e-05,7.81245616963e-05,1,1,4.37066197395
478,7.49638e-05,7.81229464337e-05,1,1,4.36972284317
479,7.49621e-05,7.81213166192e-05,1,1,4.37041401863
480,7.49603e-05,7.81197086326e-05,1,1,4.38345217705
481,7.49586e-05,7.811809337e-05,1,1,4.37057995796
482,7.49569e-05,7.81164781074e-05,1,1,4.37312293053
483,7.49552e-05,7.81148482929e-05,1,1,4.38660693169
484,7.49534e-05,7.81132257544e-05,1,1,4.37012410164
485,7.49517e-05,7.81116104918e-05,1,1,4.37080287933
486,7.495e-05,7.81100025051e-05,1,1,4.3826417923
487,7.49483e-05,7.81083872425e-05,1,1,4.37131285667
488,7.49465e-05,7.81067719799e-05,1,1,4.37235379219
489,7.49448e-05,7.81051712693e-05,1,1,4.36963009834
490,7.49431e-05,7.81035414548e-05,1,1,4.37212920189
491,7.49414e-05,7.81019261922e-05,1,1,4.3853700161
492,7.49396e-05,7.81003109296e-05,1,1,4.3716199398
493,7.49379e-05,7.80986811151e-05,1,1,4.38535785675
494,7.49362e-05,7.80971022323e-05,1,1,4.3739759922
495,7.49344e-05,7.80954724178e-05,1,1,4.37105798721
496,7.49327e-05,7.80938498792e-05,1,1,4.36987709999
497,7.4931e-05,7.80922418926e-05,1,1,4.3733291626
498,7.49293e-05,7.8090619354e-05,1,1,4.38210296631
499,7.49276e-05,7.80890113674e-05,1,1,4.37594294548
500,7.49258e-05,7.80873888289e-05,1,1,4.37094593048
501,7.49241e-05,7.80857808422e-05,1,1,4.37230110168
502,7.49224e-05,7.80841655796e-05,1,1,4.36921000481
503,7.49207e-05,7.8082557593e-05,1,1,4.38039517403
504,7.49189e-05,7.80809350545e-05,1,1,4.37844896317
505,7.49172e-05,7.80793197919e-05,1,1,4.37200188637
506,7.49155e-05,7.80777118052e-05,1,1,4.38500118256
507,7.49138e-05,7.80760892667e-05,1,1,4.38391304016
508,7.4912e-05,7.80744812801e-05,1,1,4.37161612511
509,7.49103e-05,7.80728660175e-05,1,1,4.38584494591
510,7.49086e-05,7.80712507549e-05,1,1,4.37495303154
511,7.49069e-05,7.80696282163e-05,1,1,4.38348913193
512,7.49052e-05,7.80680202297e-05,1,1,4.38620996475
513,7.49034e-05,7.8066419519e-05,1,1,4.37483096123
514,7.49017e-05,7.80647897045e-05,1,1,4.38266992569
515,7.49e-05,7.80631817179e-05,1,1,4.37853002548
516,7.48983e-05,7.80615664553e-05,1,1,4.37193179131
517,7.48965e-05,7.80599511927e-05,1,1,4.37203288078
518,7.48948e-05,7.80583432061e-05,1,1,4.37071490288
519,7.48931e-05,7.80567352194e-05,1,1,4.37080097198
520,7.48914e-05,7.80551126809e-05,1,1,4.37073922157
521,7.48897e-05,7.80534974183e-05,1,1,4.37225103378
522,7.48879e-05,7.80518894317e-05,1,1,4.37094688416
523,7.48862e-05,7.8050288721e-05,1,1,4.38626194
524,7.48845e-05,7.80486734584e-05,1,1,4.37766599655
525,7.48828e-05,7.80470581958e-05,1,1,4.37149882317
526,7.48811e-05,7.80454502092e-05,1,1,4.37176895142
527,7.48793e-05,7.80438349466e-05,1,1,4.37079000473
528,7.48776e-05,7.804222696e-05,1,1,4.37050795555
529,7.48759e-05,7.80406044214e-05,1,1,4.37035417557
530,7.48742e-05,7.80389891588e-05,1,1,4.37149596214
531,7.48725e-05,7.80373957241e-05,1,1,4.37117004395
532,7.48708e-05,7.80357804615e-05,1,1,4.36970090866
533,7.4869e-05,7.80341797508e-05,1,1,4.36957979202
534,7.48673e-05,7.80325572123e-05,1,1,4.37078213692
535,7.48656e-05,7.80309492256e-05,1,1,4.38333582878
536,7.48639e-05,7.8029341239e-05,1,1,4.38148713112
537,7.48622e-05,7.80277332524e-05,1,1,4.3928360939
538,7.48604e-05,7.80261179898e-05,1,1,4.38504600525
539,7.48587e-05,7.80245100032e-05,1,1,4.3850440979
540,7.4857e-05,7.80229020165e-05,1,1,4.3744790554
541,7.48553e-05,7.80212867539e-05,1,1,4.37343907356
542,7.48536e-05,7.80196642154e-05,1,1,4.37152314186
543,7.48519e-05,7.80180707807e-05,1,1,4.36895608902
544,7.48501e-05,7.8016462794e-05,1,1,4.37178897858
545,7.48484e-05,7.80148475314e-05,1,1,4.37626004219
546,7.48467e-05,7.80132395448e-05,1,1,4.37074708939
547,7.4845e-05,7.80116315582e-05,1,1,4.3948841095
548,7.48433e-05,7.80100235716e-05,1,1,4.37447118759
549,7.48416e-05,7.80084228609e-05,1,1,4.37891101837
550,7.48398e-05,7.80068221502e-05,1,1,4.38273382187
551,7.48381e-05,7.80052141636e-05,1,1,4.37023591995
552,7.48364e-05,7.80036061769e-05,1,1,4.38408112526
553,7.48347e-05,7.80019981903e-05,1,1,4.39024305344
554,7.4833e-05,7.80003756518e-05,1,1,4.37115693092
555,7.48313e-05,7.79987749411e-05,1,1,4.37035608292
556,7.48295e-05,7.79971596785e-05,1,1,4.37232613564
557,7.48278e-05,7.79955516919e-05,1,1,4.37110900879
558,7.48261e-05,7.79939582571e-05,1,1,4.37264609337
559,7.48244e-05,7.79923357186e-05,1,1,4.37301182747
560,7.48227e-05,7.79907350079e-05,1,1,4.37345385551
561,7.4821e-05,7.79891342972e-05,1,1,4.371322155
562,7.48193e-05,7.79875190347e-05,1,1,4.39966011047
563,7.48176e-05,7.7985918324e-05,1,1,4.37257099152
564,7.48158e-05,7.79843176133e-05,1,1,4.37050414085
565,7.48141e-05,7.79827169026e-05,1,1,4.37500905991
566,7.48124e-05,7.798110164e-05,1,1,4.3702750206
567,7.48107e-05,7.79795009294e-05,1,1,4.36862397194
568,7.4809e-05,7.79779002187e-05,1,1,4.3701851368
569,7.48073e-05,7.79762849561e-05,1,1,4.37049198151
570,7.48056e-05,7.79746769695e-05,1,1,4.37249803543
571,7.48038e-05,7.79730689828e-05,1,1,4.36905217171
572,7.48021e-05,7.79714755481e-05,1,1,4.3711938858
573,7.48004e-05,7.79698675615e-05,1,1,4.37306499481
574,7.47987e-05,7.79682595748e-05,1,1,4.37295103073
575,7.4797e-05,7.79666588642e-05,1,1,4.37089014053
576,7.47953e-05,7.79650581535e-05,1,1,4.37155795097
577,7.47936e-05,7.79634501669e-05,1,1,4.36966300011
578,7.47919e-05,7.79618494562e-05,1,1,4.37203288078
579,7.47901e-05,7.79602414696e-05,1,1,4.37401080132
580,7.47884e-05,7.79586407589e-05,1,1,4.37382888794
581,7.47867e-05,7.79570400482e-05,1,1,4.37157487869
582,7.4785e-05,7.79554320616e-05,1,1,4.37175798416
583,7.47833e-05,7.79538313509e-05,1,1,4.3718829155
584,7.47816e-05,7.79522160883e-05,1,1,4.37052106857
585,7.47799e-05,7.79506226536e-05,1,1,4.37502408028
586,7.47782e-05,7.7949014667e-05,1,1,4.37763690948
587,7.47765e-05,7.79474066803e-05,1,1,4.38380479813
588,7.47747e-05,7.79457986937e-05,1,1,4.37167692184
589,7.4773e-05,7.7944197983e-05,1,1,4.38461112976
590,7.47713e-05,7.79425899964e-05,1,1,4.37386202812
591,7.47696e-05,7.79409892857e-05,1,1,4.37348294258
592,7.47679e-05,7.7939388575e-05,1,1,4.37187480927
593,7.47662e-05,7.79377733124e-05,1,1,4.38783192635
594,7.47645e-05,7.79361798777e-05,1,1,4.39526820183
595,7.47628e-05,7.7934586443e-05,1,1,4.37081408501
596,7.47611e-05,7.79329639045e-05,1,1,4.37106204033
597,7.47594e-05,7.79313704697e-05,1,1,4.36973285675
598,7.47577e-05,7.79297697591e-05,1,1,4.37154579163
599,7.4756e-05,7.79281690484e-05,1,1,4.36962389946
600,7.47542e-05,7.79265756137e-05,1,1,4.37217497826
601,7.47525e-05,7.7924967627e-05,1,1,4.3718059063
602,7.47508e-05,7.79233741923e-05,1,1,4.37235498428
603,7.47491e-05,7.79217734816e-05,1,1,4.37323093414
604,7.47474e-05,7.79201582191e-05,1,1,4.36962294579
605,7.47457e-05,7.79185647843e-05,1,1,4.3706278801
606,7.4744e-05,7.79169713496e-05,1,1,4.39239096642
607,7.47423e-05,7.79153706389e-05,1,1,4.36955690384
608,7.47406e-05,7.79137699283e-05,1,1,4.3693420887
609,7.47389e-05,7.79121764936e-05,1,1,4.37130999565
610,7.47372e-05,7.79105830588e-05,1,1,4.37030601501
611,7.47355e-05,7.79089750722e-05,1,1,4.3714389801
612,7.47338e-05,7.79073743615e-05,1,1,4.3713889122
613,7.4732e-05,7.79057736509e-05,1,1,4.37271380424
614,7.47303e-05,7.79041802161e-05,1,1,4.37330508232
615,7.47286e-05,7.79025867814e-05,1,1,4.3700940609
616,7.47269e-05,7.79009787948e-05,1,1,4.38425207138
617,7.47252e-05,7.78993780841e-05,1,1,4.37573003769
618,7.47235e-05,7.78977846494e-05,1,1,4.36964297295
619,7.47218e-05,7.78961766628e-05,1,1,4.37243914604
620,7.47201e-05,7.7894583228e-05,1,1,4.37692403793
621,7.47184e-05,7.78929825174e-05,1,1,4.37225008011
622,7.47167e-05,7.78913818067e-05,1,1,4.37158894539
623,7.4715e-05,7.78897956479e-05,1,1,4.37185811996
624,7.47133e-05,7.78881876613e-05,1,1,4.37221980095
625,7.47116e-05,7.78865942266e-05,1,1,4.3838801384
626,7.47099e-05,7.78850007919e-05,1,1,4.37433695793
627,7.47082e-05,7.78834000812e-05,1,1,4.38372707367
628,7.47065e-05,7.78818139224e-05,1,1,4.37263417244
629,7.47048e-05,7.78802059358e-05,1,1,4.3708319664
630,7.47031e-05,7.78786125011e-05,1,1,4.37187480927
631,7.47014e-05,7.78770190664e-05,1,1,4.37410902977
632,7.46997e-05,7.78754329076e-05,1,1,4.37206792831
633,7.4698e-05,7.7873817645e-05,1,1,4.36997509003
634,7.46963e-05,7.78722242103e-05,1,1,4.39240813255
635,7.46946e-05,7.78706307756e-05,1,1,4.38615512848
636,7.46929e-05,7.78690446168e-05,1,1,4.37250304222
637,7.46912e-05,7.78674511821e-05,1,1,4.37112307549
638,7.46895e-05,7.78658504714e-05,1,1,4.37097191811
639,7.46877e-05,7.78642497608e-05,1,1,4.37242412567
640,7.46861e-05,7.78626417741e-05,1,1,4.3702480793
641,7.46843e-05,7.78610628913e-05,1,1,4.3723859787
642,7.46826e-05,7.78594767326e-05,1,1,4.36912298203
643,7.4681e-05,7.78578832978e-05,1,1,4.37134194374
644,7.46793e-05,7.78562753112e-05,1,1,4.37187981606
645,7.46775e-05,7.78546746005e-05,1,1,4.37067103386
646,7.46758e-05,7.78530738899e-05,1,1,4.37143611908
647,7.46741e-05,7.78514877311e-05,1,1,4.36932086945
648,7.46725e-05,7.78498724685e-05,1,1,4.38682103157
649,7.46707e-05,7.78482790338e-05,1,1,4.37325787544
650,7.4669e-05,7.78466783231e-05,1,1,4.3728158474
651,7.46673e-05,7.78450994403e-05,1,1,4.37191605568
652,7.46656e-05,7.78434841777e-05,1,1,4.37122988701
653,7.46639e-05,7.7841898019e-05,1,1,4.38580799103
654,7.46622e-05,7.78403045842e-05,1,1,4.37357902527
655,7.46605e-05,7.78387257014e-05,1,1,4.37233495712
656,7.46588e-05,7.78371177148e-05,1,1,4.37206792831
657,7.46571e-05,7.7835531556e-05,1,1,4.37218689919
658,7.46555e-05,7.78339308454e-05,1,1,4.37186598778
659,7.46537e-05,7.78323519626e-05,1,1,4.37048101425
660,7.46521e-05,7.78307439759e-05,1,1,4.37235808372
661,7.46504e-05,7.78291505412e-05,1,1,4.37576794624
662,7.46486e-05,7.78275716584e-05,1,1,4.37200903893
663,7.4647e-05,7.78259782237e-05,1,1,4.37360501289
664,7.46453e-05,7.7824384789e-05,1,1,4.37069416046
665,7.46436e-05,7.78227768023e-05,1,1,4.37173199654
666,7.46419e-05,7.78211906436e-05,1,1,4.37219810486
667,7.46402e-05,7.78195972089e-05,1,1,4.37275099754
668,7.46385e-05,7.78180037742e-05,1,1,4.37357807159
669,7.46368e-05,7.78164103394e-05,1,1,4.36921000481
670,7.46351e-05,7.78148169047e-05,1,1,4.37242817879
671,7.46334e-05,7.781322347e-05,1,1,4.37024879456
672,7.46317e-05,7.78116300353e-05,1,1,4.37352800369
673,7.463e-05,7.78100438765e-05,1,1,4.36991405487
674,7.46283e-05,7.78084504418e-05,1,1,4.37229514122
675,7.46266e-05,7.78068497311e-05,1,1,4.37550711632
676,7.46249e-05,7.78052562964e-05,1,1,4.37204790115
677,7.46232e-05,7.78036701377e-05,1,1,4.3723320961
678,7.46215e-05,7.78020767029e-05,1,1,4.37147903442
679,7.46198e-05,7.78004832682e-05,1,1,4.37126612663
680,7.46181e-05,7.77988971095e-05,1,1,4.3738079071
681,7.46164e-05,7.77973036747e-05,1,1,4.36924600601
682,7.46147e-05,7.779571024e-05,1,1,4.37335896492
683,7.4613e-05,7.77941168053e-05,1,1,4.36937403679
684,7.46113e-05,7.77925233706e-05,1,1,4.38368105888
685,7.46096e-05,7.77909372118e-05,1,1,4.37069201469
686,7.46079e-05,7.77893437771e-05,1,1,4.37149500847
687,7.46062e-05,7.77877503424e-05,1,1,4.37264609337
688,7.46045e-05,7.77861641836e-05,1,1,4.37182092667
689,7.46028e-05,7.77845707489e-05,1,1,4.37440395355
690,7.46012e-05,7.77829700382e-05,1,1,4.38463997841
691,7.45995e-05,7.77813766035e-05,1,1,4.37872099876
692,7.45978e-05,7.77797904448e-05,1,1,4.37274885178
693,7.45961e-05,7.777819701e-05,1,1,4.37568092346
694,7.45944e-05,7.77766108513e-05,1,1,4.38285493851
695,7.45927e-05,7.77750319685e-05,1,1,4.37112998962
696,7.4591e-05,7.77734385338e-05,1,1,4.37311601639
697,7.45893e-05,7.7771852375e-05,1,1,4.3842549324
698,7.45876e-05,7.77702734922e-05,1,1,4.37071013451
699,7.45859e-05,7.77686655056e-05,1,1,4.37256908417
700,7.45842e-05,7.77670793468e-05,1,1,4.37055778503
701,7.45825e-05,7.7765500464e-05,1,1,4.37268996239
702,7.45808e-05,7.77638997533e-05,1,1,4.37433695793
703,7.45791e-05,7.77623208705e-05,1,1,4.37167596817
704,7.45774e-05,7.77607274358e-05,1,1,4.37351107597
705,7.45757e-05,7.77591340011e-05,1,1,4.38310885429
706,7.45741e-05,7.77575405664e-05,1,1,4.38193011284
707,7.45724e-05,7.77559471317e-05,1,1,4.37254405022
708,7.45707e-05,7.77543609729e-05,1,1,4.37101197243
709,7.4569e-05,7.77527675382e-05,1,1,4.37612199783
710,7.45673e-05,7.77511813794e-05,1,1,4.38626599312
711,7.45656e-05,7.77495806688e-05,1,1,4.37329006195
712,7.45639e-05,7.77480017859e-05,1,1,4.37104487419
713,7.45622e-05,7.77464156272e-05,1,1,4.3703148365
714,7.45605e-05,7.77448149165e-05,1,1,4.37033414841
715,7.45588e-05,7.77432360337e-05,1,1,4.37166595459
716,7.45571e-05,7.7741635323e-05,1,1,4.3861989975
717,7.45554e-05,7.77400418883e-05,1,1,4.37471914291
718,7.45538e-05,7.77384630055e-05,1,1,4.40431904793
719,7.45521e-05,7.77368622948e-05,1,1,4.38174390793
720,7.45504e-05,7.7735283412e-05,1,1,4.3703789711
721,7.45487e-05,7.77336972533e-05,1,1,4.37356495857
722,7.4547e-05,7.77321110945e-05,1,1,4.37190580368
723,7.45453e-05,7.77305249358e-05,1,1,4.37225699425
724,7.45436e-05,7.77289242251e-05,1,1,4.37271904945
725,7.45419e-05,7.77273526182e-05,1,1,4.37010908127
726,7.45402e-05,7.77257664595e-05,1,1,4.37166118622
727,7.45385e-05,7.77241803007e-05,1,1,4.37144899368
728,7.45369e-05,7.7722586866e-05,1,1,4.372423172
729,7.45352e-05,7.77210007072e-05,1,1,4.37077283859
730,7.45335e-05,7.77194072725e-05,1,1,4.37663602829
731,7.45318e-05,7.77178356657e-05,1,1,4.37191796303
732,7.45301e-05,7.7716242231e-05,1,1,4.3729569912
733,7.45284e-05,7.77146560722e-05,1,1,4.37837481499
734,7.45267e-05,7.77130771894e-05,1,1,4.38480305672
735,7.4525e-05,7.77114983066e-05,1,1,4.36821007729
736,7.45233e-05,7.77099121478e-05,1,1,4.37327694893
737,7.45217e-05,7.77083259891e-05,1,1,4.37411689758
738,7.452e-05,7.77067543822e-05,1,1,4.37220716476
739,7.45183e-05,7.77051463956e-05,1,1,4.37141513824
740,7.45166e-05,7.77035675128e-05,1,1,4.37186312675
741,7.45149e-05,7.7701981354e-05,1,1,4.37787008286
742,7.45132e-05,7.77003951953e-05,1,1,4.38666605949
743,7.45115e-05,7.76988090365e-05,1,1,4.37147307396
744,7.45099e-05,7.76972301537e-05,1,1,4.37339806557
745,7.45082e-05,7.7695643995e-05,1,1,4.39459991455
746,7.45065e-05,7.76940578362e-05,1,1,4.37001395226
747,7.45048e-05,7.76924644015e-05,1,1,4.37432003021
748,7.45031e-05,7.76908855187e-05,1,1,4.37115502357
749,7.45014e-05,7.76893139118e-05,1,1,4.38940215111
750,7.44997e-05,7.76877277531e-05,1,1,4.38543891907
751,7.4498e-05,7.76861343184e-05,1,1,4.37105107307
752,7.44964e-05,7.76845554356e-05,1,1,4.37258791924
753,7.44947e-05,7.76829692768e-05,1,1,4.37228894234
754,7.4493e-05,7.7681383118e-05,1,1,4.37123012543
755,7.44913e-05,7.76798115112e-05,1,1,4.37276506424
756,7.44896e-05,7.76782326284e-05,1,1,4.37051296234
757,7.44879e-05,7.76766319177e-05,1,1,4.37356114388
758,7.44862e-05,7.76750603109e-05,1,1,4.37025094032
759,7.44846e-05,7.76734668761e-05,1,1,4.3714928627
760,7.44829e-05,7.76718952693e-05,1,1,4.3944029808
761,7.44812e-05,7.76703018346e-05,1,1,4.39522004128
762,7.44795e-05,7.76687156758e-05,1,1,4.36978888512
763,7.44778e-05,7.76671513449e-05,1,1,4.37292790413
764,7.44761e-05,7.76655579102e-05,1,1,4.37139606476
765,7.44745e-05,7.76639717515e-05,1,1,4.37304091454
766,7.44728e-05,7.76624001446e-05,1,1,4.38651585579
767,7.44711e-05,7.76608139859e-05,1,1,4.37302803993
768,7.44694e-05,7.76592278271e-05,1,1,4.37144994736
769,7.44677e-05,7.76576562203e-05,1,1,4.37183308601
770,7.44661e-05,7.76560700615e-05,1,1,4.37275099754
771,7.44644e-05,7.76544911787e-05,1,1,4.37441897392
772,7.44627e-05,7.76529050199e-05,1,1,4.37294387817
773,7.4461e-05,7.76513188612e-05,1,1,4.37002396584
774,7.44593e-05,7.76497472543e-05,1,1,4.37103796005
775,7.44576e-05,7.76481610956e-05,1,1,4.37231492996
776,7.44559e-05,7.76465894887e-05,1,1,4.37271499634
777,7.44543e-05,7.76450106059e-05,1,1,4.37277984619
778,7.44526e-05,7.76434171712e-05,1,1,4.37454390526
779,7.44509e-05,7.76418455644e-05,1,1,4.37168598175
780,7.44492e-05,7.76402739575e-05,1,1,4.37176799774
781,7.44475e-05,7.76386877988e-05,1,1,4.37265396118
782,7.44459e-05,7.76371161919e-05,1,1,4.37252497673
783,7.44442e-05,7.76355373091e-05,1,1,4.37324118614
784,7.44425e-05,7.76339511503e-05,1,1,4.37274718285
785,7.44408e-05,7.76323649916e-05,1,1,4.37502098083
786,7.44391e-05,7.76308006607e-05,1,1,4.37248706818
787,7.44375e-05,7.76292145019e-05,1,1,4.37264895439
788,7.44358e-05,7.76276428951e-05,1,1,4.38542604446
789,7.44341e-05,7.76260567363e-05,1,1,4.40594410896
790,7.44324e-05,7.76244778535e-05,1,1,4.40002584457
791,7.44307e-05,7.76228989707e-05,1,1,4.40384888649
792,7.44291e-05,7.7621312812e-05,1,1,4.39329886436
793,7.44274e-05,7.76197412051e-05,1,1,4.40660095215
794,7.44257e-05,7.76181623223e-05,1,1,4.40016317368
795,7.4424e-05,7.76165761636e-05,1,1,4.39386701584
796,7.44223e-05,7.76150045567e-05,1,1,4.38770604134
797,7.44207e-05,7.76134329499e-05,1,1,4.38714408875
798,7.4419e-05,7.76118395152e-05,1,1,4.37358403206
799,7.44173e-05,7.76102824602e-05,1,1,4.37092518806
800,7.44156e-05,7.76086890255e-05,1,1,4.3723731041
801,7.44139e-05,7.76071174187e-05,1,1,4.37323784828
802,7.44123e-05,7.76055458118e-05,1,1,4.370855093
803,7.44106e-05,7.76039596531e-05,1,1,4.37397909164
804,7.44089e-05,7.76023807703e-05,1,1,4.37278985977
805,7.44072e-05,7.76008018875e-05,1,1,4.37319397926
806,7.44055e-05,7.75992302806e-05,1,1,4.38775682449
807,7.44039e-05,7.75976441219e-05,1,1,4.37242603302
808,7.44022e-05,7.7596072515e-05,1,1,4.37085914612
809,7.44005e-05,7.75945009082e-05,1,1,4.38756012917
810,7.43988e-05,7.75929293013e-05,1,1,4.3723449707
811,7.43972e-05,7.75913504185e-05,1,1,4.37260484695
812,7.43955e-05,7.75897788117e-05,1,1,4.39225387573
813,7.43938e-05,7.75881999289e-05,1,1,4.37525200844
814,7.43921e-05,7.75866137701e-05,1,1,4.37207698822
815,7.43905e-05,7.75850421633e-05,1,1,4.37222599983
816,7.43888e-05,7.75834632805e-05,1,1,4.37273406982
817,7.43871e-05,7.75818916736e-05,1,1,4.37197089195
818,7.43854e-05,7.75803055149e-05,1,1,4.37183403969
819,7.43837e-05,7.7578741184e-05,1,1,4.37301301956
820,7.43821e-05,7.75771695771e-05,1,1,4.38995909691
821,7.43804e-05,7.75755979703e-05,1,1,4.37375712395
822,7.43787e-05,7.75740118115e-05,1,1,4.37050509453
823,7.4377e-05,7.75724474806e-05,1,1,4.3704829216
824,7.43754e-05,7.75708613219e-05,1,1,4.38480591774
825,7.43737e-05,7.7569289715e-05,1,1,4.37216114998
826,7.4372e-05,7.75677108322e-05,1,1,4.37426400185
827,7.43703e-05,7.75661392254e-05,1,1,4.37105798721
828,7.43687e-05,7.75645676185e-05,1,1,4.37275481224
829,7.4367e-05,7.75629887357e-05,1,1,4.37264609337
830,7.43653e-05,7.7561402577e-05,1,1,4.37346386909
831,7.43636e-05,7.7559845522e-05,1,1,4.3707010746
832,7.4362e-05,7.75582666392e-05,1,1,4.37113285065
833,7.43603e-05,7.75566950324e-05,1,1,4.38769102097
834,7.43586e-05,7.75551234256e-05,1,1,4.37264800072
835,7.43569e-05,7.75535518187e-05,1,1,4.37162899971
836,7.43553e-05,7.75519802119e-05,1,1,4.37381410599
837,7.43536e-05,7.75504013291e-05,1,1,4.38445281982
838,7.43519e-05,7.75488369982e-05,1,1,4.37045502663
839,7.43502e-05,7.75472581154e-05,1,1,4.37020778656
840,7.43486e-05,7.75456792326e-05,1,1,4.38170099258
841,7.43469e-05,7.75441076257e-05,1,1,4.38396000862
842,7.43452e-05,7.75425360189e-05,1,1,4.37138915062
843,7.43436e-05,7.75409498601e-05,1,1,4.36950588226
844,7.43419e-05,7.75393855292e-05,1,1,4.37007403374
845,7.43402e-05,7.75378211983e-05,1,1,4.37117886543
846,7.43385e-05,7.75362423155e-05,1,1,4.37481284142
847,7.43369e-05,7.75346707087e-05,1,1,4.37264204025
848,7.43352e-05,7.75331063778e-05,1,1,4.37098789215
849,7.43335e-05,7.75315202191e-05,1,1,4.39022302628
850,7.43318e-05,7.75299413363e-05,1,1,4.3726849556
851,7.43302e-05,7.75283770054e-05,1,1,4.36973500252
852,7.43285e-05,7.75267981226e-05,1,1,4.37436294556
853,7.43268e-05,7.75252410676e-05,1,1,4.38977718353
854,7.43252e-05,7.75236549089e-05,1,1,4.37289786339
855,7.43235e-05,7.75220978539e-05,1,1,4.3721818924
856,7.43218e-05,7.75205189711e-05,1,1,4.38535380363
857,7.43201e-05,7.75189473643e-05,1,1,4.37113881111
858,7.43185e-05,7.75173757575e-05,1,1,4.37174892426
859,7.43168e-05,7.75158041506e-05,1,1,4.37154889107
860,7.43151e-05,7.75142252678e-05,1,1,4.36957216263
861,7.43135e-05,7.7512653661e-05,1,1,4.37216091156
862,7.43118e-05,7.75110820541e-05,1,1,4.37099003792
863,7.43101e-05,7.75095031713e-05,1,1,4.37172198296
864,7.43084e-05,7.75079388404e-05,1,1,4.37260603905
865,7.43068e-05,7.75063599576e-05,1,1,4.36930298805
866,7.43051e-05,7.75047883508e-05,1,1,4.38493895531
867,7.43034e-05,7.7503209468e-05,1,1,4.37517499924
868,7.43018e-05,7.75016451371e-05,1,1,4.37264084816
869,7.43001e-05,7.75000735302e-05,1,1,4.37156891823
870,7.42984e-05,7.74985164753e-05,1,1,4.36996412277
871,7.42968e-05,7.74969375925e-05,1,1,4.37115287781
872,7.42951e-05,7.74953514338e-05,1,1,4.3688480854
873,7.42934e-05,7.74937943788e-05,1,1,4.37072396278
874,7.42917e-05,7.7492215496e-05,1,1,4.37278008461
875,7.42901e-05,7.74906366132e-05,1,1,4.37974381447
876,7.42884e-05,7.74890795583e-05,1,1,4.38199591637
877,7.42867e-05,7.74875079514e-05,1,1,4.38523316383
878,7.42851e-05,7.74859363446e-05,1,1,4.37000513077
879,7.42834e-05,7.74843647378e-05,1,1,4.37085413933
880,7.42817e-05,7.74827931309e-05,1,1,4.37278079987
881,7.42801e-05,7.74812288e-05,1,1,4.37374901772
882,7.42784e-05,7.74796571932e-05,1,1,4.37116003036
883,7.42767e-05,7.74780855863e-05,1,1,4.37349796295
884,7.42751e-05,7.74765285314e-05,1,1,4.38726186752
885,7.42734e-05,7.74749642005e-05,1,1,4.3741941452
886,7.42717e-05,7.74733853177e-05,1,1,4.37039518356
887,7.42701e-05,7.74718137109e-05,1,1,4.37002706528
888,7.42684e-05,7.747024938e-05,1,1,4.37122392654
889,7.42667e-05,7.74686850491e-05,1,1,4.37423801422
890,7.4265e-05,7.74670988903e-05,1,1,4.37298798561
891,7.42634e-05,7.74655418354e-05,1,1,4.37402296066
892,7.42617e-05,7.74639702286e-05,1,1,4.3955309391
893,7.42601e-05,7.74624131736e-05,1,1,4.37405610085
894,7.42584e-05,7.74608415668e-05,1,1,4.37498188019
895,7.42567e-05,7.74592699599e-05,1,1,4.37272691727
896,7.4255e-05,7.74577056291e-05,1,1,4.3726401329
897,7.42534e-05,7.74561340222e-05,1,1,4.37279605865
898,7.42517e-05,7.74545624154e-05,1,1,4.3781080246
899,7.42501e-05,7.74530126364e-05,1,1,4.38414311409
900,7.42484e-05,7.74514337536e-05,1,1,4.37165307999
901,7.42467e-05,7.74498694227e-05,1,1,4.37443304062
902,7.42451e-05,7.74482978159e-05,1,1,4.38738107681
903,7.42434e-05,7.7446726209e-05,1,1,4.37337708473
904,7.42417e-05,7.74451618781e-05,1,1,4.38135504723
905,7.42401e-05,7.74436048232e-05,1,1,4.39630103111
906,7.42384e-05,7.74420332164e-05,1,1,4.40137887001
907,7.42367e-05,7.74404470576e-05,1,1,4.40572094917
908,7.42351e-05,7.74388900027e-05,1,1,4.38915205002
909,7.42334e-05,7.74373329477e-05,1,1,4.37359189987
910,7.42317e-05,7.74357613409e-05,1,1,4.37239408493
911,7.42301e-05,7.743419701e-05,1,1,4.37180900574
912,7.42284e-05,7.74326254032e-05,1,1,4.37120294571
913,7.42267e-05,7.74310683482e-05,1,1,4.38503599167
914,7.42251e-05,7.74294967414e-05,1,1,4.37758588791
915,7.42234e-05,7.74279324105e-05,1,1,4.37176895142
916,7.42218e-05,7.74263680796e-05,1,1,4.37317299843
917,7.42201e-05,7.74247891968e-05,1,1,4.37238812447
918,7.42184e-05,7.74232321419e-05,1,1,4.37023997307
919,7.42168e-05,7.7421660535e-05,1,1,4.37034702301
920,7.42151e-05,7.74201107561e-05,1,1,4.36977291107
921,7.42134e-05,7.74185464252e-05,1,1,4.37023711205
922,7.42118e-05,7.74169820943e-05,1,1,4.38937497139
923,7.42101e-05,7.74154104874e-05,1,1,4.37701797485
924,7.42084e-05,7.74138388806e-05,1,1,4.37119293213
925,7.42068e-05,7.74122818257e-05,1,1,4.37218689919
926,7.42051e-05,7.74107174948e-05,1,1,4.3732380867
927,7.42035e-05,7.74091604399e-05,1,1,4.38673210144
928,7.42018e-05,7.7407588833e-05,1,1,4.38401603699
929,7.42001e-05,7.74060172262e-05,1,1,4.38943195343
930,7.41985e-05,7.74044456193e-05,1,1,4.37456393242
931,7.41968e-05,7.74028885644e-05,1,1,4.37150001526
932,7.41952e-05,7.74013242335e-05,1,1,4.37435603142
933,7.41935e-05,7.73997599026e-05,1,1,4.371104002
934,7.41918e-05,7.73982101236e-05,1,1,4.37237596512
935,7.41902e-05,7.73966239649e-05,1,1,4.37159991264
936,7.41885e-05,7.739506691e-05,1,1,4.38262605667
937,7.41868e-05,7.73935025791e-05,1,1,4.38160300255
938,7.41852e-05,7.73919382482e-05,1,1,4.38716006279
939,7.41835e-05,7.73903811933e-05,1,1,4.37016987801
940,7.41819e-05,7.73888095864e-05,1,1,4.37106204033
941,7.41802e-05,7.73872525315e-05,1,1,4.37410092354
942,7.41785e-05,7.73856809246e-05,1,1,4.37468194962
943,7.41769e-05,7.73841165937e-05,1,1,4.37335014343
944,7.41752e-05,7.73825595388e-05,1,1,4.3731110096
945,7.41736e-05,7.7380987932e-05,1,1,4.37184906006
946,7.41719e-05,7.73794236011e-05,1,1,4.37308001518
947,7.41702e-05,7.73778592702e-05,1,1,4.37200903893
948,7.41686e-05,7.73763022153e-05,1,1,4.37041497231
949,7.41669e-05,7.73747378844e-05,1,1,4.3749461174
950,7.41653e-05,7.73731808295e-05,1,1,4.37214803696
951,7.41636e-05,7.73716092226e-05,1,1,4.38587713242
952,7.4162e-05,7.73700594436e-05,1,1,4.39231991768
953,7.41603e-05,7.73684951128e-05,1,1,4.37644195557
954,7.41586e-05,7.73669380578e-05,1,1,4.37117099762
955,7.4157e-05,7.7365366451e-05,1,1,4.37339806557
956,7.41553e-05,7.7363816672e-05,1,1,4.3733279705
957,7.41537e-05,7.73622450652e-05,1,1,4.37141609192
958,7.4152e-05,7.73606880102e-05,1,1,4.37274503708
959,7.41503e-05,7.73591309553e-05,1,1,4.36863303185
960,7.41487e-05,7.73575593485e-05,1,1,4.3711578846
961,7.4147e-05,7.73560022935e-05,1,1,4.39123892784
962,7.41454e-05,7.73544452386e-05,1,1,4.37112498283
963,7.41437e-05,7.73528881837e-05,1,1,4.37257504463
964,7.41421e-05,7.73513384047e-05,1,1,4.37086415291
965,7.41404e-05,7.73497740738e-05,1,1,4.38604617119
966,7.41387e-05,7.73482242948e-05,1,1,4.37136006355
967,7.41371e-05,7.7346652688e-05,1,1,4.37660813332
968,7.41354e-05,7.73450956331e-05,1,1,4.38335704803
969,7.41338e-05,7.73435313022e-05,1,1,4.3713722229
970,7.41321e-05,7.73419669713e-05,1,1,4.37190389633
971,7.41305e-05,7.73404171923e-05,1,1,4.38555002213
972,7.41288e-05,7.73388601374e-05,1,1,4.37617397308
973,7.41271e-05,7.73372958065e-05,1,1,4.37376904488
974,7.41255e-05,7.73357460275e-05,1,1,4.38877105713
975,7.41238e-05,7.73341744207e-05,1,1,4.37174010277
976,7.41222e-05,7.73326100898e-05,1,1,4.37046504021
977,7.41205e-05,7.73310457589e-05,1,1,4.37380504608
978,7.41189e-05,7.73294959799e-05,1,1,4.37428092957
979,7.41172e-05,7.73279316491e-05,1,1,4.37269687653
980,7.41156e-05,7.73263818701e-05,1,1,4.37194800377
981,7.41139e-05,7.73248320911e-05,1,1,4.37117695808
982,7.41122e-05,7.73232750362e-05,1,1,4.37196397781
983,7.41106e-05,7.73217034293e-05,1,1,4.3735768795
984,7.41089e-05,7.73201390984e-05,1,1,4.37200403214
985,7.41073e-05,7.73185820435e-05,1,1,4.37011909485
986,7.41056e-05,7.73170322645e-05,1,1,4.37214612961
987,7.4104e-05,7.73154679337e-05,1,1,4.37079691887
988,7.41023e-05,7.73139036028e-05,1,1,4.37327122688
989,7.41007e-05,7.73123538238e-05,1,1,4.37287402153
990,7.4099e-05,7.73107967689e-05,1,1,4.37613582611
991,7.40974e-05,7.73092469899e-05,1,1,4.37173318863
992,7.40957e-05,7.7307682659e-05,1,1,4.37145400047
993,7.40941e-05,7.73061183281e-05,1,1,4.37279105186
994,7.40924e-05,7.73045685492e-05,1,1,4.37284398079
995,7.40908e-05,7.73030114942e-05,1,1,4.3731200695
996,7.40891e-05,7.73014471633e-05,1,1,4.37088084221
997,7.40874e-05,7.72998901084e-05,1,1,4.37415790558
998,7.40858e-05,7.72983403294e-05,1,1,4.3733561039
999,7.40841e-05,7.72967832745e-05,1,1,4.37692499161
1000,7.40825e-05,7.72952407715e-05,1,1,4.38425803185
1001,7.40808e-05,7.72936691646e-05,1,1,4.37247395515
1002,7.40792e-05,7.72921266616e-05,1,1,4.37109804153
1003,7.40775e-05,7.72905623307e-05,1,1,4.38471293449
1004,7.40759e-05,7.72890198277e-05,1,1,4.37678217888
1005,7.40742e-05,7.72874627728e-05,1,1,4.37175512314
1006,7.40726e-05,7.72859057179e-05,1,1,4.37068891525
1007,7.40709e-05,7.72843632149e-05,1,1,4.3712978363
1008,7.40693e-05,7.72828061599e-05,1,1,4.37021589279
1009,7.40676e-05,7.7281249105e-05,1,1,4.37137794495
1010,7.4066e-05,7.72796920501e-05,1,1,4.38625812531
1011,7.40643e-05,7.72781349951e-05,1,1,4.37807488441
1012,7.40627e-05,7.72765779402e-05,1,1,4.37185287476
1013,7.4061e-05,7.72750354372e-05,1,1,4.3722858429
1014,7.40594e-05,7.72734783823e-05,1,1,4.37050485611
1015,7.40577e-05,7.72719286033e-05,1,1,4.3716108799
1016,7.40561e-05,7.72703715484e-05,1,1,4.37022995949
1017,7.40544e-05,7.72688144934e-05,1,1,4.37141609192
1018,7.40528e-05,7.72672647145e-05,1,1,4.37326002121
1019,7.40511e-05,7.72657076595e-05,1,1,4.38076400757
1020,7.40495e-05,7.72641506046e-05,1,1,4.38394904137
1021,7.40478e-05,7.72626081016e-05,1,1,4.37165904045
1022,7.40462e-05,7.72610437707e-05,1,1,4.36993694305
1023,7.40445e-05,7.72594794398e-05,1,1,4.38318395615
1024,7.40429e-05,7.72579296608e-05,1,1,4.3772149086
1025,7.40412e-05,7.72563726059e-05,1,1,4.37401294708
1026,7.40396e-05,7.7254815551e-05,1,1,4.37128996849
1027,7.40379e-05,7.7253265772e-05,1,1,4.37208795547
1028,7.40363e-05,7.7251715993e-05,1,1,4.37124991417
1029,7.40346e-05,7.72501589381e-05,1,1,4.3700299263
1030,7.4033e-05,7.72486091591e-05,1,1,4.37256503105
1031,7.40313e-05,7.72470521042e-05,1,1,4.37278294563
1032,7.40297e-05,7.72454950493e-05,1,1,4.37429690361
1033,7.4028e-05,7.72439525463e-05,1,1,4.37182712555
1034,7.40264e-05,7.72423954913e-05,1,1,4.37118601799
1035,7.40247e-05,7.72408384364e-05,1,1,4.37211203575
1036,7.40231e-05,7.72392813815e-05,1,1,4.37308597565
1037,7.40215e-05,7.72377316025e-05,1,1,4.37343716621
1038,7.40198e-05,7.72361818235e-05,1,1,4.38258910179
1039,7.40182e-05,7.72346247686e-05,1,1,4.38383793831
1040,7.40165e-05,7.72330822656e-05,1,1,4.38607501984
1041,7.40149e-05,7.72315324866e-05,1,1,4.3741710186
1042,7.40132e-05,7.72299827076e-05,1,1,4.3729429245
1043,7.40116e-05,7.72284256527e-05,1,1,4.38281416893
1044,7.40099e-05,7.72268685978e-05,1,1,4.38773703575
1045,7.40083e-05,7.72253115429e-05,1,1,4.38928604126
1046,7.40066e-05,7.72237617639e-05,1,1,4.38818383217
1047,7.4005e-05,7.72222119849e-05,1,1,4.37644004822
1048,7.40033e-05,7.72206694819e-05,1,1,4.38350605965
