epoch,train_loss,valid_loss,has_train_loss_improved,has_valid_loss_improved,duration
0,0.114662,0.0139098530635,1,1,6.27751398087
1,0.0321722,0.030348803848,1,0,6.27178788185
2,0.020147,0.0138857364655,1,1,6.26311588287
3,0.0166404,0.0141891967505,1,0,6.2309820652
4,0.0149329,0.0130172343925,1,1,6.22368597984
5,0.0147052,0.0129191149026,1,1,6.2300388813
6,0.0144631,0.0127860233188,1,1,6.28442001343
7,0.0143961,0.0127218561247,1,1,6.21491312981
8,0.0143165,0.0126651162282,1,1,6.21468901634
9,0.0142552,0.0126112205908,1,1,6.21302103996
10,0.0141929,0.0125590926036,1,1,6.2328081131
11,0.0141328,0.0125076333061,1,1,6.21212506294
12,0.0140727,0.0124566955492,1,1,6.35358214378
13,0.014013,0.0124059515074,1,1,6.35412597656
14,0.0139536,0.012355491519,1,1,6.30233812332
15,0.0138944,0.012305283919,1,1,6.24590706825
16,0.0138354,0.012255278416,1,1,6.23422598839
17,0.0137765,0.0122054480016,1,1,6.21176290512
18,0.0137177,0.0121557787061,1,1,6.21894598007
19,0.0136591,0.0121062472463,1,1,6.24056220055
20,0.0136005,0.0120568359271,1,1,6.25462603569
21,0.013542,0.0120075196028,1,1,6.20810699463
22,0.0134835,0.0119582852349,1,1,6.21135306358
23,0.013425,0.0119091151282,1,1,6.239798069
24,0.0133665,0.011859992519,1,1,6.21179485321
25,0.013308,0.0118108987808,1,1,6.22347092628
26,0.0132495,0.0117618218064,1,1,6.21291208267
27,0.0131909,0.0117127457634,1,1,6.20862603188
28,0.0131322,0.0116636594757,1,1,6.25334692001
29,0.0130735,0.0116145489737,1,1,6.22157382965
30,0.0130146,0.0115654021502,1,1,6.21235013008
31,0.0129557,0.0115162078291,1,1,6.21348190308
32,0.0128966,0.0114669548348,1,1,6.20990681648
33,0.0128374,0.0114176357165,1,1,6.21196103096
34,0.012778,0.0113682392985,1,1,6.21180105209
35,0.0127185,0.0113187581301,1,1,6.21296000481
36,0.0126588,0.0112691838294,1,1,6.21326303482
37,0.0125989,0.0112195089459,1,1,6.21463084221
38,0.0125389,0.0111697269604,1,1,6.21435499191
39,0.0124787,0.0111198350787,1,1,6.21252393723
40,0.0124183,0.0110698230565,1,1,6.21001410484
41,0.0123576,0.0110196899623,1,1,6.21427178383
42,0.0122968,0.0109694302082,1,1,6.23202705383
43,0.0122358,0.0109190447256,1,1,6.23167300224
44,0.0121745,0.0108685251325,1,1,6.21705102921
45,0.0121131,0.0108178760856,1,1,6.21040296555
46,0.0120514,0.0107670910656,1,1,6.211591959
47,0.0119896,0.0107161719352,1,1,6.24481892586
48,0.0119275,0.0106651196256,1,1,6.22960209846
49,0.0118652,0.0106139332056,1,1,6.21124792099
50,0.0118027,0.0105626164004,1,1,6.21179199219
51,0.01174,0.010511172004,1,1,6.21671009064
52,0.011677,0.0104595990852,1,1,6.20954298973
53,0.0116139,0.0104079050943,1,1,6.20739984512
54,0.0115506,0.0103560937569,1,1,6.21176886559
55,0.0114871,0.0103041706607,1,1,6.20721197128
56,0.0114235,0.0102521413937,1,1,6.21166610718
57,0.0113596,0.01020000875,1,1,6.21833515167
58,0.0112956,0.0101477866992,1,1,6.2092359066
59,0.0112315,0.0100954789668,1,1,6.21035790443
60,0.0111672,0.010043092072,1,1,6.21525001526
61,0.0111028,0.00999063905329,1,1,6.21465015411
62,0.0110382,0.00993812829256,1,1,6.23095107079
63,0.0109736,0.00988556910306,1,1,6.21095299721
64,0.0109088,0.00983297452331,1,1,6.21608114243
65,0.010844,0.00978035293519,1,1,6.21184587479
66,0.0107792,0.00972771923989,1,1,6.23342204094
67,0.0107142,0.00967508368194,1,1,6.2521238327
68,0.0106493,0.00962246023118,1,1,6.23905086517
69,0.0105843,0.00956986285746,1,1,6.22616910934
70,0.0105194,0.00951730459929,1,1,6.21417307854
71,0.0104545,0.00946480035782,1,1,6.21215796471
72,0.0103896,0.0094123641029,1,1,6.25178003311
73,0.0103248,0.00936001073569,1,1,6.24190711975
74,0.01026,0.00930775702,1,1,6.23073792458
75,0.0101954,0.00925561692566,1,1,6.20977401733
76,0.0101309,0.00920360535383,1,1,6.2785320282
77,0.0100665,0.00915173906833,1,1,6.2328619957
78,0.0100023,0.00910003483295,1,1,6.23283195496
79,0.00993833,0.00904850568622,1,1,6.20882701874
80,0.00987453,0.00899716932327,1,1,6.21402812004
81,0.00981096,0.00894604157656,1,1,6.21112298965
82,0.00974764,0.00889513548464,1,1,6.26603603363
83,0.0096846,0.00884446874261,1,1,6.29150915146
84,0.00962184,0.00879405625165,1,1,6.2855989933
85,0.0095594,0.00874391198158,1,1,6.24786901474
86,0.00949729,0.00869404897094,1,1,6.22528219223
87,0.00943554,0.00864448398352,1,1,6.20936012268
88,0.00937415,0.00859522726387,1,1,6.23390316963
89,0.00931316,0.0085462955758,1,1,6.23701810837
90,0.00925257,0.00849769730121,1,1,6.23556804657
91,0.00919241,0.00844944547862,1,1,6.21115708351
92,0.0091327,0.00840155314654,1,1,6.21269416809
93,0.00907344,0.00835402589291,1,1,6.23192882538
94,0.00901465,0.0083068786189,1,1,6.24064612389
95,0.00895635,0.0082601159811,1,1,6.21042585373
96,0.00889855,0.00821375008672,1,1,6.23356199265
97,0.00884126,0.00816778372973,1,1,6.21041202545
98,0.0087845,0.00812222715467,1,1,6.21085619926
99,0.00872827,0.00807708315551,1,1,6.23656606674
100,0.00867258,0.00803235638887,1,1,6.22222518921
101,0.00861744,0.00798805337399,1,1,6.22809100151
102,0.00856285,0.00794417597353,1,1,6.25926399231
103,0.00850883,0.00790072418749,1,1,6.21833300591
104,0.00845538,0.00785770174116,1,1,6.23189902306
105,0.0084025,0.00781510770321,1,1,6.21096491814
106,0.00835019,0.0077729425393,1,1,6.23309397697
107,0.00829846,0.00773120578378,1,1,6.21275305748
108,0.0082473,0.00768989464268,1,1,6.25938606262
109,0.00819672,0.00764900492504,1,1,6.21312117577
110,0.00814671,0.00760853709653,1,1,6.23150587082
111,0.00809727,0.00756848603487,1,1,6.20839595795
112,0.0080484,0.00752884568647,1,1,6.2388010025
113,0.00800009,0.00748961279169,1,1,6.23273587227
114,0.00795234,0.00745078036562,1,1,6.24938297272
115,0.00790515,0.00741234375164,1,1,6.22110390663
116,0.0078585,0.00737429549918,1,1,6.21196913719
117,0.00781239,0.00733663048595,1,1,6.25169301033
118,0.00776682,0.00729933939874,1,1,6.21329712868
119,0.00772177,0.00726241664961,1,1,6.21070289612
120,0.00767724,0.00722585245967,1,1,6.21213412285
121,0.00763322,0.00718964124098,1,1,6.21725797653
122,0.0075897,0.00715377274901,1,1,6.20939493179
123,0.00754667,0.00711824093014,1,1,6.21043896675
124,0.00750411,0.00708303647116,1,1,6.21322703362
125,0.00746203,0.0070481505245,1,1,6.21215105057
126,0.00742041,0.00701357517391,1,1,6.21046996117
127,0.00737924,0.00697930296883,1,1,6.21297812462
128,0.00733851,0.00694532413036,1,1,6.21555185318
129,0.00729821,0.00691163074225,1,1,6.21019482613
130,0.00725832,0.00687821721658,1,1,6.20947098732
131,0.00721885,0.00684507144615,1,1,6.21291303635
132,0.00717978,0.00681218784302,1,1,6.21091008186
133,0.0071411,0.00677955942228,1,1,6.21197295189
134,0.00710279,0.00674717593938,1,1,6.21535396576
135,0.00706486,0.00671503413469,1,1,6.23018479347
136,0.00702728,0.00668312376365,1,1,6.25134396553
137,0.00699006,0.00665143830702,1,1,6.24332094193
138,0.00695318,0.00661997171119,1,1,6.21122813225
139,0.00691663,0.00658871745691,1,1,6.22817587852
140,0.00688041,0.00655766949058,1,1,6.22899007797
141,0.0068445,0.00652681989595,1,1,6.22654008865
142,0.0068089,0.00649616494775,1,1,6.21896910667
143,0.00677359,0.00646570045501,1,1,6.22761201859
144,0.00673858,0.00643541757017,1,1,6.2324590683
145,0.00670386,0.00640531396493,1,1,6.22929692268
146,0.00666941,0.00637538312003,1,1,6.22941303253
147,0.00663523,0.00634562177584,1,1,6.21441793442
148,0.00660131,0.00631602434441,1,1,6.20830893517
149,0.00656766,0.00628658616915,1,1,6.23215413094
150,0.00653425,0.00625730585307,1,1,6.21212410927
151,0.00650108,0.00622817641124,1,1,6.2181558609
152,0.00646816,0.00619919784367,1,1,6.27056908607
153,0.00643547,0.0061703636311,1,1,6.23933911324
154,0.006403,0.0061416728422,1,1,6.22917199135
155,0.00637076,0.00611312035471,1,1,6.24585103989
156,0.00633874,0.0060847052373,1,1,6.21947789192
157,0.00630694,0.00605642376468,1,1,6.2154340744
158,0.00627534,0.0060282740742,1,1,6.21005296707
159,0.00624394,0.00600025337189,1,1,6.21177887917
160,0.00621275,0.0059723588638,1,1,6.21583104134
161,0.00618176,0.00594459101558,1,1,6.24298000336
162,0.00615096,0.00591694470495,1,1,6.22779917717
163,0.00612035,0.00588941993192,1,1,6.23533415794
164,0.00608993,0.00586201576516,1,1,6.21034502983
165,0.0060597,0.00583472754806,1,1,6.23028492928
166,0.00602964,0.00580755807459,1,1,6.21229910851
167,0.00599977,0.00578050361946,1,1,6.23052382469
168,0.00597007,0.00575356278569,1,1,6.23284506798
169,0.00594054,0.00572673557326,1,1,6.21228384972
170,0.00591119,0.00570001965389,1,1,6.21320199966
171,0.005882,0.0056734168902,1,1,6.21201109886
172,0.00585299,0.00564692355692,1,1,6.20827698708
173,0.00582414,0.00562054058537,1,1,6.2134270668
174,0.00579545,0.00559426657856,1,1,6.21334600449
175,0.00576692,0.00556810200214,1,1,6.20732283592
176,0.00573856,0.00554204545915,1,1,6.21436905861
177,0.00571035,0.00551609601825,1,1,6.21259999275
178,0.00568231,0.00549025507644,1,1,6.20936703682
179,0.00565442,0.00546452170238,1,1,6.21324110031
180,0.00562668,0.00543889543042,1,1,6.20932412148
181,0.0055991,0.00541337626055,1,1,6.20784115791
182,0.00557167,0.00538796465844,1,1,6.21770381927
183,0.0055444,0.00536266015843,1,1,6.21131896973
184,0.00551727,0.00533746369183,1,1,6.21184420586
185,0.0054903,0.00531237339601,1,1,6.2127840519
186,0.00546348,0.00528739299625,1,1,6.21487307549
187,0.00543681,0.00526251923293,1,1,6.21005511284
188,0.00541029,0.00523775536567,1,1,6.20903491974
189,0.00538392,0.00521309906617,1,1,6.21540403366
190,0.0053577,0.00518855312839,1,1,6.24998998642
191,0.00533163,0.00516411708668,1,1,6.26792001724
192,0.0053057,0.00513979140669,1,1,6.21382594109
193,0.00527993,0.00511557701975,1,1,6.23352217674
194,0.0052543,0.00509147439152,1,1,6.24070119858
195,0.00522883,0.0050674858503,1,1,6.24511599541
196,0.0052035,0.0050436090678,1,1,6.22341585159
197,0.00517832,0.00501984776929,1,1,6.23218917847
198,0.00515329,0.00499620148912,1,1,6.2182431221
199,0.00512841,0.00497267069295,1,1,6.21905493736
200,0.00510368,0.00494925770909,1,1,6.22692584991
201,0.00507911,0.00492596207187,1,1,6.26707601547
202,0.00505468,0.0049027861096,1,1,6.21740293503
203,0.0050304,0.00487973028794,1,1,6.21111989021
204,0.00500628,0.00485679507256,1,1,6.21168804169
205,0.00498231,0.00483398372307,1,1,6.21485304832
206,0.00495849,0.00481129484251,1,1,6.21215391159
207,0.00493483,0.0047887316905,1,1,6.25763082504
208,0.00491132,0.00476629333571,1,1,6.21451592445
209,0.00488796,0.00474398350343,1,1,6.21007990837
210,0.00486477,0.00472180219367,1,1,6.25129199028
211,0.00484173,0.00469975126907,1,1,6.2314350605
212,0.00481884,0.00467783119529,1,1,6.20675396919
213,0.00479612,0.00465604383498,1,1,6.22915005684
214,0.00477355,0.00463439105079,1,1,6.2133409977
215,0.00475115,0.0046128728427,1,1,6.2350358963
216,0.00472891,0.00459149200469,1,1,6.23793506622
217,0.00470683,0.00457024900243,1,1,6.21538496017
218,0.00468491,0.00454914616421,1,1,6.2105050087
219,0.00466315,0.00452818442136,1,1,6.26382493973
220,0.00464156,0.0045073647052,1,1,6.25625705719
221,0.00462014,0.00448668887839,1,1,6.2351269722
222,0.00459888,0.00446615833789,1,1,6.21206188202
223,0.0045778,0.00444577494636,1,1,6.24722003937
224,0.00455688,0.00442553963512,1,1,6.23194217682
225,0.00453612,0.00440545333549,1,1,6.21167707443
226,0.00451554,0.00438551791012,1,1,6.23243284225
227,0.00449514,0.00436573475599,1,1,6.21405696869
228,0.0044749,0.00434610480443,1,1,6.21221804619
229,0.00445483,0.00432662991807,1,1,6.20725703239
230,0.00443494,0.00430731056258,1,1,6.20981907845
231,0.00441523,0.00428814813495,1,1,6.21526002884
232,0.00439569,0.00426914449781,1,1,6.2133769989
233,0.00437632,0.00425030011684,1,1,6.20960092545
234,0.00435713,0.00423161638901,1,1,6.21556591988
235,0.00433812,0.00421309424564,1,1,6.21251511574
236,0.00431929,0.00419473461807,1,1,6.21011996269
237,0.00430063,0.00417653890327,1,1,6.2193069458
238,0.00428215,0.0041585075669,1,1,6.21310400963
239,0.00426385,0.00414064200595,1,1,6.21324682236
240,0.00424574,0.00412294222042,1,1,6.21575188637
241,0.0042278,0.00410540960729,1,1,6.21206307411
242,0.00421004,0.00408804463223,1,1,6.21236419678
243,0.00419246,0.00407084869221,1,1,6.21555805206
244,0.00417506,0.00405382039025,1,1,6.21616387367
245,0.00415785,0.00403696205467,1,1,6.21327400208
246,0.00414081,0.00402027368546,1,1,6.23418807983
247,0.00412396,0.00400375481695,1,1,6.21381020546
248,0.00410728,0.0039874073118,1,1,6.23536491394
249,0.00409079,0.00397123070434,1,1,6.21275520325
250,0.00407448,0.00395522313192,1,1,6.23606395721
251,0.00405834,0.00393938785419,1,1,6.2549200058
252,0.00404239,0.00392372347414,1,1,6.26895594597
253,0.00402661,0.00390822999179,1,1,6.23002791405
254,0.00401102,0.0038929071743,1,1,6.21122312546
255,0.0039956,0.00387775502168,1,1,6.21249198914
256,0.00398036,0.00386277283542,1,1,6.21469497681
257,0.00396529,0.00384796061553,1,1,6.20954799652
258,0.00395041,0.00383331789635,1,1,6.21069502831
259,0.00393569,0.00381884421222,1,1,6.21233105659
260,0.00392116,0.00380453816615,1,1,6.21536493301
261,0.00390679,0.0037904009223,1,1,6.21188807487
262,0.0038926,0.00377643038519,1,1,6.21169400215
263,0.00387858,0.00376262562349,1,1,6.21422481537
264,0.00386473,0.00374898640439,1,1,6.20566916466
265,0.00385105,0.00373551109806,1,1,6.21510219574
266,0.00383754,0.00372220017016,1,1,6.23621988297
267,0.00382419,0.00370905036107,1,1,6.20938706398
268,0.00381101,0.00369606236927,1,1,6.21332597733
269,0.00379799,0.00368323433213,1,1,6.21549582481
270,0.00378513,0.00367056531832,1,1,6.21108603477
271,0.00377244,0.00365805346519,1,1,6.21097302437
272,0.0037599,0.00364569784142,1,1,6.21417403221
273,0.00374752,0.0036334968172,1,1,6.21032595634
274,0.0037353,0.00362144876271,1,1,6.21291613579
275,0.00372323,0.00360955228098,1,1,6.20931196213
276,0.00371132,0.00359780644067,1,1,6.21796894073
277,0.00369955,0.00358620914631,1,1,6.23056006432
278,0.00368793,0.00357475876808,1,1,6.2507750988
279,0.00367646,0.00356345344335,1,1,6.21516418457
280,0.00366514,0.00355229177512,1,1,6.21584892273
281,0.00365396,0.0035412714351,1,1,6.20855402946
282,0.00364292,0.00353039172478,1,1,6.2343070507
283,0.00363202,0.00351964915171,1,1,6.24632906914
284,0.00362125,0.00350904348306,1,1,6.24103403091
285,0.00361063,0.00349857239053,1,1,6.25488400459
286,0.00360013,0.00348823331296,1,1,6.24651885033
287,0.00358977,0.00347802555189,1,1,6.22425198555
288,0.00357953,0.00346794631332,1,1,6.2172729969
289,0.00356943,0.00345799420029,1,1,6.21285915375
290,0.00355945,0.00344816665165,1,1,6.21091508865
291,0.00354959,0.00343846157193,1,1,6.24034690857
292,0.00353985,0.00342887733132,1,1,6.21834206581
293,0.00353024,0.00341941276565,1,1,6.2124838829
294,0.00352074,0.00341006484814,1,1,6.21019101143
295,0.00351135,0.00340083171614,1,1,6.23233008385
296,0.00350208,0.00339171173982,1,1,6.2095181942
297,0.00349292,0.00338270305656,1,1,6.23763585091
298,0.00348387,0.00337380310521,1,1,6.25843095779
299,0.00347492,0.00336501025595,1,1,6.24122285843
300,0.00346608,0.0033563231118,1,1,6.23889398575
301,0.00345735,0.0033477388788,1,1,6.21896505356
302,0.00344871,0.00333925592713,1,1,6.24405288696
303,0.00344018,0.00333087192848,1,1,6.24331521988
304,0.00343174,0.00332258595154,1,1,6.26634502411
305,0.0034234,0.00331439613365,1,1,6.27556490898
306,0.00341515,0.00330629921518,1,1,6.26999402046
307,0.00340699,0.00329829473048,1,1,6.26709413528
308,0.00339892,0.00329037965275,1,1,6.26399087906
309,0.00339094,0.00328255305067,1,1,6.23423290253
310,0.00338305,0.00327481282875,1,1,6.23274302483
311,0.00337524,0.00326715735719,1,1,6.23312902451
312,0.00336752,0.00325958477333,1,1,6.20941209793
313,0.00335987,0.00325209321454,1,1,6.2301440239
314,0.00335231,0.00324468151666,1,1,6.21638393402
315,0.00334482,0.00323734735139,1,1,6.21268987656
316,0.00333741,0.0032300890889,1,1,6.26354694366
317,0.00333007,0.00322290626355,1,1,6.22012805939
318,0.00332281,0.00321579561569,1,1,6.2399020195
319,0.00331561,0.00320875644684,1,1,6.23245501518
320,0.00330849,0.00320178712718,1,1,6.23358798027
321,0.00330143,0.0031948867254,1,1,6.23503017426
322,0.00329445,0.00318805244751,1,1,6.2520198822
323,0.00328752,0.00318128312938,1,1,6.22134900093
324,0.00328067,0.00317457830533,1,1,6.21333479881
325,0.00327387,0.0031679358799,1,1,6.23284101486
326,0.00326714,0.00316135515459,1,1,6.25500702858
327,0.00326046,0.00315483380109,1,1,6.29166197777
328,0.00325384,0.00314837065525,1,1,6.22605991364
329,0.00324728,0.00314196455292,1,1,6.20729207993
330,0.00324078,0.00313561456278,1,1,6.23578500748
331,0.00323433,0.00312931905501,1,1,6.23662304878
332,0.00322794,0.00312307709828,1,1,6.25517082214
333,0.0032216,0.00311688752845,1,1,6.2312669754
334,0.00321531,0.0031107487157,1,1,6.25695586205
335,0.00320907,0.00310465996154,1,1,6.21183896065
336,0.00320287,0.00309861963615,1,1,6.21431994438
337,0.00319673,0.00309262797236,1,1,6.27499604225
338,0.00319064,0.00308668194339,1,1,6.22507596016
339,0.00318458,0.00308078201488,1,1,6.2413790226
340,0.00317858,0.00307492678985,1,1,6.22790789604
341,0.00317262,0.00306911487132,1,1,6.25112104416
342,0.0031667,0.00306334579363,1,1,6.21157503128
343,0.00316083,0.00305761769414,1,1,6.23796200752
344,0.00315499,0.00305193150416,1,1,6.23487114906
345,0.0031492,0.00304628442973,1,1,6.24453902245
346,0.00314344,0.00304067670368,1,1,6.24389815331
347,0.00313773,0.00303510762751,1,1,6.23658800125
348,0.00313205,0.00302957487293,1,1,6.25712704659
349,0.00312641,0.00302407937124,1,1,6.24448204041
350,0.00312081,0.00301861902699,1,1,6.20986509323
351,0.00311524,0.00301319430582,1,1,6.21151399612
352,0.0031097,0.00300780357793,1,1,6.23223185539
353,0.00310421,0.00300244637765,1,1,6.23914599419
354,0.00309874,0.00299712177366,1,1,6.26752996445
355,0.00309331,0.0029918293003,1,1,6.21116900444
356,0.00308791,0.00298656849191,1,1,6.21203184128
357,0.00308254,0.0029813379515,1,1,6.23445796967
358,0.0030772,0.00297613837756,1,1,6.21286296844
359,0.00307189,0.00297096767463,1,1,6.21721482277
360,0.00306661,0.00296582654119,1,1,6.21537494659
361,0.00306137,0.00296071288176,1,1,6.20912694931
362,0.00305615,0.00295562762767,1,1,6.22251605988
363,0.00305095,0.00295056961477,1,1,6.24624609947
364,0.00304579,0.00294553791173,1,1,6.22445011139
365,0.00304065,0.00294053251855,1,1,6.26011109352
366,0.00303554,0.00293555273674,1,1,6.23592400551
367,0.00303046,0.00293059810065,1,1,6.23488116264
368,0.0030254,0.00292566837743,1,1,6.21148395538
369,0.00302036,0.0029207628686,1,1,6.24745392799
370,0.00301535,0.00291588087566,1,1,6.22270393372
371,0.00301037,0.00291102193296,1,1,6.21542882919
372,0.00300541,0.00290618604049,1,1,6.23176002502
373,0.00300047,0.00290137249976,1,1,6.22406721115
374,0.00299555,0.00289658107795,1,1,6.20817399025
375,0.00299066,0.00289181154221,1,1,6.23853516579
376,0.00298579,0.0028870627284,1,1,6.23531484604
377,0.00298094,0.00288233533502,1,1,6.24062514305
378,0.00297612,0.00287762796506,1,1,6.24707698822
379,0.00297131,0.00287294108421,1,1,6.21113610268
380,0.00296653,0.00286827399395,1,1,6.22428894043
381,0.00296176,0.00286362599581,1,1,6.22867798805
382,0.00295702,0.00285899755545,1,1,6.21234989166
383,0.00295229,0.00285438797437,1,1,6.23786592484
384,0.00294759,0.00284979655407,1,1,6.25457406044
385,0.0029429,0.0028452235274,1,1,6.24501800537
386,0.00293824,0.00284066819586,1,1,6.21094083786
387,0.00293359,0.00283613102511,1,1,6.25640296936
388,0.00292896,0.00283161131665,1,1,6.22511291504
389,0.00292435,0.00282710813917,1,1,6.23346805573
390,0.00291975,0.00282262195833,1,1,6.25377392769
391,0.00291518,0.00281815277413,1,1,6.2249250412
392,0.00291062,0.00281369918957,1,1,6.24742913246
393,0.00290608,0.00280926236883,1,1,6.25919389725
394,0.00290155,0.00280484114774,1,1,6.26839089394
395,0.00289705,0.00280043506064,1,1,6.23646616936
396,0.00289255,0.00279604503885,1,1,6.26187515259
397,0.00288808,0.00279167015105,1,1,6.21166801453
398,0.00288362,0.00278730969876,1,1,6.21705007553
399,0.00287918,0.00278296461329,1,1,6.2110080719
400,0.00287475,0.00277863396332,1,1,6.23503303528
401,0.00287034,0.00277431798168,1,1,6.21416401863
402,0.00286594,0.00277001596987,1,1,6.21231794357
403,0.00286156,0.00276572839357,1,1,6.21320009232
404,0.00285719,0.00276145362295,1,1,6.21638512611
405,0.00285284,0.00275719352067,1,1,6.28910589218
406,0.0028485,0.00275294645689,1,1,6.28759098053
407,0.00284417,0.00274871313013,1,1,6.26464486122
408,0.00283987,0.00274449260905,1,1,6.29188799858
409,0.00283557,0.00274028466083,1,1,6.23305606842
410,0.00283129,0.00273609044962,1,1,6.23695993423
411,0.00282702,0.0027319083456,1,1,6.23352813721
412,0.00282276,0.00272773904726,1,1,6.26886796951
413,0.00281852,0.00272358208895,1,1,6.21338200569
414,0.0028143,0.00271943793632,1,1,6.25425815582
415,0.00281008,0.00271530565806,1,1,6.21244001389
416,0.00280588,0.00271118502133,1,1,6.23088502884
417,0.00280169,0.00270707672462,1,1,6.29090499878
418,0.00279751,0.00270298030227,1,1,6.27616620064
419,0.00279335,0.00269889552146,1,1,6.24073195457
420,0.0027892,0.00269482238218,1,1,6.23776578903
421,0.00278506,0.00269076041877,1,1,6.25002217293
422,0.00278093,0.0026867100969,1,1,6.23058605194
423,0.00277682,0.00268267048523,1,1,6.24332094193
424,0.00277272,0.00267864274792,1,1,6.21139192581
425,0.00276863,0.00267462572083,1,1,6.20903897285
426,0.00276455,0.00267061917111,1,1,6.25631403923
427,0.00276048,0.00266662379727,1,1,6.23611497879
428,0.00275643,0.00266263936646,1,1,6.23526501656
429,0.00275238,0.00265866541304,1,1,6.23548698425
430,0.00274835,0.00265470170416,1,1,6.21601486206
431,0.00274433,0.00265074917115,1,1,6.23476600647
432,0.00274032,0.00264680688269,1,1,6.25492405891
433,0.00273632,0.00264287437312,1,1,6.25231409073
434,0.00273234,0.00263895234093,1,1,6.21140313148
435,0.00272836,0.00263504032046,1,1,6.21339607239
436,0.00272439,0.0026311383117,1,1,6.21519589424
437,0.00272044,0.00262724631466,1,1,6.24372601509
438,0.0027165,0.00262336409651,1,1,6.22017598152
439,0.00271256,0.00261949189007,1,1,6.21507191658
440,0.00270864,0.00261562922969,1,1,6.25923991203
441,0.00270473,0.00261177658103,1,1,6.21118187904
442,0.00270083,0.0026079332456,1,1,6.21808314323
443,0.00269693,0.00260409922339,1,1,6.21580600739
444,0.00269305,0.00260027544573,1,1,6.21028089523
445,0.00268918,0.0025964602828,1,1,6.21168899536
446,0.00268532,0.00259265489876,1,1,6.24422001839
447,0.00268147,0.00258885859512,1,1,6.22785019875
448,0.00267763,0.0025850716047,1,1,6.21102404594
449,0.0026738,0.00258129392751,1,1,6.21487188339
450,0.00266998,0.00257752486505,1,1,6.23443293571
451,0.00266617,0.00257376558147,1,1,6.25416994095
452,0.00266236,0.0025700146798,1,1,6.27437901497
453,0.00265857,0.0025662726257,1,1,6.21425390244
454,0.00265479,0.00256253965199,1,1,6.24581694603
455,0.00265102,0.00255881599151,1,1,6.21476697922
456,0.00264725,0.00255510071293,1,1,6.21326208115
457,0.0026435,0.00255139404908,1,1,6.21230602264
458,0.00263976,0.00254769599997,1,1,6.21066999435
459,0.00263602,0.00254400656559,1,1,6.2142059803
460,0.00263229,0.00254032597877,1,1,6.22146201134
461,0.00262858,0.00253665377386,1,1,6.23741483688
462,0.00262487,0.00253298995085,1,1,6.24706101418
463,0.00262117,0.00252933474258,1,1,6.26224899292
464,0.00261748,0.00252568814903,1,1,6.24201607704
465,0.0026138,0.00252204947174,1,1,6.26020789146
466,0.00261013,0.00251841917634,1,1,6.23381495476
467,0.00260647,0.00251479726285,1,1,6.26435494423
468,0.00260282,0.00251118396409,1,1,6.24039697647
469,0.00259917,0.00250757834874,1,1,6.21442294121
470,0.00259554,0.0025039811153,1,1,6.21224999428
471,0.00259191,0.00250039179809,1,1,6.23285198212
472,0.00258829,0.00249681062996,1,1,6.21640276909
473,0.00258468,0.00249323737808,1,1,6.21325778961
474,0.00258108,0.00248967250809,1,1,6.21066713333
475,0.00257749,0.00248611508869,1,1,6.22235012054
476,0.0025739,0.00248256581835,1,1,6.24021100998
477,0.00257033,0.00247902446426,1,1,6.28944301605
478,0.00256676,0.00247549079359,1,1,6.26423692703
479,0.0025632,0.00247196503915,1,1,6.23390984535
480,0.00255965,0.00246844696812,1,1,6.21758008003
481,0.00255611,0.00246493681334,1,1,6.23928999901
482,0.00255258,0.00246143434197,1,1,6.23321199417
483,0.00254905,0.00245793932118,1,1,6.22738790512
484,0.00254553,0.00245445198379,1,1,6.23650383949
485,0.00254202,0.00245097232983,1,1,6.22158193588
486,0.00253852,0.00244750012644,1,1,6.24867415428
487,0.00253503,0.00244403583929,1,1,6.23892092705
488,0.00253155,0.00244057876989,1,1,6.20690202713
489,0.00252807,0.00243712938391,1,1,6.21661114693
490,0.0025246,0.0024336874485,1,1,6.25267410278
491,0.00252114,0.00243025296368,1,1,6.21657085419
492,0.00251769,0.0024268256966,1,1,6.21435379982
493,0.00251424,0.00242340541445,1,1,6.22802805901
494,0.00251081,0.0024199928157,1,1,6.22861719131
495,0.00250738,0.00241658790037,1,1,6.23188400269
496,0.00250396,0.00241318996996,1,1,6.25493097305
497,0.00250054,0.00240979925729,1,1,6.28449606895
498,0.00249714,0.00240641622804,1,1,6.21508789062
499,0.00249374,0.00240303995088,1,1,6.21143603325
