epoch,train_loss,valid_loss,has_train_loss_improved,has_valid_loss_improved,duration
0,0.0384629,0.0130572812632,1,1,10.2016329765
1,0.0149192,0.0128816701472,1,1,10.1673591137
2,0.0147461,0.0127461478114,1,1,10.1715090275
3,0.0145803,0.0126080429181,1,1,10.2454190254
4,0.0144023,0.0124575709924,1,1,10.2342600822
5,0.0142034,0.0122876828536,1,1,10.2346889973
6,0.0139748,0.0120908692479,1,1,10.2149128914
7,0.0137061,0.0118584306911,1,1,10.2029559612
8,0.0133853,0.0115803843364,1,1,10.2069399357
9,0.0129987,0.0112460888922,1,1,10.2328891754
10,0.0125325,0.0108462739736,1,1,10.2370679379
11,0.0119766,0.0103773921728,1,1,10.2393670082
12,0.0113322,0.00984820723534,1,1,10.2766759396
13,0.01062,0.00928401201963,1,1,10.327023983
14,0.00988155,0.00871776044369,1,1,10.2821800709
15,0.00916091,0.00816667173058,1,1,10.2148599625
16,0.00847828,0.00762327387929,1,1,10.2888560295
17,0.00783025,0.00707782618701,1,1,10.2708170414
18,0.0072123,0.00653606187552,1,1,10.3122031689
19,0.0066304,0.00601561041549,1,1,10.2282631397
20,0.00610058,0.00554067641497,1,1,10.2917668819
21,0.00564573,0.0051383334212,1,1,10.3140640259
22,0.00528492,0.00482619041577,1,1,10.2783761024
23,0.00501683,0.00459736958146,1,1,10.2156021595
24,0.00481657,0.00442505627871,1,1,10.2772948742
25,0.00465417,0.00428276276216,1,1,10.2790079117
26,0.00451047,0.00415492523462,1,1,10.2810778618
27,0.00437691,0.00403469894081,1,1,10.2676692009
28,0.00425011,0.00391943426803,1,1,10.305631876
29,0.00412864,0.00380812771618,1,1,10.2019138336
30,0.00401184,0.00370038370602,1,1,10.2465138435
31,0.00389934,0.00359602714889,1,1,10.1611540318
32,0.00379089,0.00349495001137,1,1,10.1821081638
33,0.0036863,0.00339706637897,1,1,10.1764659882
34,0.00358541,0.00330229639076,1,1,10.159427166
35,0.00348805,0.00321056181565,1,1,10.1633601189
36,0.00339409,0.00312178512104,1,1,10.1942589283
37,0.0033034,0.00303588923998,1,1,10.2329061031
38,0.00321586,0.00295279687271,1,1,10.3045401573
39,0.00313134,0.00287243211642,1,1,10.1917688847
40,0.00304974,0.00279471860267,1,1,10.2637729645
41,0.00297096,0.00271958042867,1,1,10.2003240585
42,0.00289488,0.00264694285579,1,1,10.1591410637
43,0.00282141,0.00257673114538,1,1,10.2056210041
44,0.00275046,0.00250887102447,1,1,10.1954300404
45,0.00268193,0.0024432905484,1,1,10.2629070282
46,0.00261574,0.00237991753966,1,1,10.3277659416
47,0.00255181,0.00231868191622,1,1,10.2837121487
48,0.00249005,0.00225951476023,1,1,10.1994130611
49,0.00243038,0.00220234808512,1,1,10.2505280972
50,0.00237273,0.00214711483568,1,1,10.274091959
51,0.00231703,0.00209375098348,1,1,10.2836110592
52,0.0022632,0.00204219250008,1,1,10.1620419025
53,0.00221118,0.00199237838387,1,1,10.1920619011
54,0.00216091,0.00194424763322,1,1,10.2723999023
55,0.00211231,0.0018977423897,1,1,10.2152280807
56,0.00206533,0.00185280560981,1,1,10.1621079445
57,0.00201991,0.00180938222911,1,1,10.2327461243
58,0.00197599,0.00176741892938,1,1,10.1634700298
59,0.00193353,0.00172686413862,1,1,10.1930060387
60,0.00189245,0.00168766791467,1,1,10.2054929733
61,0.00185272,0.00164978217799,1,1,10.2011809349
62,0.00181429,0.00161316082813,1,1,10.2653610706
63,0.00177711,0.00157775962725,1,1,10.195291996
64,0.00174113,0.00154353561811,1,1,10.1948778629
65,0.00170631,0.00151044758968,1,1,10.2471721172
66,0.00167262,0.00147845677566,1,1,10.2621099949
67,0.00164001,0.00144752569031,1,1,10.3100950718
68,0.00160844,0.00141761824489,1,1,10.1740369797
69,0.00157788,0.00138870021328,1,1,10.1948668957
70,0.0015483,0.0013607381843,1,1,10.2501318455
71,0.00151965,0.00133370154072,1,1,10.247699976
72,0.00149192,0.00130755931605,1,1,10.2677180767
73,0.00146507,0.00128228298854,1,1,10.2394461632
74,0.00143907,0.00125784438569,1,1,10.2431249619
75,0.0014139,0.00123421649914,1,1,10.2683060169
76,0.00138952,0.00121137360111,1,1,10.1619279385
77,0.00136591,0.00118929019663,1,1,10.2589819431
78,0.00134305,0.00116794172209,1,1,10.2080209255
79,0.00132091,0.0011473040795,1,1,10.1581919193
80,0.00129947,0.00112735410221,1,1,10.1661498547
81,0.0012787,0.00110806897283,1,1,10.1610450745
82,0.00125859,0.00108942610677,1,1,10.1614880562
83,0.00123911,0.00107140338514,1,1,10.1603422165
84,0.00122024,0.00105397938751,1,1,10.1657121181
85,0.00120195,0.00103713292629,1,1,10.1919820309
86,0.00118423,0.00102084327955,1,1,10.1952600479
87,0.00116706,0.00100509007461,1,1,10.1592829227
88,0.00115041,0.000989853288047,1,1,10.161730051
89,0.00113427,0.000975113653112,1,1,10.158741951
90,0.00111862,0.000960851844866,1,1,10.1618468761
91,0.00110344,0.000947049818933,1,1,10.1609549522
92,0.00108872,0.000933689647354,1,1,10.1608140469
93,0.00107442,0.000920753809623,1,1,10.1585350037
94,0.00106055,0.000908225541934,1,1,10.1568632126
95,0.00104708,0.000896088778973,1,1,10.1655020714
96,0.001034,0.000884327921085,1,1,10.1585087776
97,0.00102129,0.00087292783428,1,1,10.1608350277
98,0.00100894,0.000861874432303,1,1,10.1636748314
99,0.000996936,0.000851153978147,1,1,10.1583120823
100,0.000985262,0.000840753258672,1,1,10.2200829983
101,0.000973908,0.000830659642816,1,1,10.2688961029
102,0.000962863,0.000820861721877,1,1,10.2462260723
103,0.000952113,0.000811347737908,1,1,10.2069580555
104,0.00094165,0.000802107097115,1,1,10.2307789326
105,0.000931463,0.00079312955495,1,1,10.1936900616
106,0.000921543,0.000784405507147,1,1,10.2118802071
107,0.000911879,0.000775925524067,1,1,10.2327270508
108,0.000902464,0.000767681049183,1,1,10.2316269875
109,0.000893289,0.000759663758799,1,1,10.2662339211
110,0.000884347,0.000751865794882,1,1,10.3005170822
111,0.00087563,0.000744279881474,1,1,10.1945168972
112,0.000867131,0.000736898451578,1,1,10.1616258621
113,0.000858843,0.000729715335183,1,1,10.2346029282
114,0.000850759,0.000722723605577,1,1,10.2388350964
115,0.000842874,0.000715917558409,1,1,10.2317471504
116,0.000835182,0.000709291140083,1,1,10.1935939789
117,0.000827677,0.000702838937286,1,1,10.2158198357
118,0.000820353,0.000696555362083,1,1,10.183082819
119,0.000813205,0.000690435641445,1,1,10.2010660172
120,0.000806229,0.000684474827722,1,1,10.2324500084
121,0.00079942,0.000678667798638,1,1,10.282943964
122,0.000792772,0.000673010479659,1,1,10.2276580334
123,0.000786282,0.000667498505209,1,1,10.1587290764
124,0.000779944,0.000662127218675,1,1,10.1932048798
125,0.000773756,0.000656892952975,1,1,10.254994154
126,0.000767711,0.000651791517157,1,1,10.2330520153
127,0.000761808,0.000646819069516,1,1,10.2172579765
128,0.00075604,0.000641971826553,1,1,10.2313129902
129,0.000750406,0.00063724629581,1,1,10.2304320335
130,0.0007449,0.000632638577372,1,1,10.2838580608
131,0.00073952,0.000628145528026,1,1,10.2542989254
132,0.000734262,0.000623763480689,1,1,10.190885067
133,0.000729121,0.000619489350356,1,1,10.283069849
134,0.000724095,0.000615319586359,1,1,10.1955420971
135,0.000719181,0.000611251220107,1,1,10.1962637901
136,0.000714375,0.000607281050179,1,1,10.2475881577
137,0.000709673,0.000603406049777,1,1,10.2849760056
138,0.000705073,0.000599623133894,1,1,10.198816061
139,0.000700572,0.000595929566771,1,1,10.2280540466
140,0.000696166,0.000592322263401,1,1,10.2702739239
141,0.000691852,0.000588798488025,1,1,10.1932518482
142,0.000687628,0.000585355621297,1,1,10.1618859768
143,0.000683491,0.00058199086925,1,1,10.2266438007
144,0.000679438,0.000578701670747,1,1,10.2255709171
145,0.000675466,0.000575485406443,1,1,10.2478499413
146,0.000671573,0.00057233980624,1,1,10.2685348988
147,0.000667755,0.000569262367208,1,1,10.194683075
148,0.000664012,0.000566250644624,1,1,10.2905499935
149,0.00066034,0.000563302368391,1,1,10.2253928185
150,0.000656736,0.000560415501241,1,1,10.1782469749
151,0.000653199,0.000557587714866,1,1,10.1621758938
152,0.000649727,0.000554817088414,1,1,10.1977829933
153,0.000646317,0.000552101584617,1,1,10.1917638779
154,0.000642967,0.000549439166207,1,1,10.2401528358
155,0.000639675,0.000546828145161,1,1,10.1973741055
156,0.00063644,0.000544266426004,1,1,10.2317218781
157,0.000633259,0.000541752611753,1,1,10.224984169
158,0.000630131,0.000539284781553,1,1,10.192784071
159,0.000627054,0.000536861422006,1,1,10.2351140976
160,0.000624026,0.00053448084509,1,1,10.2320020199
161,0.000621046,0.000532141828444,1,1,10.2287211418
162,0.000618112,0.000529842625838,1,1,10.2530419827
163,0.000615224,0.000527582073119,1,1,10.1791210175
164,0.000612378,0.000525358715095,1,1,10.1612949371
165,0.000609575,0.000523171387613,1,1,10.1567659378
166,0.000606812,0.000521018868312,1,1,10.1590669155
167,0.000604089,0.00051889999304,1,1,10.2248291969
168,0.000601404,0.000516813481227,1,1,10.2558970451
169,0.000598757,0.000514758576173,1,1,10.2128479481
170,0.000596145,0.000512733997311,1,1,10.1601331234
171,0.000593569,0.000510738871526,1,1,10.2288219929
172,0.000591027,0.000508772209287,1,1,10.2037198544
173,0.000588518,0.000506833137479,1,1,10.1854660511
174,0.000586041,0.000504920899402,1,1,10.221957922
175,0.000583596,0.000503034563735,1,1,10.2938449383
176,0.000581181,0.000501173431985,1,1,10.2233071327
177,0.000578796,0.000499336689245,1,1,10.306153059
178,0.00057644,0.0004975234624,1,1,10.2935781479
179,0.000574112,0.000495733402204,1,1,10.1581349373
180,0.000571812,0.000493965693749,1,1,10.2283918858
181,0.000569539,0.00049221975496,1,1,10.2306759357
182,0.000567292,0.000490494887345,1,1,10.3130869865
183,0.00056507,0.000488790567033,1,1,10.3487949371
184,0.000562874,0.000487106270157,1,1,10.279859066
185,0.000560701,0.000485441414639,1,1,10.222042799
186,0.000558553,0.000483795622131,1,1,10.195884943
187,0.000556428,0.000482168281451,1,1,10.1620612144
188,0.000554326,0.000480558956042,1,1,10.2458820343
189,0.000552246,0.00047896723845,1,1,10.2445390224
190,0.000550189,0.000477392604807,1,1,10.28221488
191,0.000548152,0.00047583488049,1,1,10.2353029251
192,0.000546137,0.00047429339611,1,1,10.194633007
193,0.000544142,0.00047276794794,1,1,10.1925239563
194,0.000542167,0.00047125807032,1,1,10.2217869759
195,0.000540212,0.000469763472211,1,1,10.2337090969
196,0.000538276,0.000468283804366,1,1,10.1619369984
197,0.00053636,0.000466818804853,1,1,10.1661419868
198,0.000534462,0.000465368037112,1,1,10.1940331459
199,0.000532582,0.000463931326522,1,1,10.2356078625
200,0.00053072,0.000462508294731,1,1,10.1992669106
201,0.000528876,0.000461098708911,1,1,10.2333548069
202,0.00052705,0.000459702219814,1,1,10.2278120518
203,0.00052524,0.000458318856545,1,1,10.2550289631
204,0.000523447,0.000456947949715,1,1,10.2385752201
205,0.00052167,0.000455589412013,1,1,10.2616801262
206,0.00051991,0.000454243127024,1,1,10.2395761013
207,0.000518165,0.000452908832813,1,1,10.1622610092
208,0.000516437,0.000451586238341,1,1,10.2401099205
209,0.000514723,0.000450275198091,1,1,10.2931368351
210,0.000513025,0.000448975450126,1,1,10.2281219959
211,0.000511341,0.000447686674306,1,1,10.2212350368
212,0.000509672,0.000446409016149,1,1,10.1795310974
213,0.000508018,0.00044514198089,1,1,10.2055761814
214,0.000506378,0.000443885568529,1,1,10.2774980068
215,0.000504752,0.000442639458925,1,1,10.2549600601
216,0.000503139,0.000441403506557,1,1,10.1932830811
217,0.00050154,0.000440177711425,1,1,10.1947939396
218,0.000499955,0.000438961753389,1,1,10.2137918472
219,0.000498382,0.000437755399616,1,1,10.294686079
220,0.000496823,0.000436558650108,1,1,10.1590428352
221,0.000495276,0.000435371301137,1,1,10.1945269108
222,0.000493742,0.000434193236288,1,1,10.1975591183
223,0.00049222,0.000433024280937,1,1,10.1621630192
224,0.000490711,0.000431864347775,1,1,10.2502579689
225,0.000489213,0.000430713203968,1,1,10.3416531086
226,0.000487728,0.000429570791312,1,1,10.1998929977
227,0.000486254,0.000428436906077,1,1,10.2054178715
228,0.000484792,0.000427311519161,1,1,10.221570015
229,0.000483341,0.000426194543252,1,1,10.1678459644
230,0.000481901,0.000425085716415,1,1,10.2786848545
231,0.000480473,0.000423985009547,1,1,10.1910400391
232,0.000479055,0.000422892218921,1,1,10.1566910744
233,0.000477648,0.000421807344537,1,1,10.2279520035
234,0.000476252,0.000420730211772,1,1,10.3003940582
235,0.000474866,0.000419660791522,1,1,10.2698998451
236,0.000473491,0.00041859888006,1,1,10.1585278511
237,0.000472126,0.000417544419179,1,1,10.1570949554
238,0.000470771,0.000416497321567,1,1,10.19530797
239,0.000469426,0.000415457470808,1,1,10.2672319412
240,0.000468091,0.000414424779592,1,1,10.2781031132
241,0.000466765,0.000413399073295,1,1,10.2517719269
242,0.000465449,0.000412380468333,1,1,10.1637098789
243,0.000464143,0.000411368644563,1,1,10.1941270828
244,0.000462846,0.000410363718402,1,1,10.226391077
245,0.000461558,0.000409365427913,1,1,10.2112421989
246,0.000460279,0.000408373773098,1,1,10.246243
247,0.00045901,0.000407388608437,1,1,10.1928079128
248,0.000457749,0.00040640993393,1,1,10.195743084
249,0.000456497,0.000405437633162,1,1,10.2217879295
250,0.000455254,0.000404471618822,1,1,10.211712122
251,0.000454019,0.000403511861805,1,1,10.2641580105
252,0.000452792,0.000402558303904,1,1,10.2010819912
253,0.000451575,0.000401610712288,1,1,10.1582188606
254,0.000450365,0.000400669203373,1,1,10.1864869595
255,0.000449163,0.000399733515223,1,1,10.2815990448
256,0.00044797,0.000398803735152,1,1,10.2616431713
257,0.000446784,0.000397879775846,1,1,10.2461910248
258,0.000445607,0.00039696143358,1,1,10.2318401337
259,0.000444437,0.000396048941184,1,1,10.2208228111
260,0.000443275,0.000395141891204,1,1,10.2311470509
261,0.000442121,0.000394240400055,1,1,10.1900129318
262,0.000440974,0.000393344380427,1,1,10.2069079876
263,0.000439834,0.0003924536868,1,1,10.2002589703
264,0.000438702,0.000391568348277,1,1,10.2220380306
265,0.000437577,0.00039068836486,1,1,10.1921610832
266,0.000436459,0.000389813591028,1,1,10.1948149204
267,0.000435349,0.000388943910366,1,1,10.2597892284
268,0.000434245,0.000388079410186,1,1,10.2319579124
269,0.000433149,0.000387219915865,1,1,10.2738699913
270,0.000432059,0.000386365427403,1,1,10.206938982
271,0.000430976,0.000385515915696,1,1,10.1948490143
272,0.0004299,0.00038467120612,1,1,10.1647341251
273,0.00042883,0.000383831415093,1,1,10.2279269695
274,0.000427767,0.000382996338885,1,1,10.2433168888
275,0.000426711,0.000382166006602,1,1,10.2148590088
276,0.000425661,0.00038134038914,1,1,10.2132120132
277,0.000424617,0.000380519370083,1,1,10.1952691078
278,0.00042358,0.000379702949431,1,1,10.2083630562
279,0.000422549,0.00037889109808,1,1,10.242069006
280,0.000421524,0.00037808372872,1,1,10.2819018364
281,0.000420505,0.000377280783141,1,1,10.2363090515
282,0.000419492,0.000376482232241,1,1,10.2258582115
283,0.000418485,0.000375688046915,1,1,10.1967349052
284,0.000417484,0.000374898139853,1,1,10.2386639118
285,0.000416489,0.000374112511054,1,1,10.1991760731
286,0.0004155,0.00037333110231,1,1,10.2640790939
287,0.000414516,0.000372553913621,1,1,10.1955521107
288,0.000413538,0.000371780799469,1,1,10.1952488422
289,0.000412566,0.000371011847164,1,1,10.2589979172
290,0.000411599,0.000370246882085,1,1,10.1986980438
291,0.000410638,0.000369485991541,1,1,10.2494781017
292,0.000409682,0.000368729000911,1,1,10.27739501
293,0.000408732,0.000367976055713,1,1,10.3519268036
294,0.000407787,0.000367226923117,1,1,10.193903923
295,0.000406847,0.000366481719539,1,1,10.2364180088
296,0.000405912,0.000365740299458,1,1,10.1937851906
297,0.000404983,0.000365002691979,1,1,10.164055109
298,0.000404059,0.000364268867997,1,1,10.1583940983
299,0.00040314,0.000363538740203,1,1,10.1639478207
300,0.000402225,0.000362812192179,1,1,10.1580739021
301,0.000401316,0.000362089456758,1,1,10.1608240604
302,0.000400412,0.000361370213795,1,1,10.1652758121
303,0.000399513,0.000360654608812,1,1,10.1623649597
304,0.000398618,0.000359942554496,1,1,10.1560549736
305,0.000397728,0.000359233963536,1,1,10.1598029137
306,0.000396843,0.000358528894139,1,1,10.2625858784
307,0.000395963,0.000357827317202,1,1,10.1977250576
308,0.000395088,0.000357129087206,1,1,10.226580143
309,0.000394217,0.000356434262358,1,1,10.1647410393
310,0.00039335,0.000355742871761,1,1,10.2085049152
311,0.000392488,0.000355054740794,1,1,10.2493720055
312,0.000391631,0.00035436989856,1,1,10.2247290611
313,0.000390778,0.000353688345058,1,1,10.286427021
314,0.000389929,0.000353010022081,1,1,10.1608600616
315,0.000389085,0.000352334871422,1,1,10.2684619427
316,0.000388245,0.000351663009496,1,1,10.1952428818
317,0.000387409,0.000350994203473,1,1,10.1914510727
318,0.000386578,0.00035032859887,1,1,10.193215847
319,0.000385751,0.00034966605017,1,1,10.1673159599
320,0.000384928,0.000349006615579,1,1,10.2706611156
321,0.000384109,0.000348350207787,1,1,10.1614711285
322,0.000383294,0.000347696855897,1,1,10.1563181877
323,0.000382483,0.000347046356183,1,1,10.1584789753
324,0.000381677,0.000346399028786,1,1,10.1635141373
325,0.000380874,0.000345754582668,1,1,10.1956520081
326,0.000380075,0.000345112930518,1,1,10.1683979034
327,0.00037928,0.00034447433427,1,1,10.2697851658
328,0.000378489,0.000343838502886,1,1,10.1620130539
329,0.000377702,0.000343205581885,1,1,10.1597771645
330,0.000376919,0.000342575483955,1,1,10.1640429497
331,0.000376139,0.000341948121786,1,1,10.1588480473
332,0.000375364,0.00034132367,1,1,10.1630859375
333,0.000374592,0.00034070192487,1,1,10.1552410126
334,0.000373823,0.000340082828188,1,1,10.1929221153
335,0.000373058,0.000339466612786,1,1,10.1569769382
336,0.000372297,0.000338852929417,1,1,10.1632471085
337,0.00037154,0.000338241981808,1,1,10.1585538387
338,0.000370786,0.00033763362444,1,1,10.1597220898
339,0.000370035,0.000337027944624,1,1,10.1618709564
340,0.000369288,0.000336424884154,1,1,10.2304480076
341,0.000368545,0.00033582438482,1,1,10.1903309822
342,0.000367805,0.000335226417519,1,1,10.1953549385
343,0.000367068,0.000334631098667,1,1,10.1913340092
344,0.000366335,0.000334038195433,1,1,10.2318589687
345,0.000365605,0.000333447824232,1,1,10.192551136
346,0.000364879,0.000332859985065,1,1,10.1916971207
347,0.000364155,0.000332274590619,1,1,10.1646690369
348,0.000363436,0.000331691640895,1,1,10.2643020153
349,0.000362719,0.000331111135893,1,1,10.1904630661
350,0.000362005,0.000330533017404,1,1,10.1946680546
351,0.000361295,0.00032995728543,1,1,10.1571018696
352,0.000360588,0.000329383969074,1,1,10.2383780479
353,0.000359884,0.000328812981024,1,1,10.189426899
354,0.000359183,0.000328244350385,1,1,10.2728970051
355,0.000358486,0.000327677989844,1,1,10.2426118851
356,0.000357791,0.000327113986714,1,1,10.2443039417
357,0.000357099,0.000326552282786,1,1,10.1903510094
358,0.000356411,0.000325992819853,1,1,10.2635807991
359,0.000355725,0.000325435597915,1,1,10.2123429775
360,0.000355043,0.000324880646076,1,1,10.2002358437
361,0.000354363,0.00032432784792,1,1,10.1555991173
362,0.000353687,0.000323777348967,1,1,10.2486741543
363,0.000353013,0.000323229003698,1,1,10.1900148392
364,0.000352342,0.000322682841215,1,1,10.1611809731
365,0.000351674,0.000322138803313,1,1,10.2192919254
366,0.000351009,0.000321596948197,1,1,10.2408838272
367,0.000350347,0.000321057188557,1,1,10.2368590832
368,0.000349687,0.000320519582601,1,1,10.1884551048
369,0.00034903,0.000319984043017,1,1,10.1925120354
370,0.000348376,0.000319450598909,1,1,10.2248678207
371,0.000347725,0.000318919250276,1,1,10.1939430237
372,0.000347077,0.000318389880704,1,1,10.162612915
373,0.000346431,0.000317862577504,1,1,10.1624898911
374,0.000345788,0.000317337311571,1,1,10.1589329243
375,0.000345147,0.000316814082908,1,1,10.1611988544
376,0.00034451,0.0003162928042,1,1,10.2048661709
377,0.000343874,0.000315773504553,1,1,10.2249171734
378,0.000343242,0.000315256242175,1,1,10.2051239014
379,0.000342612,0.000314740871545,1,1,10.2311861515
380,0.000341985,0.000314227479976,1,1,10.2653129101
381,0.00034136,0.000313715980155,1,1,10.2164070606
382,0.000340737,0.000313206459396,1,1,10.2235300541
383,0.000340117,0.000312698859489,1,1,10.2356140614
384,0.0003395,0.000312193034915,1,1,10.2877321243
385,0.000338885,0.000311689160299,1,1,10.2990570068
386,0.000338273,0.000311187177431,1,1,10.264302969
387,0.000337663,0.000310687057208,1,1,10.1948890686
388,0.000337056,0.000310188741423,1,1,10.2387070656
389,0.00033645,0.000309692259179,1,1,10.2263219357
390,0.000335848,0.000309197610477,1,1,10.3001520634
391,0.000335247,0.000308704708004,1,1,10.1944849491
392,0.000334649,0.000308213639073,1,1,10.1907720566
393,0.000334054,0.000307724374579,1,1,10.2259399891
394,0.000333461,0.000307236885419,1,1,10.1563110352
395,0.00033287,0.000306751171593,1,1,10.1995019913
396,0.000332281,0.000306267174892,1,1,10.2268340588
397,0.000331695,0.000305784895318,1,1,10.1978330612
398,0.00033111,0.000305304391077,1,1,10.2546758652
399,0.000330528,0.000304825603962,1,1,10.2628929615
400,0.000329949,0.000304348533973,1,1,10.1979928017
401,0.000329371,0.000303873064695,1,1,10.2550029755
402,0.000328796,0.00030339937075,1,1,10.2522320747
403,0.000328223,0.000302927335724,1,1,10.2330648899
404,0.000327652,0.00030245698872,1,1,10.2276039124
405,0.000327084,0.000301988271531,1,1,10.1595339775
406,0.000326517,0.000301521096844,1,1,10.1589541435
407,0.000325953,0.000301055697491,1,1,10.232489109
408,0.00032539,0.000300591898849,1,1,10.1966519356
409,0.00032483,0.000300129671814,1,1,10.1951429844
410,0.000324272,0.000299669074593,1,1,10.1578810215
411,0.000323716,0.000299210019875,1,1,10.210198164
412,0.000323162,0.000298752594972,1,1,10.1988708973
413,0.00032261,0.000298296712572,1,1,10.2283968925
414,0.00032206,0.000297842459986,1,1,10.2260119915
415,0.000321513,0.000297389749903,1,1,10.1613419056
416,0.000320967,0.00029693855322,1,1,10.1890759468
417,0.000320423,0.000296488899039,1,1,10.2217960358
418,0.000319881,0.000296040787362,1,1,10.2824997902
419,0.000319341,0.000295594247291,1,1,10.2425329685
420,0.000318804,0.000295149133308,1,1,10.222659111
421,0.000318268,0.000294705561828,1,1,10.2753250599
422,0.000317734,0.000294263474643,1,1,10.2559649944
423,0.000317202,0.000293822900858,1,1,10.2727890015
424,0.000316671,0.000293383724056,1,1,10.2500450611
425,0.000316143,0.000292946060654,1,1,10.1972081661
426,0.000315617,0.000292509823339,1,1,10.2803421021
427,0.000315092,0.00029207507032,1,1,10.2268490791
428,0.00031457,0.000291641772492,1,1,10.1927771568
429,0.000314049,0.000291209900752,1,1,10.2766990662
430,0.00031353,0.000290779425995,1,1,10.2348270416
431,0.000313013,0.000290350464638,1,1,10.1928598881
432,0.000312498,0.000289922754746,1,1,10.2148320675
433,0.000311984,0.000289496558253,1,1,10.1911280155
434,0.000311473,0.000289071758743,1,1,10.1915757656
435,0.000310963,0.00028864829801,1,1,10.1586339474
436,0.000310455,0.000288226205157,1,1,10.1623318195
437,0.000309949,0.000287805509288,1,1,10.2810330391
438,0.000309444,0.000287386181299,1,1,10.1966979504
439,0.000308941,0.000286968221189,1,1,10.1901361942
440,0.00030844,0.000286551599856,1,1,10.2276110649
441,0.000307941,0.0002861363173,1,1,10.1899559498
442,0.000307444,0.000285722373519,1,1,10.2494921684
443,0.000306948,0.000285309797619,1,1,10.2163171768
444,0.000306453,0.000284898414975,1,1,10.1614129543
445,0.000305961,0.000284488429315,1,1,10.2089388371
446,0.00030547,0.000284079753328,1,1,10.1944420338
447,0.000304981,0.000283672416117,1,1,10.2322261333
448,0.000304494,0.000283266301267,1,1,10.2157070637
449,0.000304008,0.000282861496089,1,1,10.2708628178
450,0.000303524,0.00028245797148,1,1,10.2102041245
451,0.000303041,0.000282055698335,1,1,10.2729871273
452,0.00030256,0.000281654676655,1,1,10.1974599361
453,0.000302081,0.00028125490644,1,1,10.2143239975
454,0.000301603,0.000280856416794,1,1,10.2483918667
455,0.000301127,0.000280459149508,1,1,10.2286310196
456,0.000300653,0.000280063162791,1,1,10.2294499874
457,0.00030018,0.00027966836933,1,1,10.2329630852
458,0.000299708,0.000279274827335,1,1,10.2259778976
459,0.000299239,0.0002788825077,1,1,10.2620019913
460,0.00029877,0.000278491352219,1,1,10.1615641117
461,0.000298304,0.000278101419099,1,1,10.2716829777
462,0.000297838,0.000277712650131,1,1,10.2289118767
463,0.000297375,0.000277325161733,1,1,10.1936490536
464,0.000296913,0.000276938808383,1,1,10.2017869949
465,0.000296452,0.000276553648291,1,1,10.2348079681
466,0.000295993,0.000276169652352,1,1,10.1927900314
467,0.000295535,0.000275786820566,1,1,10.1951758862
468,0.000295079,0.000275405152934,1,1,10.1561169624
469,0.000294625,0.000275024649454,1,1,10.1910011768
470,0.000294171,0.000274645339232,1,1,10.1558420658
471,0.00029372,0.000274267076747,1,1,10.2314019203
472,0.00029327,0.000273890065728,1,1,10.1951158047
473,0.000292821,0.00027351413155,1,1,10.3370199203
474,0.000292373,0.000273139332421,1,1,10.2440810204
475,0.000291927,0.000272765639238,1,1,10.2635648251
476,0.000291483,0.000272393052001,1,1,10.1659460068
477,0.00029104,0.000272021599812,1,1,10.2073979378
478,0.000290598,0.000271651282674,1,1,10.2651529312
479,0.000290158,0.000271281984169,1,1,10.1583819389
480,0.000289719,0.000270913878921,1,1,10.2901968956
481,0.000289281,0.000270546821412,1,1,10.2194209099
482,0.000288845,0.00027018081164,1,1,10.2050209045
483,0.000288411,0.000269815936917,1,1,10.2339320183
484,0.000287977,0.000269452109933,1,1,10.1591770649
485,0.000287545,0.00026908935979,1,1,10.2357821465
486,0.000287115,0.000268727657385,1,1,10.2268090248
487,0.000286685,0.000268367031822,1,1,10.1886529922
488,0.000286257,0.000268007453997,1,1,10.1969261169
489,0.000285831,0.000267648894805,1,1,10.2674751282
490,0.000285405,0.00026729144156,1,1,10.2011611462
491,0.000284981,0.000266934977844,1,1,10.2410929203
492,0.000284559,0.000266579561867,1,1,10.159692049
493,0.000284137,0.000266225193627,1,1,10.2162451744
494,0.000283717,0.000265871814918,1,1,10.2394399643
495,0.000283299,0.000265519454842,1,1,10.2232317924
496,0.000282881,0.000265168171609,1,1,10.2034928799
497,0.000282465,0.000264817819698,1,1,10.2177870274
498,0.00028205,0.000264468486421,1,1,10.282763958
499,0.000281636,0.000264120200882,1,1,10.1575388908
500,0.000281224,0.000263772875769,1,1,10.2293429375
501,0.000280813,0.000263426540187,1,1,10.2441689968
502,0.000280403,0.000263081165031,1,1,10.2889590263
503,0.000279994,0.000262736808509,1,1,10.2568330765
504,0.000279587,0.000262393470621,1,1,10.172713995
505,0.000279181,0.000262051034952,1,1,10.1938178539
506,0.000278776,0.000261709588813,1,1,10.2273910046
507,0.000278372,0.0002613691031,1,1,10.1638031006
508,0.00027797,0.000261029606918,1,1,10.1606400013
509,0.000277569,0.000260691012954,1,1,10.1608221531
510,0.000277168,0.000260353379417,1,1,10.1579668522
511,0.00027677,0.000260016793618,1,1,10.1605689526
512,0.000276372,0.000259681022726,1,1,10.162473917
513,0.000275975,0.000259346241364,1,1,10.1580469608
514,0.00027558,0.000259012391325,1,1,10.1589310169
515,0.000275186,0.000258679472608,1,1,10.1615331173
516,0.000274793,0.000258347485214,1,1,10.2018148899
517,0.000274401,0.000258016429143,1,1,10.198374033
518,0.000274011,0.00025768627529,1,1,10.2324130535
519,0.000273621,0.00025735705276,1,1,10.157957077
520,0.000273233,0.000257028732449,1,1,10.1617190838
521,0.000272846,0.000256701314356,1,1,10.1574761868
522,0.00027246,0.000256374769378,1,1,10.1574661732
523,0.000272075,0.000256049184827,1,1,10.1576991081
524,0.000271691,0.000255724444287,1,1,10.1635410786
525,0.000271309,0.000255400664173,1,1,10.1565201283
526,0.000270927,0.000255077698966,1,1,10.16157794
527,0.000270547,0.000254755635979,1,1,10.2743489742
528,0.000270168,0.00025443447521,1,1,10.3102509975
529,0.00026979,0.000254114216659,1,1,10.2584261894
530,0.000269413,0.000253794773016,1,1,10.2151300907
531,0.000269037,0.000253476231592,1,1,10.1935858727
532,0.000268662,0.000253158505075,1,1,10.202121973
533,0.000268289,0.000252841738984,1,1,10.2264411449
534,0.000267916,0.000252525787801,1,1,10.209551096
535,0.000267545,0.000252210680628,1,1,10.1881930828
536,0.000267174,0.000251896446571,1,1,10.1650140285
537,0.000266805,0.000251583085628,1,1,10.1574690342
538,0.000266437,0.000251270539593,1,1,10.1994829178
539,0.000266069,0.000250958837569,1,1,10.1759681702
540,0.000265703,0.000250647979556,1,1,10.2272598743
541,0.000265338,0.000250337994657,1,1,10.193297863
542,0.000264974,0.000250028824667,1,1,10.1651070118
543,0.000264612,0.000249720469583,1,1,10.1580271721
544,0.00026425,0.000249412987614,1,1,10.161493063
545,0.000263889,0.000249106291449,1,1,10.1568350792
546,0.000263529,0.000248800439294,1,1,10.1586608887
547,0.000263171,0.000248495431151,1,1,10.1578350067
548,0.000262813,0.000248191267019,1,1,10.1643190384
549,0.000262457,0.00024788788869,1,1,10.2268199921
550,0.000262101,0.000247585267061,1,1,10.1937921047
551,0.000261747,0.000247283576755,1,1,10.1902730465
552,0.000261393,0.000246982672252,1,1,10.1923689842
553,0.000261041,0.000246682524448,1,1,10.2287008762
554,0.000260689,0.000246383220656,1,1,10.264291048
555,0.000260339,0.000246084731771,1,1,10.1533238888
556,0.00025999,0.000245787086897,1,1,10.2533118725
557,0.000259642,0.000245490227826,1,1,10.174382925
558,0.000259295,0.000245194154559,1,1,10.1929521561
559,0.000258948,0.000244898925303,1,1,10.1537098885
560,0.000258603,0.000244604452746,1,1,10.160877943
561,0.000258259,0.000244310853304,1,1,10.2294800282
562,0.000257916,0.000244018054218,1,1,10.1987988949
563,0.000257574,0.000243726040935,1,1,10.2296750546
564,0.000257234,0.000243434813456,1,1,10.1915118694
565,0.000256894,0.000243144415435,1,1,10.2309222221
566,0.000256555,0.000242854846874,1,1,10.1908950806
567,0.000256217,0.000242566107772,1,1,10.1937398911
568,0.000255881,0.000242278169026,1,1,10.1557340622
569,0.000255545,0.00024199107429,1,1,10.1584391594
570,0.000255211,0.000241704794462,1,1,10.1561951637
571,0.000254877,0.000241419300437,1,1,10.1630101204
572,0.000254545,0.000241134679527,1,1,10.1543691158
573,0.000254213,0.00024085091718,1,1,10.1587471962
574,0.000253883,0.000240567998844,1,1,10.1596391201
575,0.000253555,0.000240285953623,1,1,10.2558488846
576,0.000253227,0.000240004635998,1,1,10.2758021355
577,0.0002529,0.000239724351559,1,1,10.1960840225
578,0.000252574,0.000239444852923,1,1,10.1566271782
579,0.00025225,0.000239166256506,1,1,10.1574990749
580,0.000251927,0.000238888649619,1,1,10.1574590206
581,0.000251605,0.000238611901295,1,1,10.1580519676
582,0.000251284,0.000238336069742,1,1,10.1611969471
583,0.000250965,0.000238061315031,1,1,10.1648540497
584,0.000250647,0.000237787506194,1,1,10.1548979282
585,0.00025033,0.000237514628679,1,1,10.1610867977
586,0.000250014,0.000237242871663,1,1,10.1609070301
587,0.0002497,0.000236972191487,1,1,10.1592421532
588,0.000249388,0.00023670263181,1,1,10.1570620537
589,0.000249077,0.000236434279941,1,1,10.1617698669
590,0.000248768,0.000236167077674,1,1,10.1580281258
591,0.00024846,0.000235901112319,1,1,10.2647881508
592,0.000248154,0.000235636602156,1,1,10.1835539341
593,0.00024785,0.000235373474425,1,1,10.226444006
594,0.000247548,0.000235111830989,1,1,10.2578639984
595,0.000247248,0.000234851744608,1,1,10.2455201149
596,0.00024695,0.000234593288042,1,1,10.2535982132
597,0.000246655,0.000234336737776,1,1,10.1944620609
598,0.000246362,0.000234082137467,1,1,10.1548290253
599,0.000246072,0.000233829792705,1,1,10.2642099857
600,0.000245784,0.000233579834457,1,1,10.250385046
601,0.000245501,0.000233332553762,1,1,10.2168750763
602,0.00024522,0.000233088081586,1,1,10.2349071503
603,0.000244944,0.000232846898143,1,1,10.2428150177
604,0.000244672,0.000232609367231,1,1,10.2255418301
605,0.000244405,0.000232375838095,1,1,10.2683010101
606,0.000244143,0.000232147052884,1,1,10.1620278358
607,0.000243888,0.000231923811953,1,1,10.1985280514
608,0.00024364,0.000231706551858,1,1,10.1924779415
609,0.000243401,0.000231496596825,1,1,10.196587801
610,0.00024317,0.000231294965488,1,1,10.2857542038
611,0.000242951,0.000231103083934,1,1,10.2371711731
612,0.000242744,0.000230922727496,1,1,10.2056338787
613,0.000242552,0.000230756093515,1,1,10.2422821522
614,0.000242377,0.00023060591775,1,1,10.1629061699
615,0.000242224,0.000230475226999,1,1,10.2600429058
616,0.000242095,0.000230368270422,1,1,10.2442138195
617,0.000241995,0.000230289369938,1,1,10.193680048
618,0.000241931,0.00023024516122,1,1,10.1575210094
619,0.000241908,0.000230242076213,1,1,10.2092289925
620,0.000241936,0.000230289413594,0,0,10.2170271873
621,0.000242025,0.000230397054111,0,0,10.2161650658
622,0.000242184,0.000230575824389,0,0,10.2423119545
623,0.000242427,0.000230837933486,0,0,10.2228858471
624,0.000242765,0.000231194790103,0,0,10.2382922173
625,0.000243208,0.000231658064877,0,0,10.2294239998
626,0.000243767,0.000232231468544,0,0,10.2781920433
627,0.000244438,0.000232910810155,0,0,10.2384932041
628,0.000245209,0.000233677012147,0,0,10.1564331055
629,0.000246051,0.000234490900766,0,0,10.2054791451
630,0.000246906,0.000235288447584,0,0,10.2337191105
631,0.000247696,0.00023598363623,0,0,10.2236230373
632,0.000248323,0.000236482257606,0,0,10.2286188602
633,0.000248694,0.000236699474044,0,0,10.2206099033
634,0.000248729,0.000236580352066,0,0,10.2630679607
635,0.000248397,0.000236119347392,0,0,10.1629619598
636,0.000247717,0.00023535983928,0,0,10.2647340298
637,0.000246755,0.000234384337091,0,0,10.1917130947
638,0.000245608,0.000233289494645,0,0,10.2332971096
639,0.000244378,0.000232165286434,0,0,10.2355659008
640,0.00024315,0.000231081852689,0,0,10.2096641064
641,0.000241989,0.000230083955103,0,1,10.2124869823
642,0.000240931,0.000229195546126,1,1,10.2610170841
643,0.000239997,0.000228425356909,1,1,10.2607438564
644,0.00023919,0.000227771364735,1,1,10.2955029011
645,0.000238508,0.000227228912991,1,1,10.2373020649
646,0.000237946,0.000226791424211,1,1,10.205051899
647,0.000237496,0.000226453543291,1,1,10.2178571224
648,0.000237154,0.000226210599067,1,1,10.2142350674
649,0.000236918,0.0002260634501,1,1,10.1939320564
650,0.000236788,0.000226014002692,1,1,10.1964318752
651,0.000236769,0.000226067830226,1,0,10.1965589523
652,0.000236867,0.000226231117267,0,0,10.1918289661
653,0.000237086,0.000226511590881,0,0,10.2206478119
654,0.000237435,0.0002269148099,0,0,10.2591648102
655,0.000237915,0.000227438780712,0,0,10.1957609653
656,0.000238517,0.000228070101002,0,0,10.2619431019
657,0.000239217,0.000228778124438,0,0,10.1946501732
658,0.000239968,0.000229504468734,0,0,10.2479741573
659,0.000240695,0.000230166697293,0,0,10.231773138
660,0.000241299,0.00023066047288,0,0,10.1549069881
661,0.000241668,0.000230880308663,0,0,10.2271811962
662,0.0002417,0.000230742385611,0,0,10.2374100685
663,0.000241328,0.000230211880989,0,0,10.2358858585
664,0.000240548,0.000229320197832,0,0,10.2391982079
665,0.000239418,0.000228148070164,0,0,10.1850669384
666,0.000238043,0.000226809861488,0,0,10.2172019482
667,0.000236543,0.000225417141337,1,1,10.2971668243
668,0.000235029,0.000224062387133,1,1,10.2008199692
669,0.000233583,0.000222805232625,1,1,10.191819191
670,0.000232254,0.000221676615183,1,1,10.1794891357
671,0.000231067,0.000220686662942,1,1,10.2478971481
672,0.000230025,0.000219829496928,1,1,10.1538951397
673,0.000229121,0.000219094275963,1,1,10.2644460201
674,0.000228341,0.000218465720536,1,1,10.190392971
675,0.000227672,0.000217931519728,1,1,10.2297928333
676,0.000227101,0.000217481487198,1,1,10.2255120277
677,0.000226623,0.00021710996225,1,1,10.1606199741
678,0.000226234,0.000216816246393,1,1,10.2494931221
679,0.000225937,0.000216607833863,1,1,10.2312071323
680,0.000225747,0.000216502099647,1,1,10.2656879425
681,0.000225692,0.000216536020162,1,0,10.2229158878
682,0.000225827,0.000216775937588,0,0,10.2273118496
683,0.000226246,0.000217341512325,0,0,10.271324873
684,0.000227119,0.000218443077756,0,0,10.1907730103
685,0.000228733,0.000220447269385,0,0,10.2572290897
686,0.000231567,0.000223941387958,0,0,10.2734599113
687,0.000236324,0.000229714700254,0,0,10.1994969845
688,0.000243753,0.000238336710026,0,0,10.2298908234
689,0.000253799,0.000248801836278,0,0,10.1943769455
690,0.000263901,0.000256794126472,0,0,10.1604039669
691,0.000268417,0.00025630617165,0,0,10.1933550835
692,0.00026307,0.000246454059379,0,0,10.2518479824
693,0.00025062,0.000233344748267,0,0,10.2516729832
694,0.000237831,0.000222797083552,0,0,10.1946427822
695,0.000228615,0.000216253014514,0,1,10.2368559837
696,0.000223122,0.000212756800465,1,1,10.1572549343
697,0.000220183,0.000211109902011,1,1,10.1619560719
698,0.000218753,0.000210521291592,1,1,10.217977047
699,0.000218209,0.000210579528357,1,0,10.2441289425
700,0.000218241,0.00021111566457,0,0,10.1548509598
701,0.00021874,0.000212107537664,0,0,10.2457740307
702,0.000219719,0.000213629595237,0,0,10.2188270092
703,0.000221275,0.000215822321479,0,0,10.2313969135
704,0.00022356,0.000218852626858,0,0,10.2236430645
705,0.000226723,0.000222833812586,0,0,10.1927940845
706,0.000230797,0.000227655720664,0,0,10.2392089367
707,0.000235499,0.000232755555771,0,0,10.2467589378
708,0.000240029,0.000236996362219,0,0,10.3117530346
709,0.000243121,0.000238984110183,0,0,10.2087159157
710,0.000243621,0.00023792211141,0,0,10.2527060509
711,0.000241298,0.000234257633565,0,0,10.3063900471
712,0.000237075,0.000229359109653,0,0,10.1790289879
713,0.000232332,0.000224563642405,0,0,10.1941111088
714,0.000228092,0.00022059600451,0,0,10.2476499081
715,0.000224763,0.00021760808886,0,0,10.2831339836
716,0.000222328,0.000215469641262,0,0,10.2317130566
717,0.000220608,0.00021397821547,0,0,10.2586810589
718,0.000219411,0.000212957893382,0,0,10.1796908379
719,0.000218589,0.000212278202525,0,0,10.1827089787
720,0.000218037,0.000211852820939,1,0,10.2530670166
721,0.000217689,0.000211626684177,1,0,10.2386939526
722,0.000217505,0.000211568214581,1,0,10.3134860992
723,0.000217464,0.00021165976068,1,0,10.2313320637
724,0.000217554,0.000211893653614,0,0,10.19845891
725,0.000217773,0.000212268278119,0,0,10.2583839893
726,0.000218121,0.000212782077142,0,0,10.2322449684
727,0.000218597,0.000213432722376,0,0,10.2863101959
728,0.000219198,0.000214210667764,0,0,10.2472598553
729,0.00021991,0.000215093954466,0,0,10.1963219643
730,0.000220708,0.000216042550164,0,0,10.2298560143
731,0.000221545,0.000216994812945,0,0,10.2145619392
732,0.000222355,0.000217871405766,0,0,10.1576340199
733,0.000223055,0.000218573957682,0,0,10.1940190792
734,0.000223554,0.000219013585593,0,0,10.2647030354
735,0.000223775,0.000219122041017,0,0,10.2744510174
736,0.000223673,0.000218877248699,0,0,10.1690428257
737,0.000223249,0.00021830687183,0,0,10.2371959686
738,0.000222546,0.000217475593672,0,0,10.2557651997
739,0.000221643,0.000216479747905,0,0,10.1913650036
740,0.000220632,0.000215415668208,0,0,10.2295138836
741,0.000219596,0.000214365281863,0,0,10.2378749847
742,0.000218605,0.000213391773286,0,0,10.2370510101
743,0.000217705,0.0002125291212,0,0,10.1600570679
744,0.00021692,0.000211799953831,1,0,10.2335841656
745,0.000216262,0.000211208884139,1,0,10.22564888
746,0.000215731,0.000210754325963,1,0,10.2384269238
747,0.000215325,0.000210432655877,1,1,10.2497031689
748,0.000215038,0.000210236627026,1,1,10.2591879368
749,0.000214861,0.000210157391848,1,1,10.2510380745
750,0.000214789,0.00021018719417,1,0,10.2337110043
751,0.000214811,0.000210314625292,0,0,10.2633919716
752,0.000214919,0.000210529367905,0,0,10.1584661007
753,0.000215101,0.000210814498132,0,0,10.1917572021
754,0.000215339,0.000211151273106,0,0,10.2257049084
755,0.000215615,0.0002115113748,0,0,10.1937000751
756,0.0002159,0.000211864709854,0,0,10.1961390972
757,0.000216164,0.000212175000343,0,0,10.225769043
758,0.000216374,0.000212407438084,0,0,10.2031238079
759,0.000216497,0.000212528204429,0,0,10.2213690281
760,0.000216506,0.000212513958104,0,0,10.2515361309
761,0.000216383,0.000212351893424,0,0,10.2284140587
762,0.000216124,0.00021204467339,0,0,10.1944220066
763,0.000215737,0.000211609149119,0,0,10.2833828926
764,0.000215243,0.000211074424442,0,0,10.2894289494
765,0.000214673,0.000210475947824,1,0,10.2013380527
766,0.000214061,0.000209850244573,1,1,10.2692229748
767,0.000213439,0.000209229852771,1,1,10.1953940392
768,0.000212836,0.000208642639336,1,1,10.3050529957
769,0.000212274,0.000208111421671,1,1,10.2206149101
770,0.000211771,0.000207649500226,1,1,10.1579959393
771,0.000211337,0.000207267323276,1,1,10.1801378727
772,0.000210979,0.000206970536965,1,1,10.2159440517
773,0.0002107,0.000206759636058,1,1,10.1903121471
774,0.000210499,0.000206634678761,1,1,10.2274689674
775,0.000210375,0.000206590062589,1,1,10.246984005
776,0.000210322,0.000206621669349,1,0,10.2131609917
777,0.000210336,0.000206718497793,0,0,10.2346150875
778,0.000210404,0.00020686967764,0,0,10.2732977867
779,0.000210515,0.000207057208172,0,0,10.2566850185
780,0.000210653,0.000207263292396,0,0,10.247385025
781,0.000210797,0.000207462944672,0,0,10.1899850368
782,0.000210927,0.000207633318496,0,0,10.1686608791
783,0.000211019,0.000207749108085,0,0,10.3150291443
784,0.00021105,0.000207787452382,0,0,10.2243919373
785,0.000211001,0.000207728138776,0,0,10.2490060329
786,0.000210858,0.000207564458833,0,0,10.1591999531
787,0.000210618,0.000207294637221,0,0,10.1560997963
788,0.000210285,0.000206929995329,1,0,10.2264790535
789,0.000209871,0.000206488475669,1,1,10.2004051208
790,0.000209399,0.000205995340366,1,1,10.2012209892
791,0.000208889,0.000205474701943,1,1,10.2326140404
792,0.000208366,0.000204951647902,1,1,10.2240610123
793,0.000207851,0.000204448471777,1,1,10.1698379517
794,0.000207364,0.000203986171982,1,1,10.1986291409
795,0.000206922,0.000203579227673,1,1,10.3082671165
796,0.000206535,0.000203236748348,1,1,10.3261730671
797,0.000206211,0.000202966984943,1,1,10.2275681496
798,0.000205955,0.000202773328056,1,1,10.2327959538
799,0.000205769,0.000202655923204,1,1,10.2522509098
800,0.000205652,0.000202612398425,1,1,10.2467918396
801,0.0002056,0.000202638984774,1,0,10.1904661655
802,0.000205609,0.000202727722353,0,0,10.2199280262
803,0.000205671,0.000202867289772,0,0,10.2257361412
804,0.000205774,0.000203042145586,0,0,10.2318029404
805,0.0002059,0.00020323220815,0,0,10.2346749306
806,0.000206032,0.000203416697332,0,0,10.274862051
807,0.000206148,0.000203568240977,0,0,10.266463995
808,0.000206224,0.000203665302251,0,0,10.2454769611
809,0.000206239,0.000203680683626,0,0,10.1557559967
810,0.000206173,0.000203602467082,0,0,10.1567139626
811,0.000206016,0.000203419433092,0,0,10.1882140636
812,0.000205761,0.000203131552553,0,0,10.1955468655
813,0.000205415,0.00020275064162,1,0,10.2156641483
814,0.000204992,0.000202295603231,1,1,10.2624399662
815,0.000204511,0.000201791248401,1,1,10.2665240765
816,0.000203997,0.000201262620976,1,1,10.2281219959
817,0.000203471,0.000200733629754,1,1,10.1597828865
818,0.000202958,0.000200231923372,1,1,10.2000629902
819,0.000202478,0.000199773450731,1,1,10.1925210953
820,0.000202046,0.000199376387172,1,1,10.1950371265
821,0.000201673,0.00019904828514,1,1,10.1598501205
822,0.000201368,0.000198798632482,1,1,10.1819581985
823,0.000201135,0.000198630441446,1,1,10.2270228863
824,0.000200978,0.000198546404135,1,1,10.23310709
825,0.000200897,0.000198543013539,1,1,10.1595170498
826,0.000200887,0.000198617301066,1,0,10.2175989151
827,0.000200945,0.000198761263164,0,0,10.2574779987
828,0.000201061,0.000198959125555,0,0,10.2217609882
829,0.00020122,0.000199195084861,0,0,10.155452013
830,0.000201405,0.000199446891202,0,0,10.196089983
831,0.000201592,0.000199685819098,0,0,10.1505818367
832,0.000201757,0.000199882910238,0,0,10.2276470661
833,0.00020187,0.000200006339583,0,0,10.1526648998
834,0.000201901,0.000200027294341,0,0,10.1938040257
835,0.000201832,0.000199928632355,0,0,10.1895000935
836,0.000201648,0.00019970095309,0,0,10.1943387985
837,0.000201346,0.000199347865419,0,0,10.2875471115
838,0.000200936,0.000198886104045,0,0,10.1723408699
839,0.000200438,0.000198342924705,1,1,10.2470200062
840,0.000199879,0.00019774842076,1,1,10.1929550171
841,0.000199289,0.000197137138457,1,1,10.1947948933
842,0.000198698,0.000196540015168,1,1,10.2029237747
843,0.000198133,0.000195984452148,1,1,10.2683429718
844,0.000197614,0.000195489919861,1,1,10.1571981907
845,0.00019716,0.000195072891074,1,1,10.1904850006
846,0.000196782,0.000194746229681,1,1,10.3024969101
847,0.00019649,0.000194517662749,1,1,10.16178298
848,0.000196287,0.000194390260731,1,1,10.223484993
849,0.000196178,0.000194365202333,1,1,10.1877889633
850,0.000196161,0.000194442312932,1,0,10.2319459915
851,0.000196233,0.000194615262444,0,0,10.225260973
852,0.00019639,0.000194874999579,0,0,10.1970729828
853,0.000196621,0.000195207510842,0,0,10.2627971172
854,0.000196908,0.000195586413611,0,0,10.1654949188
855,0.000197226,0.000195980959688,0,0,10.1952250004
856,0.000197542,0.000196351655177,0,0,10.1904549599
857,0.00019782,0.000196654713363,0,0,10.1577601433
858,0.000198015,0.000196843073354,0,0,10.1697678566
859,0.000198088,0.000196877357666,0,0,10.2813761234
860,0.000198007,0.000196731169126,0,0,10.2144801617
861,0.000197757,0.000196398890694,0,0,10.2640330791
862,0.00019734,0.000195895918296,0,0,10.2267849445
863,0.000196782,0.000195254920982,0,0,10.1964411736
864,0.000196117,0.000194521504454,1,0,10.1963989735
865,0.00019539,0.000193746425794,1,1,10.2673227787
866,0.000194646,0.000192974446691,1,1,10.1605501175
867,0.000193926,0.000192246370716,1,1,10.2312819958
868,0.00019326,0.000191593397176,1,1,10.2282550335
869,0.000192674,0.000191037470358,1,1,10.1626009941
870,0.000192183,0.000190593244042,1,1,10.2960078716
871,0.000191798,0.000190271341125,1,1,10.3267691135
872,0.000191526,0.000190076898434,1,1,10.2222530842
873,0.00019137,0.000190014907275,1,1,10.2305262089
874,0.000191335,0.000190088583622,1,0,10.1543118954
875,0.000191422,0.000190297549125,0,0,10.1941359043
876,0.00019163,0.000190638093045,0,0,10.157998085
877,0.000191955,0.000191099956282,0,0,10.2140579224
878,0.000192383,0.000191664134036,0,0,10.1904959679
879,0.000192894,0.000192299805349,0,0,10.1614449024
880,0.000193452,0.000192957508261,0,0,10.2510890961
881,0.000194005,0.000193571861018,0,0,10.2432289124
882,0.000194487,0.000194064370589,0,0,10.1899299622
883,0.000194825,0.000194359439774,0,0,10.1623458862
884,0.000194952,0.00019438896561,0,0,10.1613578796
885,0.000194819,0.000194120657397,0,0,10.2252972126
886,0.000194411,0.000193560583284,0,0,10.2045369148
887,0.000193752,0.000192755440366,0,0,10.1988840103
888,0.0001929,0.000191776256543,0,0,10.2222688198
889,0.000191928,0.000190709062736,0,0,10.2659430504
890,0.000190914,0.000189633967238,1,1,10.2152218819
891,0.000189926,0.000188617603271,1,1,10.1577348709
892,0.000189015,0.000187705751159,1,1,10.2320129871
893,0.000188215,0.000186928475159,1,1,10.2383949757
894,0.000187546,0.000186302393558,1,1,10.213752985
895,0.000187017,0.000185833487194,1,1,10.2267370224
896,0.000186632,0.000185528682778,1,1,10.2121770382
897,0.000186394,0.000185388606042,1,1,10.2955980301
898,0.000186305,0.00018542073667,1,0,10.1562800407
899,0.000186373,0.000185631855857,0,0,10.1594069004
900,0.000186604,0.000186028235476,0,0,10.1616859436
901,0.000187005,0.000186615914572,0,0,10.1554880142
902,0.000187579,0.000187391226063,0,0,10.1592638493
903,0.000188321,0.000188338235603,0,0,10.1900911331
904,0.000189207,0.00018941295275,0,0,10.1564240456
905,0.000190182,0.000190535371075,0,0,10.1554410458
906,0.000191159,0.000191590457689,0,0,10.1607179642
907,0.000192014,0.000192425373825,0,0,10.2415180206
908,0.0001926,0.000192887033336,0,0,10.1930761337
909,0.000192787,0.000192855266505,0,0,10.2439169884
910,0.000192497,0.000192293213331,0,0,10.1780378819
911,0.000191733,0.000191251892829,0,0,10.1532669067
912,0.000190581,0.000189860773389,0,0,10.1613528728
913,0.000189184,0.000188290796359,0,0,10.1561701298
914,0.0001877,0.000186699340702,0,0,10.161345005
915,0.00018626,0.000185208395123,1,1,10.1597371101
916,0.000184951,0.000183890049811,1,1,10.1590309143
917,0.000183823,0.000182780131581,1,1,10.2487921715
918,0.000182893,0.000181888914085,1,1,10.2287070751
919,0.000182158,0.000181209528819,1,1,10.2235929966
920,0.000181609,0.000180735092727,1,1,10.1961209774
921,0.00018124,0.000180459945113,1,1,10.1942658424
922,0.000181044,0.000180381306564,1,1,10.1539421082
923,0.000181025,0.000180510178325,1,0,10.2043130398
924,0.000181195,0.000180863877176,0,0,10.1981680393
925,0.000181575,0.000181465700734,0,0,10.2875151634
926,0.00018219,0.000182346600923,0,0,10.2504251003
927,0.000183073,0.000183534721145,0,0,10.2584381104
928,0.000184244,0.000185034339665,0,0,10.2170917988
929,0.000185696,0.000186810342711,0,0,10.1876840591
930,0.000187369,0.000188747188076,0,0,10.2127070427
931,0.000189115,0.000190627019037,0,0,10.2624201775
932,0.000190686,0.00019213615451,0,0,10.2479529381
933,0.000191768,0.000192927444004,0,0,10.1561899185
934,0.000192063,0.000192748586414,0,0,10.1566770077
935,0.000191423,0.000191564962734,0,0,10.1621589661
936,0.000189928,0.000189585742191,0,0,10.1566491127
937,0.000187854,0.000187170298886,0,0,10.1571748257
938,0.000185551,0.000184679447557,0,0,10.1584341526
939,0.000183319,0.000182379619218,0,0,10.158424139
940,0.000181344,0.000180404997081,0,0,10.1586251259
941,0.0001797,0.000178795031388,1,1,10.2241461277
942,0.000178389,0.000177532041562,1,1,10.2229609489
943,0.000177378,0.000176574190846,1,1,10.1742379665
944,0.000176622,0.000175878099981,1,1,10.193985939
945,0.000176081,0.000175409804797,1,1,10.1836149693
946,0.000175727,0.000175147724804,1,1,10.2543959618
947,0.000175548,0.000175087348907,1,1,10.3293399811
948,0.000175544,0.000175238732481,1,0,10.2146530151
949,0.000175734,0.000175630164449,0,0,10.1959729195
950,0.000176152,0.000176310670213,0,0,10.219408989
951,0.000176856,0.000177352354513,0,0,10.2776730061
952,0.000177924,0.000178843110916,0,0,10.2191009521
953,0.000179446,0.000180873772479,0,0,10.1971740723
954,0.000181501,0.000183497468242,0,0,10.1580440998
955,0.000184105,0.000186650970136,0,0,10.2686638832
956,0.000187118,0.000190044069313,0,0,10.1571629047
957,0.00019014,0.000193079162273,0,0,10.2264969349
958,0.000192492,0.000194935084437,0,0,10.1566679478
959,0.000193413,0.000194908410776,0,0,10.3209929466
960,0.000192459,0.000192866689758,0,0,10.2500572205
961,0.000189826,0.000189365586266,0,0,10.2633268833
962,0.000186235,0.000185305878404,0,0,10.2436230183
963,0.000182515,0.000181455528946,0,0,10.2266528606
964,0.000179228,0.000178224319825,0,0,10.1947209835
965,0.000176598,0.000175706023583,0,0,10.2323999405
966,0.000174612,0.000173823675141,1,1,10.2753250599
967,0.000173159,0.000172449450474,1,1,10.2665388584
968,0.000172111,0.000171459163539,1,1,10.2117938995
969,0.00017136,0.000170757557498,1,1,10.3013389111
970,0.00017083,0.000170279687154,1,1,10.2025949955
971,0.000170471,0.000169984792592,1,1,10.2350769043
972,0.000170254,0.000169854538399,1,1,10.2325079441
973,0.000170172,0.000169891180121,1,0,10.2292048931
974,0.000170236,0.000170118189999,0,0,10.1557838917
975,0.000170476,0.000170581741259,0,0,10.2452118397
976,0.00017095,0.000171363411937,0,0,10.1557719707
977,0.000171753,0.00017258549633,0,0,10.2297608852
978,0.000173024,0.000174422733835,0,0,10.1912629604
979,0.000174954,0.000177096764673,0,0,10.2139511108
980,0.000177767,0.000180824325071,0,0,10.2572581768
981,0.000181634,0.000185668744962,0,0,10.2461130619
982,0.000186465,0.000191245082533,0,0,10.2270350456
983,0.000191581,0.000196386943571,0,0,10.2881999016
984,0.000195539,0.000199258851353,0,0,10.2447140217
985,0.000196626,0.000198369889404,0,0,10.1901240349
986,0.000194086,0.000193880288862,0,0,10.3251180649
987,0.000188873,0.000187553610886,0,0,10.2514472008
988,0.000182888,0.000181349081686,0,0,10.1951360703
989,0.000177629,0.000176333793206,0,0,10.1557359695
990,0.000173658,0.00017269118689,0,0,10.2646310329
991,0.000170899,0.000170183149748,0,0,10.2287659645
992,0.00016905,0.000168485334143,1,1,10.2617340088
993,0.000167817,0.000167334859725,1,1,10.223913908
994,0.000166986,0.0001665475138,1,1,10.2440619469
995,0.000166413,0.000166005251231,1,1,10.2401871681
996,0.000166013,0.000165637320606,1,1,10.2353451252
997,0.000165736,0.000165403398569,1,1,10.2868111134
998,0.000165555,0.000165285135154,1,1,10.1935050488
999,0.000165462,0.000165282777743,1,1,10.2278931141
